shell0_X0_Y0_Z0_mono0_fix1/shell1_X0_Y-1_Z-1_mono0_fix1/shell1_X0_Y0_Z-1_mono0_fix1//test20tig_AVDZ// DONE 8.21547938783387 6.052387884674759 5.834800797021388 20.102668069530015 6 0.00075352 0.00002172 0.00002275 -0.00000002 0.00073079 0.00074527 0.00073690
shell0_X0_Y0_Z0_mono0_fix1/shell1_X0_Y0_Z-1_mono0_fix1/shell1_X0_Y1_Z-1_mono0_fix1//test20tig_AVDZ// DONE 6.052387884674759 8.30173601819067 5.834800797021388 20.188924699886815 6 -0.00007986 -0.00005284 -0.00005298 -0.00000003 -0.00002685 -0.00002459 -0.00002590
shell0_X0_Y0_Z0_mono0_fix1/shell1_X1_Y0_Z0_mono1_fix1/shell1_X1_Y1_Z0_mono1_fix1//test20tig_AVDZ// DONE 7.687882795249494 7.687883006758034 5.83480027387607 21.210566075883598 2 0.00030517 0.00000060 -0.00000072 -0.00000001 0.00030591 0.00030617 0.00030602
shell0_X0_Y0_Z0_mono0_fix1/shell1_X1_Y1_Z0_mono1_fix1/shell1_X0_Y1_Z0_mono0_fix1//test20tig_AVDZ// DONE 7.687883006758034 5.834800797021388 7.687882795249494 21.210566599028915 4 0.00030513 0.00000060 -0.00000072 -0.00000002 0.00030587 0.00030648 0.00030612
shell0_X0_Y0_Z0_mono0_fix1/shell1_X1_Y0_Z-1_mono1_fix1/shell1_X1_Y1_Z-1_mono1_fix1//test20tig_AVDZ// DONE 7.741652423640553 7.7416525542166985 5.83480027387607 21.31810525173332 2 0.00027101 0.00003732 0.00003697 -0.00000001 0.00023405 0.00022596 0.00023064
shell0_X0_Y0_Z0_mono0_fix1/shell1_X1_Y1_Z-1_mono1_fix1/shell1_X0_Y1_Z0_mono0_fix1//test20tig_AVDZ// DONE 7.7416525542166985 5.834800797021388 7.741652423640553 21.31810577487864 4 0.00027042 0.00003732 0.00003692 -0.00000001 0.00023352 0.00022587 0.00023029
shell0_X0_Y0_Z0_mono0_fix1/shell1_X0_Y0_Z1_mono0_fix1/shell1_X1_Y0_Z0_mono1_fix1//test20tig_AVDZ// DONE 6.052387884674758 7.687882795249494 7.741652423640553 21.481923103564803 4 0.00027810 0.00002764 0.00002759 -0.00000001 0.00025052 0.00026302 0.00025579
shell0_X0_Y0_Z0_mono0_fix1/shell1_X1_Y0_Z-1_mono1_fix1/shell1_X1_Y0_Z0_mono1_fix1//test20tig_AVDZ// DONE 7.741652423640553 7.687882795249494 6.052388083568135 21.48192330245818 2 0.00020279 -0.00001773 -0.00001849 -0.00000001 0.00022130 0.00021124 0.00021705
shell0_X0_Y0_Z0_mono0_fix1/shell1_X0_Y0_Z-1_mono0_fix1/shell1_X1_Y1_Z-1_mono1_fix1//test20tig_AVDZ// DONE 6.052387884674759 7.7416525542166985 7.687883006758034 21.481923445649493 4 0.00020269 -0.00001774 -0.00001850 -0.00000001 0.00022121 0.00021128 0.00021702
shell0_X0_Y0_Z0_mono0_fix1/shell1_X1_Y1_Z-1_mono1_fix1/shell1_X1_Y1_Z0_mono1_fix1//test20tig_AVDZ// DONE 7.7416525542166985 7.687883006758034 6.052388083568135 21.481923644542867 2 0.00027814 0.00002765 0.00002759 -0.00000001 0.00025056 0.00026304 0.00025583
shell0_X0_Y0_Z0_mono0_fix1/shell1_X-1_Y-1_Z-1_mono0_fix1/shell1_X-1_Y0_Z-1_mono0_fix1//test20tig_AVDZ// DONE 9.220399005428119 7.357945972453686 5.834800797021388 22.413145774903192 6 0.00022819 -0.00000652 -0.00000657 -0.00000001 0.00023477 0.00022602 0.00023108
shell0_X0_Y0_Z0_mono0_fix1/shell1_X-1_Y-1_Z-1_mono0_fix1/shell1_X-1_Y-1_Z0_mono0_fix1//test20tig_AVDZ// DONE 9.220399005428119 7.206164883641014 6.052387884674758 22.47895177374389 6 0.00020503 -0.00000264 -0.00000281 -0.00000001 0.00020785 0.00021902 0.00021256
shell0_X0_Y0_Z0_mono0_fix1/shell1_X-1_Y0_Z-1_mono0_fix1/shell1_X-1_Y1_Z-1_mono0_fix1//test20tig_AVDZ// DONE 7.357945972453686 9.295639787140068 5.834800797021388 22.48838655661514 6 0.00006119 0.00004145 0.00004117 -0.00000001 0.00002003 0.00003653 0.00002699
shell0_X0_Y0_Z0_mono0_fix1/shell1_X1_Y-1_Z-1_mono0_fix1/shell1_X1_Y0_Z-1_mono0_fix1//test20tig_AVDZ// DONE 9.287303895161147 7.4326969331133075 5.834800797021388 22.55480162529584 6 0.00017225 -0.00000829 -0.00000990 -0.00000002 0.00018217 0.00018788 0.00018458
shell0_X0_Y0_Z0_mono0_fix1/shell1_X1_Y-1_Z-1_mono0_fix1/shell1_X1_Y-1_Z0_mono0_fix1//test20tig_AVDZ// DONE 9.287303895161147 7.234555636358268 6.052387884674758 22.574247416194172 6 0.00016877 -0.00000087 -0.00000107 -0.00000001 0.00016985 0.00017525 0.00017213
shell0_X0_Y0_Z0_mono0_fix1/shell1_X-1_Y1_Z-1_mono0_fix1/shell1_X0_Y0_Z-1_mono0_fix1//test20tig_AVDZ// DONE 9.295639787140068 6.052387884674759 7.234555636358268 22.582583308173092 6 0.00005341 -0.00000001 0.00000024 -0.00000001 0.00005318 0.00006236 0.00005705
shell0_X0_Y0_Z0_mono0_fix1/shell1_X0_Y0_Z-1_mono0_fix1/shell1_X1_Y1_Z-1_mono0_fix1//test20tig_AVDZ// DONE 6.052387884674759 9.333735909753628 7.206164883641014 22.5922886780694 6 0.00005275 0.00003046 0.00003136 -0.00000001 0.00002141 0.00002991 0.00002500
shell0_X0_Y0_Z0_mono0_fix1/shell1_X1_Y0_Z-1_mono0_fix1/shell1_X1_Y1_Z-1_mono0_fix1//test20tig_AVDZ// DONE 7.4326969331133075 9.333735909753628 5.834800797021388 22.60123363988832 6 0.00006863 0.00000174 0.00000292 -0.00000001 0.00006572 0.00006010 0.00006335
shell0_X0_Y0_Z0_mono0_fix1/shell1_X-1_Y0_Z-1_mono0_fix1/shell1_X0_Y-1_Z-1_mono0_fix1//test20tig_AVDZ// DONE 7.357945972453686 8.21547938783387 7.234555636358268 22.807980996645824 6 0.00021943 0.00003514 0.00003516 -0.00000002 0.00018428 0.00017082 0.00017860
shell0_X0_Y0_Z0_mono0_fix1/shell1_X0_Y-1_Z-1_mono0_fix1/shell1_X1_Y0_Z-1_mono0_fix1//test20tig_AVDZ// DONE 8.21547938783387 7.4326969331133075 7.206164883641014 22.85434120458819 6 0.00023477 0.00003895 0.00003844 -0.00000001 0.00019635 0.00016638 0.00018370
shell0_X0_Y0_Z0_mono0_fix1/shell1_X-1_Y0_Z-1_mono0_fix1/shell1_X0_Y1_Z-1_mono0_fix1//test20tig_AVDZ// DONE 7.357945972453686 8.30173601819067 7.206164883641014 22.86584687428537 6 0.00012928 0.00000296 0.00000180 -0.00000002 0.00012750 0.00013053 0.00012878
shell0_X0_Y0_Z0_mono0_fix1/shell1_X0_Y1_Z-1_mono0_fix1/shell1_X1_Y0_Z-1_mono0_fix1//test20tig_AVDZ// DONE 8.30173601819067 7.4326969331133075 7.234555636358268 22.968988587662245 6 0.00011269 -0.00001302 -0.00001330 -0.00000002 0.00012600 0.00011804 0.00012264
shell0_X0_Y0_Z0_mono0_fix1/shell1_X0_Y1_Z0_mono0_fix1/shell2_X0_Y2_Z0_mono0_fix1//test20tig_AVDZ// DONE 5.834800797021388 11.351447454150398 5.834800797021388 23.021049048193174 3 -0.00041511 0.00006835 0.00006858 -0.00000001 -0.00048368 -0.00045368 -0.00047102
shell0_X0_Y0_Z0_mono0_fix1/shell1_X-1_Y-1_Z0_mono0_fix1/shell1_X1_Y-1_Z0_mono0_fix1//test20tig_AVDZ// DONE 7.206164883641014 7.234555636358268 8.63133829007425 23.072058810073532 6 0.00011765 -0.00000641 -0.00000680 -0.00000001 0.00012446 0.00011690 0.00012127
shell0_X0_Y0_Z0_mono0_fix1/shell1_X-1_Y0_Z-1_mono0_fix1/shell1_X1_Y0_Z-1_mono0_fix1//test20tig_AVDZ// DONE 7.357945972453686 7.4326969331133075 8.63133829007425 23.421981195641244 6 0.00008764 -0.00000643 -0.00000696 -0.00000001 0.00009461 0.00010261 0.00009799
shell0_X0_Y0_Z0_mono0_fix1/shell1_X1_Y1_Z-1_mono1_fix1/shell1_X1_Y0_Z0_mono1_fix1//test20tig_AVDZ// DONE 7.7416525542166985 7.687882795249494 8.215479171456103 23.645014520922295 2 0.00015017 0.00001881 0.00001962 -0.00000001 0.00013057 0.00012776 0.00012939
shell0_X0_Y0_Z0_mono0_fix1/shell1_X0_Y-1_Z-1_mono0_fix1/shell1_X1_Y0_Z-1_mono1_fix1//test20tig_AVDZ// DONE 8.21547938783387 7.741652423640553 7.687883006758034 23.645014818232458 4 0.00015047 0.00001881 0.00001963 -0.00000001 0.00013085 0.00012772 0.00012953
shell0_X0_Y0_Z0_mono0_fix1/shell1_X0_Y1_Z-1_mono0_fix1/shell1_X1_Y1_Z-1_mono1_fix1//test20tig_AVDZ// DONE 8.30173601819067 7.7416525542166985 7.687882795249494 23.731271367656863 4 0.00006412 -0.00000813 -0.00000728 -0.00000002 0.00007142 0.00007609 0.00007339
shell0_X0_Y0_Z0_mono0_fix1/shell1_X1_Y0_Z-1_mono1_fix1/shell1_X1_Y1_Z0_mono1_fix1//test20tig_AVDZ// DONE 7.741652423640553 7.687883006758034 8.301736003054813 23.7312714334534 2 0.00006293 -0.00000813 -0.00000725 -0.00000002 0.00007020 0.00007608 0.00007268
shell0_X0_Y0_Z0_mono0_fix1/shell1_X0_Y0_Z-1_mono0_fix1/shell1_X0_Y0_Z1_mono0_fix1//test20tig_AVDZ// DONE 6.052387884674759 6.052387884674758 11.793340778908906 23.89811654825842 3 -0.00026079 0.00004032 0.00003930 -0.00000001 -0.00030008 -0.00028614 -0.00029420
shell0_X0_Y0_Z0_mono0_fix1/shell1_X1_Y1_Z0_mono1_fix1/shell2_X0_Y2_Z0_mono1_fix1//test20tig_AVDZ// DONE 7.687883006758034 9.298074429663075 7.2061641805828875 24.192121617004 2 0.00009086 -0.00001075 -0.00001094 -0.00000001 0.00010180 0.00010708 0.00010403
shell0_X0_Y0_Z0_mono0_fix1/shell1_X-1_Y-1_Z0_mono0_fix1/shell1_X0_Y-1_Z0_mono1_fix1//test20tig_AVDZ// DONE 7.206164883641014 9.29807416463103 7.687882795249494 24.192121843521537 4 0.00009396 -0.00001075 -0.00001091 -0.00000001 0.00010488 0.00010708 0.00010581
shell0_X0_Y0_Z0_mono0_fix1/shell1_X1_Y0_Z0_mono1_fix1/shell1_X0_Y-1_Z0_mono1_fix1//test20tig_AVDZ// DONE 7.687882795249494 9.29807416463103 7.23455534818809 24.220512308068614 2 0.00006646 0.00000470 0.00000522 -0.00000001 0.00006125 0.00007371 0.00006650
shell0_X0_Y0_Z0_mono0_fix1/shell1_X-1_Y1_Z0_mono0_fix1/shell2_X0_Y2_Z0_mono1_fix1//test20tig_AVDZ// DONE 7.234555636358268 9.298074429663075 7.687883006758034 24.220513072779376 4 0.00006848 0.00000470 0.00000524 -0.00000001 0.00006325 0.00007375 0.00006768
shell0_X0_Y0_Z0_mono0_fix1/shell1_X1_Y1_Z-1_mono1_fix1/shell2_X0_Y2_Z-1_mono1_fix1//test20tig_AVDZ// DONE 7.7416525542166985 9.311076021291033 7.2061641805828875 24.25889275609062 2 0.00007457 0.00000351 0.00000216 -0.00000001 0.00007242 0.00007950 0.00007541
shell0_X0_Y0_Z0_mono0_fix1/shell1_X0_Y-1_Z-1_mono1_fix1/shell1_X-1_Y-1_Z0_mono0_fix1//test20tig_AVDZ// DONE 9.311075872665427 7.206164883641014 7.741652423640553 24.258893179946995 4 0.00007444 0.00000351 0.00000215 -0.00000001 0.00007230 0.00007949 0.00007534
shell0_X0_Y0_Z0_mono0_fix1/shell1_X0_Y-1_Z-1_mono1_fix1/shell1_X1_Y0_Z-1_mono1_fix1//test20tig_AVDZ// DONE 9.311075872665427 7.741652423640553 7.23455534818809 24.287283644494067 2 0.00008186 0.00000348 0.00000367 -0.00000001 0.00007820 0.00008327 0.00008034
shell0_X0_Y0_Z0_mono0_fix1/shell1_X1_Y1_Z-1_mono1_fix1/shell1_X1_Y-1_Z0_mono0_fix1//test20tig_AVDZ// DONE 7.7416525542166985 7.234555636358268 9.311076021291033 24.287284211865998 4 0.00007999 0.00000348 0.00000366 -0.00000001 0.00007634 0.00008326 0.00007926
shell0_X0_Y0_Z0_mono0_fix1/shell1_X1_Y-1_Z0_mono1_fix1/shell1_X1_Y0_Z0_mono1_fix1//test20tig_AVDZ// DONE 11.052017778653015 7.687882795249494 5.83480027387607 24.57470084777858 2 0.00001617 0.00001672 0.00001637 -0.00000001 -0.00000019 0.00000561 0.00000226
shell0_X0_Y0_Z0_mono0_fix1/shell1_X1_Y1_Z0_mono1_fix1/shell2_X1_Y2_Z0_mono1_fix1//test20tig_AVDZ// DONE 7.687883006758034 11.052018052102294 5.83480027387607 24.5747013327364 2 -0.00000995 -0.00000902 -0.00000900 -0.00000001 -0.00000094 0.00000165 0.00000015
shell0_X0_Y0_Z0_mono0_fix1/shell1_X1_Y-1_Z0_mono1_fix1/shell1_X0_Y-1_Z0_mono0_fix1//test20tig_AVDZ// DONE 11.052017778653015 5.83480079702139 7.687882795249494 24.574701370923897 4 -0.00000999 -0.00000903 -0.00000899 -0.00000001 -0.00000100 0.00000163 0.00000011
shell0_X0_Y0_Z0_mono0_fix1/shell1_X0_Y1_Z0_mono0_fix1/shell2_X1_Y2_Z0_mono1_fix1//test20tig_AVDZ// DONE 5.834800797021388 11.052018052102294 7.687883006758034 24.574701855881717 4 0.00001913 0.00001672 0.00001638 -0.00000001 0.00000276 0.00000149 0.00000223
shell0_X0_Y0_Z0_mono0_fix1/shell1_X1_Y-1_Z-1_mono1_fix1/shell1_X1_Y0_Z-1_mono1_fix1//test20tig_AVDZ// DONE 11.082269652642847 7.741652423640553 5.83480027387607 24.65872235015947 2 0.00001074 -0.00000872 -0.00000918 -0.00000001 0.00001993 0.00001580 0.00001819
shell0_X0_Y0_Z0_mono0_fix1/shell1_X1_Y1_Z-1_mono1_fix1/shell2_X1_Y2_Z-1_mono1_fix1//test20tig_AVDZ// DONE 7.7416525542166985 11.08226985161873 5.83480027387607 24.6587226797115 2 0.00001526 -0.00000756 -0.00000707 -0.00000001 0.00002234 0.00002168 0.00002206
shell0_X0_Y0_Z0_mono0_fix1/shell1_X1_Y-1_Z-1_mono1_fix1/shell1_X0_Y-1_Z0_mono0_fix1//test20tig_AVDZ// DONE 11.082269652642847 5.83480079702139 7.741652423640553 24.65872287330479 4 0.00001541 -0.00000757 -0.00000708 -0.00000001 0.00002250 0.00002173 0.00002217
shell0_X0_Y0_Z0_mono0_fix1/shell1_X0_Y1_Z0_mono0_fix1/shell2_X1_Y2_Z-1_mono1_fix1//test20tig_AVDZ// DONE 5.834800797021388 11.08226985161873 7.7416525542166985 24.658723202856816 4 0.00001085 -0.00000871 -0.00000920 -0.00000001 0.00002006 0.00001581 0.00001827
shell0_X0_Y0_Z0_mono0_fix1/shell1_X0_Y-1_Z-1_mono1_fix1/shell1_X0_Y0_Z-1_mono0_fix1//test20tig_AVDZ// DONE 9.311075872665427 6.052387884674759 9.298074164631034 24.661537921971217 4 0.00006706 -0.00000897 -0.00001026 -0.00000001 0.00007733 0.00007588 0.00007672
shell0_X0_Y0_Z0_mono0_fix1/shell1_X0_Y-1_Z-1_mono1_fix1/shell1_X0_Y-1_Z0_mono1_fix1//test20tig_AVDZ// DONE 9.311075872665427 9.29807416463103 6.052388083568135 24.661538120864595 2 0.00005685 -0.00001846 -0.00001978 -0.00000001 0.00007664 0.00007234 0.00007483
shell0_X0_Y0_Z0_mono0_fix1/shell1_X0_Y0_Z-1_mono0_fix1/shell2_X0_Y2_Z-1_mono1_fix1//test20tig_AVDZ// DONE 6.052387884674759 9.311076021291033 9.298074429663075 24.661538335628865 4 0.00005701 -0.00001845 -0.00001978 -0.00000001 0.00007680 0.00007227 0.00007489
shell0_X0_Y0_Z0_mono0_fix1/shell2_X0_Y2_Z-1_mono1_fix1/shell2_X0_Y2_Z0_mono1_fix1//test20tig_AVDZ// DONE 9.311076021291033 9.298074429663075 6.052388083568135 24.661538534522244 2 0.00006704 -0.00000896 -0.00001029 -0.00000001 0.00007733 0.00007587 0.00007672
shell0_X0_Y0_Z0_mono0_fix1/shell1_X0_Y0_Z1_mono1_fix1/shell1_X1_Y0_Z0_mono1_fix1//test20tig_AVDZ// DONE 9.557279214796873 7.687882795249494 7.4326967908791595 24.677858800925527 2 0.00007981 0.00000716 0.00000619 -0.00000001 0.00007363 0.00006361 0.00006940
shell0_X0_Y0_Z0_mono0_fix1/shell1_X-1_Y0_Z1_mono0_fix1/shell1_X0_Y0_Z1_mono1_fix1//test20tig_AVDZ// DONE 7.4326969331133075 9.557279214796873 7.687882795249494 24.677858943159674 4 0.00007993 0.00000693 0.00000509 -0.00000001 0.00007485 0.00007272 0.00007395
shell0_X0_Y0_Z0_mono0_fix1/shell1_X0_Y1_Z1_mono1_fix1/shell1_X1_Y1_Z0_mono1_fix1//test20tig_AVDZ// DONE 9.557279331757533 7.687883006758034 7.4326967908791595 24.677859129394726 2 0.00008000 0.00000693 0.00000509 -0.00000001 0.00007492 0.00007270 0.00007399
shell0_X0_Y0_Z0_mono0_fix1/shell1_X1_Y0_Z-1_mono0_fix1/shell1_X1_Y1_Z0_mono1_fix1//test20tig_AVDZ// DONE 7.4326969331133075 7.687883006758034 9.557279331757533 24.677859271628876 4 0.00007965 0.00000716 0.00000615 -0.00000001 0.00007352 0.00006362 0.00006934
shell0_X0_Y0_Z0_mono0_fix1/shell1_X1_Y0_Z-1_mono1_fix1/shell2_X0_Y0_Z-2_mono1_fix1//test20tig_AVDZ// DONE 7.741652423640553 9.594444158397373 7.3579458897229895 24.694042471760916 2 0.00006770 -0.00000159 -0.00000228 -0.00000001 0.00006999 0.00007650 0.00007274
shell0_X0_Y0_Z0_mono0_fix1/shell1_X-1_Y0_Z-1_mono0_fix1/shell2_X0_Y0_Z-2_mono1_fix1//test20tig_AVDZ// DONE 7.357945972453686 9.594444158397373 7.741652423640553 24.69404255449161 4 0.00005278 0.00000575 0.00000444 -0.00000001 0.00004835 0.00006282 0.00005445
shell0_X0_Y0_Z0_mono0_fix1/shell1_X1_Y1_Z-1_mono1_fix1/shell2_X0_Y1_Z-2_mono1_fix1//test20tig_AVDZ// DONE 7.7416525542166985 9.594444174651146 7.3579458897229895 24.694042618590835 2 0.00005264 0.00000575 0.00000445 -0.00000001 0.00004820 0.00006281 0.00005437
shell0_X0_Y0_Z0_mono0_fix1/shell1_X-1_Y0_Z-1_mono0_fix1/shell2_X0_Y1_Z-2_mono1_fix1//test20tig_AVDZ// DONE 7.357945972453686 9.594444174651146 7.7416525542166985 24.694042701321532 4 0.00006687 -0.00000159 -0.00000231 -0.00000001 0.00006919 0.00007650 0.00007227
shell0_X0_Y0_Z0_mono0_fix1/shell1_X0_Y1_Z0_mono0_fix1/shell2_X-2_Y0_Z0_mono0_fix1//test20tig_AVDZ// DONE 5.834800797021388 8.63133829007425 10.281259045415679 24.747398132511314 6 0.00008014 0.00001203 0.00001269 -0.00000000 0.00006746 0.00005977 0.00006422
shell0_X0_Y0_Z0_mono0_fix1/shell1_X0_Y1_Z0_mono0_fix1/shell2_X2_Y0_Z0_mono0_fix1//test20tig_AVDZ// DONE 5.834800797021388 8.63133829007425 10.301594281051562 24.767733368147198 6 0.00003341 -0.00001091 -0.00001033 -0.00000001 0.00004375 0.00005001 0.00004639
shell0_X0_Y0_Z0_mono0_fix1/shell1_X0_Y0_Z1_mono1_fix1/shell1_X0_Y1_Z1_mono1_fix1//test20tig_AVDZ// DONE 9.557279214796873 9.557279331757533 5.83480027387607 24.949358820430476 2 0.00001668 -0.00002226 -0.00002284 -0.00000001 0.00003953 0.00006986 0.00005232
shell0_X0_Y0_Z0_mono0_fix1/shell1_X0_Y0_Z1_mono1_fix1/shell1_X0_Y-1_Z0_mono0_fix1//test20tig_AVDZ// DONE 9.557279214796873 5.83480079702139 9.557279331757535 24.949359343575797 4 0.00005174 -0.00002226 -0.00002284 -0.00000001 0.00007459 0.00006996 0.00007264
shell0_X0_Y0_Z0_mono0_fix1/shell1_X0_Y0_Z-1_mono0_fix1/shell1_X1_Y0_Z0_mono1_fix1//test20tig_AVDZ// DONE 6.052387884674759 7.687882795249494 11.251269307167787 24.99153998709204 4 -0.00000612 -0.00001319 -0.00001367 -0.00000001 0.00000755 0.00000792 0.00000771
shell0_X0_Y0_Z0_mono0_fix1/shell1_X1_Y0_Z1_mono1_fix1/shell1_X1_Y0_Z0_mono1_fix1//test20tig_AVDZ// DONE 11.251269307167787 7.687882795249494 6.052388083568137 24.991540185985418 2 0.00001848 0.00001054 0.00001017 -0.00000001 0.00000832 0.00001772 0.00001229
shell0_X0_Y0_Z0_mono0_fix1/shell1_X0_Y0_Z-1_mono0_fix1/shell1_X1_Y1_Z0_mono1_fix1//test20tig_AVDZ// DONE 6.052387884674759 7.687883006758034 11.25126941695398 24.991540308386774 4 0.00001999 0.00001054 0.00001016 -0.00000001 0.00000985 0.00001771 0.00001316
shell0_X0_Y0_Z0_mono0_fix1/shell1_X1_Y1_Z1_mono1_fix1/shell1_X1_Y1_Z0_mono1_fix1//test20tig_AVDZ// DONE 11.25126941695398 7.687883006758034 6.052388083568137 24.99154050728015 2 -0.00000611 -0.00001319 -0.00001367 -0.00000001 0.00000757 0.00000794 0.00000773
shell0_X0_Y0_Z0_mono0_fix1/shell1_X-1_Y0_Z1_mono1_fix1/shell1_X-1_Y1_Z1_mono1_fix1//test20tig_AVDZ// DONE 9.594443387322988 9.594443452897366 5.83480027387607 25.023687114096425 2 0.00006532 -0.00000679 -0.00000687 -0.00000001 0.00007220 0.00006047 0.00006725
shell0_X0_Y0_Z0_mono0_fix1/shell1_X-1_Y0_Z1_mono1_fix1/shell1_X0_Y-1_Z0_mono0_fix1//test20tig_AVDZ// DONE 9.594443387322988 5.83480079702139 9.594443452897366 25.023687637241743 4 0.00006532 -0.00000679 -0.00000687 -0.00000001 0.00007220 0.00006050 0.00006727
shell0_X0_Y0_Z0_mono0_fix1/shell1_X0_Y0_Z-1_mono0_fix1/shell2_X2_Y0_Z0_mono0_fix1//test20tig_AVDZ// DONE 6.052387884674759 8.63133829007425 10.370397658874877 25.054123833623883 6 0.00006458 0.00000891 0.00000957 -0.00000001 0.00005502 0.00004774 0.00005195
shell0_X0_Y0_Z0_mono0_fix1/shell1_X1_Y0_Z-1_mono1_fix1/shell1_X0_Y0_Z1_mono0_fix1//test20tig_AVDZ// DONE 7.741652423640553 6.052387884674758 11.339343574138505 25.133383882453813 4 0.00002078 0.00000009 0.00000046 -0.00000001 0.00002033 -0.00000668 0.00000894
shell0_X0_Y0_Z0_mono0_fix1/shell1_X0_Y0_Z-1_mono0_fix1/shell2_X1_Y1_Z-2_mono1_fix1//test20tig_AVDZ// DONE 6.052387884674759 11.33934361654418 7.7416525542166985 25.133384055435638 4 -0.00000655 -0.00000210 -0.00000208 -0.00000001 -0.00000447 -0.00000080 -0.00000292
shell0_X0_Y0_Z0_mono0_fix1/shell1_X1_Y0_Z-1_mono1_fix1/shell2_X1_Y0_Z-2_mono1_fix1//test20tig_AVDZ// DONE 7.741652423640553 11.339343574138505 6.052388083568137 25.133384081347195 2 -0.00000645 -0.00000210 -0.00000204 -0.00000001 -0.00000440 -0.00000079 -0.00000287
shell0_X0_Y0_Z0_mono0_fix1/shell1_X1_Y1_Z-1_mono1_fix1/shell2_X1_Y1_Z-2_mono1_fix1//test20tig_AVDZ// DONE 7.7416525542166985 11.33934361654418 6.052388083568137 25.133384254329016 2 0.00002073 0.00000009 0.00000047 -0.00000001 0.00002027 -0.00000666 0.00000891
shell0_X0_Y0_Z0_mono0_fix1/shell1_X0_Y0_Z-1_mono0_fix1/shell2_X-2_Y0_Z0_mono0_fix1//test20tig_AVDZ// DONE 6.052387884674759 8.63133829007425 10.458272455392859 25.141998630141867 6 0.00002453 -0.00000991 -0.00001005 -0.00000001 0.00003460 0.00004010 0.00003692
shell0_X0_Y0_Z0_mono0_fix1/shell1_X1_Y1_Z0_mono0_fix1/shell2_X1_Y2_Z0_mono0_fix1//test20tig_AVDZ// DONE 7.206164883641014 12.110018745224945 5.834800797021388 25.150984425887344 6 -0.00009567 -0.00000002 0.00000002 -0.00000001 -0.00009568 -0.00010430 -0.00009932
shell0_X0_Y0_Z0_mono0_fix1/shell1_X-1_Y1_Z0_mono0_fix1/shell1_X0_Y-1_Z0_mono0_fix1//test20tig_AVDZ// DONE 7.234555636358268 5.83480079702139 12.12207805166879 25.191434485048447 6 -0.00007537 0.00000142 0.00000179 -0.00000001 -0.00007714 -0.00007923 -0.00007802
