shell0_X0_Y0_Z0_mono0_fix1/shell0_X0_Y0_Z0_mono1_fix1/shell1_X-1_Y0_Z0_mono1_fix1//test20tig_AVDZ// DONE 4.832536863788853 4.87481984938681 4.576816950491205 14.284173663666868 2 0.01373124 -0.01867631 -0.01867670 -0.00000001 0.03240795 0.03126460 0.03192560
shell0_X0_Y0_Z0_mono0_fix1/shell1_X-1_Y1_Z0_mono1_fix1/shell1_X0_Y1_Z0_mono1_fix1//test20tig_AVDZ// DONE 4.874819824994216 4.8325372673373375 4.576816950491205 14.284174042822757 2 0.01783067 -0.01709062 -0.01709247 -0.00000001 0.03492315 0.03374408 0.03442573
shell0_X0_Y0_Z0_mono0_fix1/shell0_X0_Y0_Z0_mono1_fix1/shell1_X1_Y0_Z0_mono0_fix1//test20tig_AVDZ// DONE 4.832536863788853 4.576817879131266 4.87481984938681 14.284174592306929 4 0.01783379 -0.01709053 -0.01709237 -0.00000001 0.03492617 0.03373902 0.03442534
shell0_X0_Y0_Z0_mono0_fix1/shell1_X-1_Y0_Z0_mono0_fix1/shell1_X-1_Y1_Z0_mono1_fix1//test20tig_AVDZ// DONE 4.576817879131266 4.874819824994216 4.8325372673373375 14.284174971462818 4 0.01373116 -0.01867643 -0.01867682 -0.00000001 0.03240799 0.03126460 0.03192562
shell0_X0_Y0_Z0_mono0_fix1/shell0_X0_Y0_Z0_mono1_fix1/shell1_X0_Y1_Z0_mono1_fix1//test20tig_AVDZ// DONE 4.832536863788853 4.8325372673373375 5.83480027387607 15.49987440500226 2 0.00737209 -0.01425869 -0.01425998 -0.00000001 0.02163208 0.02052419 0.02116469
shell0_X0_Y0_Z0_mono0_fix1/shell1_X0_Y1_Z0_mono0_fix1/shell1_X0_Y1_Z0_mono1_fix1//test20tig_AVDZ// DONE 5.834800797021388 4.8325372673373375 4.832536863788853 15.499874928147579 4 0.00737209 -0.01425911 -0.01426043 -0.00000001 0.02163253 0.02052455 0.02116510
shell0_X0_Y0_Z0_mono0_fix1/shell1_X0_Y0_Z-1_mono1_fix1/shell1_X0_Y1_Z-1_mono1_fix1//test20tig_AVDZ// DONE 4.8748181239170645 4.874818245582405 5.83480027387607 15.58443664337554 2 0.00633010 -0.01261337 -0.01261458 -0.00000001 0.01894469 0.01810835 0.01859186
shell0_X0_Y0_Z0_mono0_fix1/shell1_X0_Y0_Z-1_mono1_fix1/shell1_X0_Y-1_Z0_mono0_fix1//test20tig_AVDZ// DONE 4.8748181239170645 5.83480079702139 4.874818245582404 15.584437166520857 4 0.00632617 -0.01261370 -0.01261488 -0.00000001 0.01894106 0.01811454 0.01859237
shell0_X0_Y0_Z0_mono0_fix1/shell0_X0_Y0_Z0_mono1_fix1/shell1_X0_Y0_Z1_mono0_fix1//test20tig_AVDZ// DONE 4.832536863788853 6.052387884674758 4.8748181239170645 15.759742872380675 4 0.00787048 -0.00862602 -0.00862531 -0.00000001 0.01649580 0.01576227 0.01618634
shell0_X0_Y0_Z0_mono0_fix1/shell0_X0_Y0_Z0_mono1_fix1/shell1_X0_Y0_Z-1_mono1_fix1//test20tig_AVDZ// DONE 4.832536863788853 4.8748181239170645 6.052388083568137 15.759743071274055 2 0.00770623 -0.00633529 -0.00633678 -0.00000001 0.01404302 0.01349800 0.01381309
shell0_X0_Y0_Z0_mono0_fix1/shell1_X0_Y0_Z1_mono0_fix1/shell1_X0_Y1_Z0_mono1_fix1//test20tig_AVDZ// DONE 6.052387884674758 4.8325372673373375 4.874818245582405 15.7597433975945 4 0.00770631 -0.00633494 -0.00633644 -0.00000001 0.01404276 0.01349774 0.01381283
shell0_X0_Y0_Z0_mono0_fix1/shell1_X0_Y1_Z-1_mono1_fix1/shell1_X0_Y1_Z0_mono1_fix1//test20tig_AVDZ// DONE 4.874818245582405 4.8325372673373375 6.052388083568135 15.75974359648788 2 0.00787054 -0.00862616 -0.00862551 -0.00000001 0.01649607 0.01576244 0.01618657
shell0_X0_Y0_Z0_mono0_fix1/shell0_X0_Y0_Z0_mono1_fix1/shell1_X-1_Y1_Z0_mono1_fix1//test20tig_AVDZ// DONE 4.832536863788853 4.874819824994216 7.2061641805828875 16.913520869365957 2 0.00254484 -0.00046090 -0.00046103 -0.00000002 0.00300589 0.00299303 0.00300047
shell0_X0_Y0_Z0_mono0_fix1/shell1_X-1_Y-1_Z0_mono0_fix1/shell1_X-1_Y0_Z0_mono1_fix1//test20tig_AVDZ// DONE 7.206164883641014 4.87481984938681 4.8325372673373375 16.913522000365163 4 0.00254493 -0.00046100 -0.00046117 -0.00000002 0.00300612 0.00299313 0.00300064
shell0_X0_Y0_Z0_mono0_fix1/shell0_X0_Y0_Z0_mono1_fix1/shell1_X1_Y-1_Z0_mono0_fix1//test20tig_AVDZ// DONE 4.832536863788853 7.234555636358268 4.874819824994216 16.941912325141338 4 0.00223377 0.00063873 0.00063878 -0.00000002 0.00159502 0.00164562 0.00161637
shell0_X0_Y0_Z0_mono0_fix1/shell1_X-1_Y0_Z0_mono1_fix1/shell1_X0_Y1_Z0_mono1_fix1//test20tig_AVDZ// DONE 4.87481984938681 4.8325372673373375 7.23455534818809 16.941912464912235 2 0.00223341 0.00063878 0.00063881 -0.00000002 0.00159461 0.00164560 0.00161612
shell0_X0_Y0_Z0_mono0_fix1/shell0_X0_Y0_Z0_mono1_fix1/shell1_X-1_Y0_Z-1_mono1_fix1//test20tig_AVDZ// DONE 4.832536863788853 4.832541803661923 7.3579458897229895 17.023024557173763 2 0.00189987 -0.00027819 -0.00027701 -0.00000002 0.00217689 0.00217035 0.00217414
shell0_X0_Y0_Z0_mono0_fix1/shell0_X0_Y0_Z0_mono1_fix1/shell1_X1_Y0_Z1_mono0_fix1//test20tig_AVDZ// DONE 4.832536863788853 7.357945972453686 4.832541803661923 17.023024639904463 4 0.00190002 -0.00027798 -0.00027679 -0.00000002 0.00217683 0.00217016 0.00217402
shell0_X0_Y0_Z0_mono0_fix1/shell0_X0_Y0_Z0_mono1_fix1/shell1_X1_Y0_Z0_mono1_fix1//test20tig_AVDZ// DONE 4.832536863788853 7.687882795249494 4.576816950491205 17.097236609529553 2 0.00107962 0.00012628 0.00012643 -0.00000003 0.00095322 0.00092357 0.00094071
shell0_X0_Y0_Z0_mono0_fix1/shell1_X1_Y1_Z0_mono1_fix1/shell1_X0_Y1_Z0_mono1_fix1//test20tig_AVDZ// DONE 7.687883006758034 4.8325372673373375 4.576816950491205 17.09723722458658 2 0.00075088 0.00075622 0.00075636 -0.00000002 -0.00000546 0.00006515 0.00002433
shell0_X0_Y0_Z0_mono0_fix1/shell0_X0_Y0_Z0_mono1_fix1/shell1_X-1_Y0_Z0_mono0_fix1//test20tig_AVDZ// DONE 4.832536863788853 4.576817879131266 7.687882795249494 17.097237538169612 4 0.00075162 0.00075619 0.00075630 -0.00000002 -0.00000465 0.00006401 0.00002431
shell0_X0_Y0_Z0_mono0_fix1/shell1_X-1_Y0_Z0_mono0_fix1/shell1_X0_Y1_Z0_mono1_fix1//test20tig_AVDZ// DONE 4.576817879131266 4.8325372673373375 7.687883006758034 17.097238153226638 4 0.00107958 0.00012627 0.00012643 -0.00000003 0.00095317 0.00092370 0.00094074
shell0_X0_Y0_Z0_mono0_fix1/shell1_X0_Y0_Z-1_mono1_fix1/shell1_X-1_Y0_Z0_mono1_fix1//test20tig_AVDZ// DONE 4.8748181239170645 4.87481984938681 7.4326967908791595 17.182334764183032 2 0.00176198 0.00088961 0.00089045 -0.00000002 0.00087155 0.00089057 0.00087958
shell0_X0_Y0_Z0_mono0_fix1/shell1_X0_Y0_Z-1_mono1_fix1/shell1_X1_Y0_Z-1_mono0_fix1//test20tig_AVDZ// DONE 4.8748181239170645 7.4326969331133075 4.87481984938681 17.182334906417182 4 0.00176144 0.00088971 0.00089055 -0.00000002 0.00087092 0.00089090 0.00087935
shell0_X0_Y0_Z0_mono0_fix1/shell1_X0_Y0_Z-1_mono1_fix1/shell1_X1_Y0_Z-1_mono1_fix1//test20tig_AVDZ// DONE 4.8748181239170645 7.741652423640553 4.576816950491205 17.193287498048825 2 -0.00003541 0.00056638 0.00056592 -0.00000002 -0.00060131 -0.00056089 -0.00058426
shell0_X0_Y0_Z0_mono0_fix1/shell1_X0_Y1_Z-1_mono1_fix1/shell1_X1_Y1_Z-1_mono1_fix1//test20tig_AVDZ// DONE 4.874818245582405 7.7416525542166985 4.576816950491205 17.19328775029031 2 -0.00036750 0.00018979 0.00018828 -0.00000003 -0.00055575 -0.00053974 -0.00054900
shell0_X0_Y0_Z0_mono0_fix1/shell1_X1_Y0_Z-1_mono1_fix1/shell1_X1_Y0_Z0_mono0_fix1//test20tig_AVDZ// DONE 7.741652423640553 4.576817879131266 4.8748181239170645 17.19328842668888 4 -0.00036858 0.00018981 0.00018830 -0.00000003 -0.00055685 -0.00053947 -0.00054952
shell0_X0_Y0_Z0_mono0_fix1/shell1_X0_Y1_Z-1_mono1_fix1/shell1_X-1_Y0_Z0_mono0_fix1//test20tig_AVDZ// DONE 4.874818245582405 4.576817879131266 7.7416525542166985 17.19328867893037 4 -0.00003540 0.00056635 0.00056586 -0.00000002 -0.00060124 -0.00056088 -0.00058421
shell0_X0_Y0_Z0_mono0_fix1/shell1_X-1_Y0_Z0_mono0_fix1/shell1_X0_Y1_Z0_mono0_fix1//test20tig_AVDZ// DONE 4.576817879131266 5.834800797021388 7.206164883641014 17.617783559793665 6 0.00231178 -0.00041233 -0.00041227 -0.00000001 0.00272407 0.00267548 0.00270357
shell0_X0_Y0_Z0_mono0_fix1/shell1_X-1_Y0_Z0_mono0_fix1/shell1_X-1_Y1_Z0_mono0_fix1//test20tig_AVDZ// DONE 4.576817879131266 7.234555636358268 5.834800797021388 17.646174312510922 6 0.00161715 0.00027332 0.00027388 -0.00000001 0.00134327 0.00134302 0.00134317
shell0_X0_Y0_Z0_mono0_fix1/shell1_X-1_Y0_Z0_mono0_fix1/shell1_X1_Y0_Z0_mono0_fix1//test20tig_AVDZ// DONE 4.576817879131266 4.576817879131266 8.63133829007425 17.78497404833678 3 -0.00263514 -0.00069656 -0.00069905 -0.00000003 -0.00193606 -0.00186116 -0.00190446
shell0_X0_Y0_Z0_mono0_fix1/shell0_X0_Y0_Z0_mono1_fix1/shell1_X0_Y1_Z-1_mono1_fix1//test20tig_AVDZ// DONE 4.832536863788853 4.874818245582405 8.215479171456105 17.922834280827363 2 -0.00037444 -0.00046638 -0.00046596 -0.00000003 0.00009155 0.00016020 0.00012051
shell0_X0_Y0_Z0_mono0_fix1/shell1_X0_Y1_Z1_mono0_fix1/shell1_X0_Y1_Z0_mono1_fix1//test20tig_AVDZ// DONE 8.21547938783387 4.8325372673373375 4.8748181239170645 17.92283477908827 4 -0.00037434 -0.00046637 -0.00046595 -0.00000003 0.00009163 0.00016016 0.00012054
shell0_X0_Y0_Z0_mono0_fix1/shell1_X-1_Y0_Z-1_mono0_fix1/shell1_X0_Y0_Z-1_mono0_fix1//test20tig_AVDZ// DONE 7.357945972453686 6.052387884674759 4.576817879131266 17.98715173625971 6 0.00185967 -0.00025132 -0.00025191 -0.00000001 0.00211159 0.00209892 0.00210624
shell0_X0_Y0_Z0_mono0_fix1/shell0_X0_Y0_Z0_mono1_fix1/shell1_X0_Y-1_Z1_mono0_fix1//test20tig_AVDZ// DONE 4.832536863788853 8.30173601819067 4.874818245582404 18.009091127561927 4 -0.00032429 0.00009832 0.00009688 -0.00000006 -0.00042111 -0.00040796 -0.00041556
shell0_X0_Y0_Z0_mono0_fix1/shell1_X0_Y0_Z-1_mono1_fix1/shell1_X0_Y1_Z0_mono1_fix1//test20tig_AVDZ// DONE 4.8748181239170645 4.8325372673373375 8.301736003054813 18.009091394309216 2 -0.00032469 0.00009833 0.00009692 -0.00000006 -0.00042156 -0.00040807 -0.00041586
shell0_X0_Y0_Z0_mono0_fix1/shell1_X0_Y0_Z-1_mono0_fix1/shell1_X1_Y0_Z-1_mono0_fix1//test20tig_AVDZ// DONE 6.052387884674759 7.4326969331133075 4.576817879131266 18.061902696919333 6 0.00124759 0.00018941 0.00018981 -0.00000002 0.00105780 0.00103042 0.00104625
shell0_X0_Y0_Z0_mono0_fix1/shell0_X0_Y0_Z0_mono1_fix1/shell1_X-1_Y1_Z-1_mono1_fix1//test20tig_AVDZ// DONE 4.832536863788853 4.832541657327352 9.220398664532015 18.88547718564822 1 0.00036599 0.00368662 0.00368819 -0.00000003 -0.00332218 -0.00310712 -0.00323145
shell0_X0_Y0_Z0_mono0_fix1/shell1_X-1_Y-1_Z-1_mono0_fix1/shell1_X-1_Y0_Z-1_mono1_fix1//test20tig_AVDZ// DONE 9.220399005428119 4.832541803661923 4.8325372673373375 18.88547807642738 2 0.00037053 0.00368668 0.00368830 -0.00000002 -0.00331774 -0.00311077 -0.00323043
shell0_X0_Y0_Z0_mono0_fix1/shell0_X0_Y0_Z0_mono1_fix1/shell1_X1_Y-1_Z1_mono0_fix1//test20tig_AVDZ// DONE 4.832536863788853 9.295639787140068 4.832541657327352 18.960718308256272 2 -0.00084903 0.00051191 0.00051188 -0.00000003 -0.00136088 -0.00131744 -0.00134255
shell0_X0_Y0_Z0_mono0_fix1/shell1_X-1_Y0_Z-1_mono1_fix1/shell1_X0_Y1_Z0_mono1_fix1//test20tig_AVDZ// DONE 4.832541803661923 4.8325372673373375 9.295639782756695 18.960718853755957 1 -0.00085219 0.00051198 0.00051193 -0.00000003 -0.00136409 -0.00131702 -0.00134423
shell0_X0_Y0_Z0_mono0_fix1/shell1_X0_Y1_Z-1_mono1_fix1/shell1_X-1_Y0_Z0_mono1_fix1//test20tig_AVDZ// DONE 4.874818245582405 4.87481984938681 9.28730372170711 19.036941816676325 1 -0.00128594 0.00108694 0.00108459 -0.00000004 -0.00237050 -0.00224501 -0.00231756
shell0_X0_Y0_Z0_mono0_fix1/shell1_X0_Y0_Z-1_mono1_fix1/shell1_X1_Y-1_Z-1_mono0_fix1//test20tig_AVDZ// DONE 4.8748181239170645 9.287303895161147 4.874819824994216 19.036941844072427 2 -0.00128512 0.00108697 0.00108463 -0.00000004 -0.00236971 -0.00224492 -0.00231707
shell0_X0_Y0_Z0_mono0_fix1/shell1_X0_Y0_Z-1_mono1_fix1/shell1_X-1_Y1_Z0_mono1_fix1//test20tig_AVDZ// DONE 4.8748181239170645 4.874819824994216 9.333735696013983 19.083373644925263 1 -0.00081878 0.00023786 0.00023674 -0.00000002 -0.00105550 -0.00109225 -0.00107100
shell0_X0_Y0_Z0_mono0_fix1/shell1_X0_Y1_Z-1_mono1_fix1/shell1_X1_Y1_Z-1_mono0_fix1//test20tig_AVDZ// DONE 4.874818245582405 9.333735909753628 4.87481984938681 19.08337400472284 2 -0.00084589 0.00023786 0.00023670 -0.00000002 -0.00108256 -0.00108608 -0.00108405
shell0_X0_Y0_Z0_mono0_fix1/shell1_X1_Y0_Z0_mono1_fix1/shell1_X0_Y1_Z0_mono1_fix1//test20tig_AVDZ// DONE 7.687882795249494 4.8325372673373375 7.2061641805828875 19.726584243169718 2 0.00089505 -0.00000762 -0.00000678 -0.00000002 0.00090185 0.00093609 0.00091630
shell0_X0_Y0_Z0_mono0_fix1/shell0_X0_Y0_Z0_mono1_fix1/shell1_X-1_Y-1_Z0_mono0_fix1//test20tig_AVDZ// DONE 4.832536863788853 7.206164883641014 7.687883006758034 19.7265847541879 4 0.00093508 -0.00000761 -0.00000677 -0.00000002 0.00094187 0.00093275 0.00093802
shell0_X0_Y0_Z0_mono0_fix1/shell0_X0_Y0_Z0_mono1_fix1/shell1_X1_Y1_Z0_mono1_fix1//test20tig_AVDZ// DONE 4.832536863788853 7.687883006758034 7.23455534818809 19.754975218734977 2 0.00074105 0.00012997 0.00012847 -0.00000002 0.00061259 0.00063336 0.00062135
shell0_X0_Y0_Z0_mono0_fix1/shell1_X-1_Y1_Z0_mono0_fix1/shell1_X0_Y1_Z0_mono1_fix1//test20tig_AVDZ// DONE 7.234555636358268 4.8325372673373375 7.687882795249494 19.7549756989451 4 0.00073980 0.00012998 0.00012844 -0.00000001 0.00061138 0.00063343 0.00062068
shell0_X0_Y0_Z0_mono0_fix1/shell1_X0_Y1_Z-1_mono1_fix1/shell1_X1_Y0_Z-1_mono1_fix1//test20tig_AVDZ// DONE 4.874818245582405 7.741652423640553 7.2061641805828875 19.822634849805848 2 0.00067221 0.00017311 0.00017467 -0.00000001 0.00049755 0.00054565 0.00051784
shell0_X0_Y0_Z0_mono0_fix1/shell1_X1_Y1_Z-1_mono1_fix1/shell1_X1_Y1_Z0_mono0_fix1//test20tig_AVDZ// DONE 7.7416525542166985 7.206164883641014 4.8748181239170645 19.822635561774774 4 0.00067242 0.00017314 0.00017471 -0.00000001 0.00049772 0.00054566 0.00051795
shell0_X0_Y0_Z0_mono0_fix1/shell1_X0_Y0_Z-1_mono1_fix1/shell1_X1_Y1_Z-1_mono1_fix1//test20tig_AVDZ// DONE 4.8748181239170645 7.7416525542166985 7.23455534818809 19.851026026321854 2 0.00048756 -0.00003362 -0.00003375 -0.00000002 0.00052133 0.00053402 0.00052668
shell0_X0_Y0_Z0_mono0_fix1/shell1_X0_Y1_Z-1_mono1_fix1/shell1_X-1_Y1_Z0_mono0_fix1//test20tig_AVDZ// DONE 4.874818245582405 7.234555636358268 7.741652423640553 19.851026305581225 4 0.00048752 -0.00003361 -0.00003376 -0.00000002 0.00052129 0.00053403 0.00052667
shell0_X0_Y0_Z0_mono0_fix1/shell1_X0_Y0_Z-1_mono1_fix1/shell1_X1_Y0_Z0_mono1_fix1//test20tig_AVDZ// DONE 4.8748181239170645 7.687882795249494 7.3579458897229895 19.92064680888955 2 0.00054825 -0.00004025 -0.00003929 -0.00000001 0.00058755 0.00062063 0.00060151
shell0_X0_Y0_Z0_mono0_fix1/shell1_X-1_Y0_Z-1_mono0_fix1/shell1_X0_Y0_Z-1_mono1_fix1//test20tig_AVDZ// DONE 7.357945972453686 4.8748181239170645 7.687882795249494 19.920646891620244 4 0.00081491 0.00013045 0.00013063 -0.00000001 0.00068429 0.00067704 0.00068123
shell0_X0_Y0_Z0_mono0_fix1/shell1_X0_Y1_Z-1_mono1_fix1/shell1_X1_Y1_Z0_mono1_fix1//test20tig_AVDZ// DONE 4.874818245582405 7.687883006758034 7.3579458897229895 19.92064714206343 2 0.00081477 0.00013045 0.00013063 -0.00000002 0.00068416 0.00067705 0.00068116
shell0_X0_Y0_Z0_mono0_fix1/shell1_X1_Y0_Z1_mono0_fix1/shell1_X1_Y1_Z0_mono1_fix1//test20tig_AVDZ// DONE 7.357945972453686 7.687883006758034 4.874818245582405 19.920647224794124 4 0.00054807 -0.00004027 -0.00003933 -0.00000002 0.00058741 0.00062064 0.00060143
shell0_X0_Y0_Z0_mono0_fix1/shell0_X0_Y0_Z0_mono1_fix1/shell1_X0_Y-1_Z0_mono1_fix1//test20tig_AVDZ// DONE 4.832536863788853 9.29807416463103 5.834800273876071 19.965411302295955 2 -0.00021288 -0.00008816 -0.00008785 -0.00000002 -0.00012501 -0.00012816 -0.00012634
shell0_X0_Y0_Z0_mono0_fix1/shell0_X0_Y0_Z0_mono1_fix1/shell1_X0_Y1_Z0_mono0_fix1//test20tig_AVDZ// DONE 4.832536863788853 5.834800797021388 9.298074164631034 19.965411825441272 4 -0.00045430 0.00050942 0.00050879 -0.00000003 -0.00096307 -0.00092158 -0.00094557
shell0_X0_Y0_Z0_mono0_fix1/shell1_X0_Y1_Z0_mono1_fix1/shell2_X0_Y2_Z0_mono1_fix1//test20tig_AVDZ// DONE 4.8325372673373375 9.298074429663075 5.83480027387607 19.96541197087648 2 -0.00045422 0.00050938 0.00050876 -0.00000003 -0.00096295 -0.00092158 -0.00094550
shell0_X0_Y0_Z0_mono0_fix1/shell1_X0_Y1_Z0_mono0_fix1/shell2_X0_Y2_Z0_mono1_fix1//test20tig_AVDZ// DONE 5.834800797021388 9.298074429663075 4.8325372673373375 19.9654124940218 4 -0.00021286 -0.00008815 -0.00008781 -0.00000002 -0.00012503 -0.00012811 -0.00012633
shell0_X0_Y0_Z0_mono0_fix1/shell0_X0_Y0_Z0_mono1_fix1/shell1_X1_Y0_Z-1_mono1_fix1//test20tig_AVDZ// DONE 4.832536863788853 7.741652423640553 7.4326967908791595 20.006886078308565 2 0.00054594 0.00009099 0.00008949 -0.00000002 0.00045647 0.00048449 0.00046829
shell0_X0_Y0_Z0_mono0_fix1/shell0_X0_Y0_Z0_mono1_fix1/shell1_X-1_Y0_Z1_mono0_fix1//test20tig_AVDZ// DONE 4.832536863788853 7.4326969331133075 7.741652423640553 20.006886220542714 4 0.00064362 -0.00005410 -0.00005356 -0.00000002 0.00069720 0.00068295 0.00069119
shell0_X0_Y0_Z0_mono0_fix1/shell1_X1_Y1_Z-1_mono1_fix1/shell1_X0_Y1_Z0_mono1_fix1//test20tig_AVDZ// DONE 7.7416525542166985 4.8325372673373375 7.4326967908791595 20.006886612433195 2 0.00064377 -0.00005408 -0.00005355 -0.00000002 0.00069734 0.00068297 0.00069127
shell0_X0_Y0_Z0_mono0_fix1/shell1_X1_Y0_Z-1_mono0_fix1/shell1_X1_Y1_Z-1_mono1_fix1//test20tig_AVDZ// DONE 7.4326969331133075 7.7416525542166985 4.8325372673373375 20.00688675466734 4 0.00054666 0.00009100 0.00008949 -0.00000002 0.00045719 0.00048473 0.00046881
shell0_X0_Y0_Z0_mono0_fix1/shell1_X0_Y-1_Z-1_mono1_fix1/shell1_X0_Y0_Z-1_mono1_fix1//test20tig_AVDZ// DONE 9.311075872665427 4.8748181239170645 5.83480027387607 20.020694270458563 2 -0.00066399 -0.00010556 -0.00010678 -0.00000002 -0.00055719 -0.00053563 -0.00054810
shell0_X0_Y0_Z0_mono0_fix1/shell1_X0_Y1_Z-1_mono1_fix1/shell2_X0_Y2_Z-1_mono1_fix1//test20tig_AVDZ// DONE 4.874818245582405 9.311076021291033 5.83480027387607 20.02069454074951 2 -0.00031531 -0.00017356 -0.00017349 -0.00000002 -0.00014180 -0.00013078 -0.00013715
shell0_X0_Y0_Z0_mono0_fix1/shell1_X0_Y-1_Z-1_mono1_fix1/shell1_X0_Y-1_Z0_mono0_fix1//test20tig_AVDZ// DONE 9.311075872665427 5.83480079702139 4.8748181239170645 20.02069479360388 4 -0.00031506 -0.00017355 -0.00017350 -0.00000002 -0.00014154 -0.00013111 -0.00013714
shell0_X0_Y0_Z0_mono0_fix1/shell1_X0_Y1_Z-1_mono1_fix1/shell1_X0_Y-1_Z0_mono0_fix1//test20tig_AVDZ// DONE 4.874818245582405 5.83480079702139 9.311076021291033 20.020695063894827 4 -0.00066440 -0.00010555 -0.00010676 -0.00000001 -0.00055762 -0.00053521 -0.00054817
shell0_X0_Y0_Z0_mono0_fix1/shell1_X0_Y-1_Z-1_mono0_fix1/shell1_X0_Y0_Z-1_mono0_fix1//test20tig_AVDZ// DONE 8.21547938783387 6.052387884674759 5.834800797021388 20.102668069530015 6 0.00075352 0.00002172 0.00002275 -0.00000002 0.00073079 0.00074527 0.00073690
shell0_X0_Y0_Z0_mono0_fix1/shell1_X0_Y0_Z-1_mono0_fix1/shell1_X0_Y1_Z-1_mono0_fix1//test20tig_AVDZ// DONE 6.052387884674759 8.30173601819067 5.834800797021388 20.188924699886815 6 -0.00007986 -0.00005284 -0.00005298 -0.00000003 -0.00002685 -0.00002459 -0.00002590
shell0_X0_Y0_Z0_mono0_fix1/shell1_X0_Y0_Z1_mono0_fix1/shell1_X0_Y0_Z1_mono1_fix1//test20tig_AVDZ// DONE 6.052387884674758 9.557279214796873 4.832536863788853 20.442203963260482 4 -0.00070926 -0.00011273 -0.00011381 -0.00000003 -0.00059542 -0.00057781 -0.00058799
shell0_X0_Y0_Z0_mono0_fix1/shell0_X0_Y0_Z0_mono1_fix1/shell1_X0_Y0_Z1_mono1_fix1//test20tig_AVDZ// DONE 4.832536863788853 9.557279214796873 6.052388083568135 20.44220416215386 2 -0.00032108 -0.00024063 -0.00023997 -0.00000002 -0.00008108 -0.00007308 -0.00007771
shell0_X0_Y0_Z0_mono0_fix1/shell1_X0_Y0_Z-1_mono0_fix1/shell1_X0_Y1_Z0_mono1_fix1//test20tig_AVDZ// DONE 6.052387884674759 4.8325372673373375 9.557279331757533 20.44220448376963 4 -0.00032642 -0.00024065 -0.00023999 -0.00000003 -0.00008641 -0.00007323 -0.00008085
shell0_X0_Y0_Z0_mono0_fix1/shell1_X0_Y1_Z1_mono1_fix1/shell1_X0_Y1_Z0_mono1_fix1//test20tig_AVDZ// DONE 9.557279331757533 4.8325372673373375 6.052388083568137 20.442204682663007 2 -0.00070929 -0.00011271 -0.00011380 -0.00000003 -0.00059546 -0.00057782 -0.00058801
shell0_X0_Y0_Z0_mono0_fix1/shell1_X0_Y0_Z-1_mono0_fix1/shell2_X0_Y0_Z-2_mono1_fix1//test20tig_AVDZ// DONE 6.052387884674759 9.594444158397373 4.8748181239170645 20.521650166989197 4 -0.00014703 -0.00000790 -0.00000906 -0.00000002 -0.00013795 -0.00013938 -0.00013855
shell0_X0_Y0_Z0_mono0_fix1/shell1_X0_Y0_Z-1_mono0_fix1/shell2_X0_Y1_Z-2_mono1_fix1//test20tig_AVDZ// DONE 6.052387884674759 9.594444174651146 4.874818245582405 20.521650304908313 4 -0.00037024 0.00019754 0.00019752 -0.00000002 -0.00056774 -0.00056105 -0.00056492
shell0_X0_Y0_Z0_mono0_fix1/shell1_X0_Y0_Z-1_mono1_fix1/shell2_X0_Y0_Z-2_mono1_fix1//test20tig_AVDZ// DONE 4.8748181239170645 9.594444158397373 6.052388083568137 20.521650365882575 2 -0.00037013 0.00019755 0.00019752 -0.00000002 -0.00056764 -0.00056108 -0.00056487
shell0_X0_Y0_Z0_mono0_fix1/shell1_X0_Y1_Z-1_mono1_fix1/shell2_X0_Y1_Z-2_mono1_fix1//test20tig_AVDZ// DONE 4.874818245582405 9.594444174651146 6.052388083568137 20.521650503801688 2 -0.00014548 -0.00000785 -0.00000901 -0.00000002 -0.00013645 -0.00013936 -0.00013767
shell0_X0_Y0_Z0_mono0_fix1/shell1_X-1_Y0_Z0_mono1_fix1/shell1_X1_Y0_Z0_mono1_fix1//test20tig_AVDZ// DONE 4.87481984938681 7.687882795249494 8.631337775704774 21.194040420341075 2 0.00025865 0.00008704 0.00008738 -0.00000001 0.00017129 0.00016613 0.00016911
shell0_X0_Y0_Z0_mono0_fix1/shell1_X-1_Y1_Z0_mono1_fix1/shell1_X1_Y1_Z0_mono1_fix1//test20tig_AVDZ// DONE 4.874819824994216 7.687883006758034 8.631337775704774 21.194040607457026 2 0.00036368 0.00007784 0.00007676 -0.00000001 0.00028693 0.00029043 0.00028841
shell0_X0_Y0_Z0_mono0_fix1/shell1_X-1_Y0_Z0_mono1_fix1/shell2_X-2_Y0_Z0_mono0_fix1//test20tig_AVDZ// DONE 4.87481984938681 8.63133829007425 7.687882795249494 21.194040934710554 4 0.00036326 0.00007785 0.00007672 -0.00000001 0.00028656 0.00029108 0.00028847
shell0_X0_Y0_Z0_mono0_fix1/shell1_X-1_Y1_Z0_mono1_fix1/shell2_X-2_Y0_Z0_mono0_fix1//test20tig_AVDZ// DONE 4.874819824994216 8.63133829007425 7.687883006758034 21.1940411218265 4 0.00026064 0.00008704 0.00008740 -0.00000001 0.00017326 0.00016642 0.00017038
shell0_X0_Y0_Z0_mono0_fix1/shell1_X-1_Y1_Z-1_mono1_fix1/shell1_X1_Y1_Z-1_mono1_fix1//test20tig_AVDZ// DONE 4.832541657327352 7.7416525542166985 8.631337775704774 21.205531987248825 2 0.00034456 0.00010822 0.00010734 -0.00000001 0.00023724 0.00023246 0.00023522
shell0_X0_Y0_Z0_mono0_fix1/shell1_X-1_Y0_Z-1_mono1_fix1/shell1_X1_Y0_Z-1_mono1_fix1//test20tig_AVDZ// DONE 4.832541803661923 7.741652423640553 8.631337775704774 21.20553200300725 2 0.00036843 0.00009083 0.00009060 -0.00000001 0.00027785 0.00032451 0.00029753
shell0_X0_Y0_Z0_mono0_fix1/shell1_X-1_Y1_Z-1_mono1_fix1/shell2_X-2_Y0_Z0_mono0_fix1//test20tig_AVDZ// DONE 4.832541657327352 8.63133829007425 7.7416525542166985 21.2055325016183 4 0.00036857 0.00009084 0.00009061 -0.00000001 0.00027797 0.00032450 0.00029760
shell0_X0_Y0_Z0_mono0_fix1/shell1_X-1_Y0_Z-1_mono1_fix1/shell2_X-2_Y0_Z0_mono0_fix1//test20tig_AVDZ// DONE 4.832541803661923 8.63133829007425 7.741652423640553 21.205532517376724 4 0.00034435 0.00010822 0.00010736 -0.00000001 0.00023701 0.00023241 0.00023507
shell0_X0_Y0_Z0_mono0_fix1/shell1_X1_Y0_Z0_mono1_fix1/shell1_X1_Y1_Z0_mono1_fix1//test20tig_AVDZ// DONE 7.687882795249494 7.687883006758034 5.83480027387607 21.210566075883598 2 0.00030517 0.00000060 -0.00000072 -0.00000001 0.00030591 0.00030617 0.00030602
shell0_X0_Y0_Z0_mono0_fix1/shell1_X1_Y1_Z0_mono1_fix1/shell1_X0_Y1_Z0_mono0_fix1//test20tig_AVDZ// DONE 7.687883006758034 5.834800797021388 7.687882795249494 21.210566599028915 4 0.00030513 0.00000060 -0.00000072 -0.00000002 0.00030587 0.00030648 0.00030612
shell0_X0_Y0_Z0_mono0_fix1/shell1_X1_Y0_Z-1_mono1_fix1/shell1_X1_Y1_Z-1_mono1_fix1//test20tig_AVDZ// DONE 7.741652423640553 7.7416525542166985 5.83480027387607 21.31810525173332 2 0.00027101 0.00003732 0.00003697 -0.00000001 0.00023405 0.00022596 0.00023064
shell0_X0_Y0_Z0_mono0_fix1/shell1_X1_Y1_Z-1_mono1_fix1/shell1_X0_Y1_Z0_mono0_fix1//test20tig_AVDZ// DONE 7.7416525542166985 5.834800797021388 7.741652423640553 21.31810577487864 4 0.00027042 0.00003732 0.00003692 -0.00000001 0.00023352 0.00022587 0.00023029
shell0_X0_Y0_Z0_mono0_fix1/shell1_X0_Y1_Z0_mono1_fix1/shell2_X-1_Y2_Z0_mono1_fix1//test20tig_AVDZ// DONE 4.8325372673373375 9.311076854260124 7.2061641805828875 21.34977830218035 2 0.00020548 0.00002824 0.00002798 -0.00000001 0.00017752 0.00019566 0.00018517
shell0_X0_Y0_Z0_mono0_fix1/shell0_X0_Y0_Z0_mono1_fix1/shell1_X1_Y1_Z0_mono0_fix1//test20tig_AVDZ// DONE 4.832536863788853 7.206164883641014 9.311076743517448 21.349778490947315 4 0.00020552 0.00002825 0.00002795 -0.00000001 0.00017759 0.00019564 0.00018520
shell0_X0_Y0_Z0_mono0_fix1/shell0_X0_Y0_Z0_mono1_fix1/shell1_X-1_Y-1_Z0_mono1_fix1//test20tig_AVDZ// DONE 4.832536863788853 9.311076743517448 7.23455534818809 21.37816895549439 2 0.00028927 -0.00002630 -0.00002521 -0.00000001 0.00031450 0.00029382 0.00030577
shell0_X0_Y0_Z0_mono0_fix1/shell1_X-1_Y1_Z0_mono0_fix1/shell2_X-1_Y2_Z0_mono1_fix1//test20tig_AVDZ// DONE 7.234555636358268 9.311076854260124 4.8325372673373375 21.378169757955728 4 0.00028957 -0.00002631 -0.00002519 -0.00000001 0.00031478 0.00029337 0.00030575
shell0_X0_Y0_Z0_mono0_fix1/shell1_X-1_Y0_Z0_mono1_fix1/shell1_X0_Y-1_Z0_mono1_fix1//test20tig_AVDZ// DONE 4.87481984938681 9.29807416463103 7.2061641805828875 21.379058194600727 2 0.00018795 -0.00007979 -0.00008001 -0.00000002 0.00026798 0.00025790 0.00026373
shell0_X0_Y0_Z0_mono0_fix1/shell1_X-1_Y-1_Z0_mono0_fix1/shell1_X-1_Y1_Z0_mono1_fix1//test20tig_AVDZ// DONE 7.206164883641014 4.874819824994216 9.298074429663075 21.379059138298302 4 0.00018733 -0.00007980 -0.00008001 -0.00000002 0.00026736 0.00025767 0.00026327
shell0_X0_Y0_Z0_mono0_fix1/shell1_X-1_Y1_Z0_mono1_fix1/shell2_X0_Y2_Z0_mono1_fix1//test20tig_AVDZ// DONE 4.874819824994216 9.298074429663075 7.23455534818809 21.407449602845382 2 0.00029188 0.00005611 0.00005602 -0.00000001 0.00023588 0.00023161 0.00023408
shell0_X0_Y0_Z0_mono0_fix1/shell1_X1_Y-1_Z0_mono0_fix1/shell1_X0_Y-1_Z0_mono1_fix1//test20tig_AVDZ// DONE 7.234555636358268 9.29807416463103 4.87481984938681 21.40744965037611 4 0.00029104 0.00005610 0.00005599 -0.00000002 0.00023507 0.00023161 0.00023361
shell0_X0_Y0_Z0_mono0_fix1/shell1_X0_Y0_Z1_mono0_fix1/shell1_X1_Y0_Z0_mono1_fix1//test20tig_AVDZ// DONE 6.052387884674758 7.687882795249494 7.741652423640553 21.481923103564803 4 0.00027810 0.00002764 0.00002759 -0.00000001 0.00025052 0.00026302 0.00025579
shell0_X0_Y0_Z0_mono0_fix1/shell1_X1_Y0_Z-1_mono1_fix1/shell1_X1_Y0_Z0_mono1_fix1//test20tig_AVDZ// DONE 7.741652423640553 7.687882795249494 6.052388083568135 21.48192330245818 2 0.00020279 -0.00001773 -0.00001849 -0.00000001 0.00022130 0.00021124 0.00021705
shell0_X0_Y0_Z0_mono0_fix1/shell1_X0_Y0_Z-1_mono0_fix1/shell1_X1_Y1_Z-1_mono1_fix1//test20tig_AVDZ// DONE 6.052387884674759 7.7416525542166985 7.687883006758034 21.481923445649493 4 0.00020269 -0.00001774 -0.00001850 -0.00000001 0.00022121 0.00021128 0.00021702
shell0_X0_Y0_Z0_mono0_fix1/shell1_X1_Y1_Z-1_mono1_fix1/shell1_X1_Y1_Z0_mono1_fix1//test20tig_AVDZ// DONE 7.7416525542166985 7.687883006758034 6.052388083568135 21.481923644542867 2 0.00027814 0.00002765 0.00002759 -0.00000001 0.00025056 0.00026304 0.00025583
shell0_X0_Y0_Z0_mono0_fix1/shell1_X0_Y1_Z-1_mono1_fix1/shell1_X1_Y0_Z0_mono1_fix1//test20tig_AVDZ// DONE 4.874818245582405 7.687882795249494 9.220398664532015 21.783099705363917 2 0.00028742 -0.00009855 -0.00009839 -0.00000001 0.00038582 0.00038924 0.00038726
shell0_X0_Y0_Z0_mono0_fix1/shell1_X1_Y1_Z1_mono0_fix1/shell1_X1_Y1_Z0_mono1_fix1//test20tig_AVDZ// DONE 9.220399005428119 7.687883006758034 4.8748181239170645 21.783100136103215 4 0.00028722 -0.00009856 -0.00009840 -0.00000002 0.00038563 0.00038926 0.00038716
shell0_X0_Y0_Z0_mono0_fix1/shell1_X0_Y0_Z1_mono1_fix1/shell1_X-1_Y0_Z0_mono1_fix1//test20tig_AVDZ// DONE 9.557279214796873 4.87481984938681 7.3579458897229895 21.790044953906673 2 0.00021791 0.00000051 0.00000043 -0.00000002 0.00021750 0.00021163 0.00021502
shell0_X0_Y0_Z0_mono0_fix1/shell1_X-1_Y0_Z-1_mono0_fix1/shell1_X-1_Y0_Z0_mono1_fix1//test20tig_AVDZ// DONE 7.357945972453686 4.87481984938681 9.557279214796873 21.79004503663737 4 0.00014574 -0.00002983 -0.00003088 -0.00000001 0.00017664 0.00017612 0.00017642
shell0_X0_Y0_Z0_mono0_fix1/shell1_X0_Y1_Z1_mono1_fix1/shell1_X-1_Y1_Z0_mono1_fix1//test20tig_AVDZ// DONE 9.557279331757533 4.874819824994216 7.3579458897229895 21.790045046474738 2 0.00014576 -0.00002984 -0.00003092 -0.00000002 0.00017670 0.00017614 0.00017646
shell0_X0_Y0_Z0_mono0_fix1/shell1_X-1_Y0_Z-1_mono0_fix1/shell1_X-1_Y1_Z0_mono1_fix1//test20tig_AVDZ// DONE 7.357945972453686 4.874819824994216 9.557279331757533 21.790045129205435 4 0.00021698 0.00000050 0.00000041 -0.00000002 0.00021659 0.00021142 0.00021441
shell0_X0_Y0_Z0_mono0_fix1/shell1_X1_Y-1_Z1_mono0_fix1/shell1_X1_Y0_Z0_mono1_fix1//test20tig_AVDZ// DONE 9.295639787140068 7.687882795249494 4.874818245582405 21.858340827971965 4 0.00010816 -0.00003260 -0.00003321 -0.00000001 0.00014137 0.00015322 0.00014637
shell0_X0_Y0_Z0_mono0_fix1/shell1_X0_Y0_Z-1_mono1_fix1/shell1_X1_Y1_Z0_mono1_fix1//test20tig_AVDZ// DONE 4.8748181239170645 7.687883006758034 9.295639782756695 21.858340913431793 2 0.00010887 -0.00003260 -0.00003317 -0.00000001 0.00014206 0.00015352 0.00014689
shell0_X0_Y0_Z0_mono0_fix1/shell0_X0_Y0_Z0_mono1_fix1/shell1_X-1_Y0_Z1_mono1_fix1//test20tig_AVDZ// DONE 4.832536863788853 9.594443387322988 7.4326967908791595 21.859677041991 2 0.00023996 -0.00004215 -0.00004132 -0.00000001 0.00028130 0.00020585 0.00024947
shell0_X0_Y0_Z0_mono0_fix1/shell0_X0_Y0_Z0_mono1_fix1/shell1_X1_Y0_Z-1_mono0_fix1//test20tig_AVDZ// DONE 4.832536863788853 7.4326969331133075 9.594443387322988 21.85967718422515 4 0.00021658 0.00002991 0.00002851 -0.00000001 0.00018809 0.00015231 0.00017299
shell0_X0_Y0_Z0_mono0_fix1/shell1_X-1_Y1_Z1_mono1_fix1/shell1_X0_Y1_Z0_mono1_fix1//test20tig_AVDZ// DONE 9.594443452897366 4.8325372673373375 7.4326967908791595 21.859677511113862 2 0.00021193 0.00002990 0.00002849 -0.00000001 0.00018345 0.00015231 0.00017031
shell0_X0_Y0_Z0_mono0_fix1/shell1_X-1_Y0_Z1_mono0_fix1/shell1_X-1_Y1_Z1_mono1_fix1//test20tig_AVDZ// DONE 7.4326969331133075 9.594443452897366 4.8325372673373375 21.859677653348008 4 0.00022005 -0.00004215 -0.00004133 -0.00000001 0.00026139 0.00023084 0.00024850
shell0_X0_Y0_Z0_mono0_fix1/shell0_X0_Y0_Z0_mono1_fix1/shell1_X1_Y1_Z-1_mono1_fix1//test20tig_AVDZ// DONE 4.832536863788853 7.7416525542166985 9.28730372170711 21.861493139712664 2 0.00019438 -0.00009552 -0.00009545 -0.00000002 0.00028985 0.00031161 0.00029903
shell0_X0_Y0_Z0_mono0_fix1/shell1_X1_Y-1_Z-1_mono0_fix1/shell1_X1_Y0_Z-1_mono1_fix1//test20tig_AVDZ// DONE 9.287303895161147 7.741652423640553 4.8325372673373375 21.861493586139037 4 0.00019460 -0.00009551 -0.00009546 -0.00000003 0.00029009 0.00031163 0.00029917
shell0_X0_Y0_Z0_mono0_fix1/shell0_X0_Y0_Z0_mono1_fix1/shell1_X-1_Y-1_Z1_mono0_fix1//test20tig_AVDZ// DONE 4.832536863788853 9.333735909753628 7.7416525542166985 21.90792532775918 4 0.00014615 -0.00001546 -0.00001542 -0.00000001 0.00016158 0.00018005 0.00016937
shell0_X0_Y0_Z0_mono0_fix1/shell1_X1_Y0_Z-1_mono1_fix1/shell1_X0_Y1_Z0_mono1_fix1//test20tig_AVDZ// DONE 7.741652423640553 4.8325372673373375 9.333735696013983 21.907925386991874 2 0.00014570 -0.00001546 -0.00001546 -0.00000001 0.00016117 0.00018066 0.00016939
shell0_X0_Y0_Z0_mono0_fix1/shell1_X-1_Y-1_Z-1_mono0_fix1/shell1_X0_Y-1_Z-1_mono0_fix1//test20tig_AVDZ// DONE 9.220399005428119 8.21547938783387 4.576817879131266 22.012696272393253 6 0.00034635 -0.00007410 -0.00007511 -0.00000002 0.00042148 0.00038962 0.00040804
shell0_X0_Y0_Z0_mono0_fix1/shell1_X-1_Y-1_Z0_mono0_fix1/shell1_X1_Y0_Z0_mono0_fix1//test20tig_AVDZ// DONE 7.206164883641014 4.576817879131266 10.281259045415679 22.06424180818796 6 -0.00007582 0.00003071 0.00003111 -0.00000001 -0.00010691 -0.00010224 -0.00010494
shell0_X0_Y0_Z0_mono0_fix1/shell1_X0_Y-1_Z-1_mono0_fix1/shell1_X-1_Y0_Z0_mono0_fix1//test20tig_AVDZ// DONE 8.21547938783387 4.576817879131266 9.287303895161147 22.07960116212628 6 0.00023705 0.00002493 0.00002579 -0.00000002 0.00021127 0.00020990 0.00021069
shell0_X0_Y0_Z0_mono0_fix1/shell1_X-1_Y0_Z0_mono0_fix1/shell1_X1_Y-1_Z0_mono0_fix1//test20tig_AVDZ// DONE 4.576817879131266 7.234555636358268 10.301594281051562 22.112967796541096 6 -0.00014555 -0.00004962 -0.00004937 -0.00000002 -0.00009617 -0.00009945 -0.00009755
shell0_X0_Y0_Z0_mono0_fix1/shell1_X-1_Y1_Z-1_mono0_fix1/shell1_X0_Y1_Z-1_mono0_fix1//test20tig_AVDZ// DONE 9.295639787140068 8.30173601819067 4.576817879131266 22.174193684462004 6 0.00016414 -0.00000624 -0.00000630 -0.00000002 0.00017046 0.00016858 0.00016967
shell0_X0_Y0_Z0_mono0_fix1/shell1_X0_Y1_Z-1_mono0_fix1/shell1_X1_Y1_Z-1_mono0_fix1//test20tig_AVDZ// DONE 8.30173601819067 9.333735909753628 4.576817879131266 22.212289807075564 6 0.00017474 -0.00000514 -0.00000485 -0.00000002 0.00017960 0.00016251 0.00017239
shell0_X0_Y0_Z0_mono0_fix1/shell1_X-1_Y0_Z-1_mono0_fix1/shell1_X1_Y0_Z0_mono0_fix1//test20tig_AVDZ// DONE 7.357945972453686 4.576817879131266 10.370397658874877 22.30516151045983 6 -0.00005164 0.00003064 0.00003005 -0.00000001 -0.00008168 -0.00007527 -0.00007898
shell0_X0_Y0_Z0_mono0_fix1/shell1_X0_Y-1_Z-1_mono0_fix1/shell1_X0_Y-1_Z-1_mono1_fix1//test20tig_AVDZ// DONE 8.21547938783387 9.311075872665427 4.832536863788853 22.35909212428815 4 0.00028365 -0.00000346 -0.00000466 -0.00000002 0.00028832 0.00028321 0.00028617
shell0_X0_Y0_Z0_mono0_fix1/shell1_X0_Y1_Z0_mono1_fix1/shell2_X0_Y2_Z-1_mono1_fix1//test20tig_AVDZ// DONE 4.8325372673373375 9.311076021291033 8.215479171456105 22.359092460084476 2 0.00028538 -0.00000344 -0.00000466 -0.00000002 0.00029006 0.00028320 0.00028716
shell0_X0_Y0_Z0_mono0_fix1/shell1_X0_Y0_Z-1_mono1_fix1/shell1_X0_Y-1_Z0_mono1_fix1//test20tig_AVDZ// DONE 4.8748181239170645 9.29807416463103 8.215479171456103 22.388371460004198 2 0.00035105 -0.00001547 -0.00001627 -0.00000002 0.00036735 0.00032336 0.00034879
shell0_X0_Y0_Z0_mono0_fix1/shell1_X0_Y-1_Z-1_mono0_fix1/shell1_X0_Y1_Z-1_mono1_fix1//test20tig_AVDZ// DONE 8.21547938783387 4.874818245582405 9.298074429663075 22.388372063079352 4 0.00034836 -0.00001546 -0.00001625 -0.00000002 0.00036464 0.00032736 0.00034891
shell0_X0_Y0_Z0_mono0_fix1/shell1_X-1_Y-1_Z-1_mono0_fix1/shell1_X-1_Y0_Z-1_mono0_fix1//test20tig_AVDZ// DONE 9.220399005428119 7.357945972453686 5.834800797021388 22.413145774903192 6 0.00022819 -0.00000652 -0.00000657 -0.00000001 0.00023477 0.00022602 0.00023108
shell0_X0_Y0_Z0_mono0_fix1/shell0_X0_Y0_Z0_mono1_fix1/shell1_X0_Y-1_Z-1_mono1_fix1//test20tig_AVDZ// DONE 4.832536863788853 9.311075872665427 8.301736003054815 22.445348739509093 2 0.00021185 0.00004271 0.00004197 -0.00000002 0.00016990 0.00019487 0.00018043
shell0_X0_Y0_Z0_mono0_fix1/shell1_X0_Y1_Z-1_mono0_fix1/shell2_X0_Y2_Z-1_mono1_fix1//test20tig_AVDZ// DONE 8.30173601819067 9.311076021291033 4.8325372673373375 22.44534930681904 4 0.00021157 0.00004270 0.00004196 -0.00000002 0.00016963 0.00019485 0.00018027
shell0_X0_Y0_Z0_mono0_fix1/shell1_X1_Y0_Z-1_mono0_fix1/shell2_X2_Y0_Z-1_mono0_fix1//test20tig_AVDZ// DONE 7.4326969331133075 10.458272455392859 4.576817879131266 22.46778726763743 6 -0.00012525 -0.00005049 -0.00004971 -0.00000001 -0.00007552 -0.00007844 -0.00007675
shell0_X0_Y0_Z0_mono0_fix1/shell1_X0_Y-1_Z1_mono0_fix1/shell1_X0_Y-1_Z0_mono1_fix1//test20tig_AVDZ// DONE 8.30173601819067 9.29807416463103 4.8748181239170645 22.474628306738765 4 0.00024128 0.00004269 0.00004295 -0.00000002 0.00019835 0.00019128 0.00019537
shell0_X0_Y0_Z0_mono0_fix1/shell1_X0_Y1_Z-1_mono1_fix1/shell2_X0_Y2_Z0_mono1_fix1//test20tig_AVDZ// DONE 4.874818245582405 9.298074429663075 8.301736003054813 22.47462867830029 2 0.00024134 0.00004269 0.00004291 -0.00000002 0.00019845 0.00019129 0.00019543
shell0_X0_Y0_Z0_mono0_fix1/shell1_X-1_Y-1_Z-1_mono0_fix1/shell1_X-1_Y-1_Z0_mono0_fix1//test20tig_AVDZ// DONE 9.220399005428119 7.206164883641014 6.052387884674758 22.47895177374389 6 0.00020503 -0.00000264 -0.00000281 -0.00000001 0.00020785 0.00021902 0.00021256
shell0_X0_Y0_Z0_mono0_fix1/shell1_X-1_Y0_Z-1_mono0_fix1/shell1_X-1_Y1_Z-1_mono0_fix1//test20tig_AVDZ// DONE 7.357945972453686 9.295639787140068 5.834800797021388 22.48838655661514 6 0.00006119 0.00004145 0.00004117 -0.00000001 0.00002003 0.00003653 0.00002699
shell0_X0_Y0_Z0_mono0_fix1/shell1_X1_Y-1_Z-1_mono0_fix1/shell1_X1_Y0_Z-1_mono0_fix1//test20tig_AVDZ// DONE 9.287303895161147 7.4326969331133075 5.834800797021388 22.55480162529584 6 0.00017225 -0.00000829 -0.00000990 -0.00000002 0.00018217 0.00018788 0.00018458
shell0_X0_Y0_Z0_mono0_fix1/shell1_X1_Y-1_Z-1_mono0_fix1/shell1_X1_Y-1_Z0_mono0_fix1//test20tig_AVDZ// DONE 9.287303895161147 7.234555636358268 6.052387884674758 22.574247416194172 6 0.00016877 -0.00000087 -0.00000107 -0.00000001 0.00016985 0.00017525 0.00017213
shell0_X0_Y0_Z0_mono0_fix1/shell1_X-1_Y1_Z-1_mono0_fix1/shell1_X0_Y0_Z-1_mono0_fix1//test20tig_AVDZ// DONE 9.295639787140068 6.052387884674759 7.234555636358268 22.582583308173092 6 0.00005341 -0.00000001 0.00000024 -0.00000001 0.00005318 0.00006236 0.00005705
shell0_X0_Y0_Z0_mono0_fix1/shell1_X0_Y0_Z-1_mono0_fix1/shell1_X1_Y1_Z-1_mono0_fix1//test20tig_AVDZ// DONE 6.052387884674759 9.333735909753628 7.206164883641014 22.5922886780694 6 0.00005275 0.00003046 0.00003136 -0.00000001 0.00002141 0.00002991 0.00002500
shell0_X0_Y0_Z0_mono0_fix1/shell1_X1_Y0_Z-1_mono0_fix1/shell1_X1_Y1_Z-1_mono0_fix1//test20tig_AVDZ// DONE 7.4326969331133075 9.333735909753628 5.834800797021388 22.60123363988832 6 0.00006863 0.00000174 0.00000292 -0.00000001 0.00006572 0.00006010 0.00006335
shell0_X0_Y0_Z0_mono0_fix1/shell1_X0_Y1_Z1_mono0_fix1/shell1_X0_Y1_Z1_mono1_fix1//test20tig_AVDZ// DONE 8.21547938783387 9.557279331757533 4.832536863788853 22.605295583380254 4 0.00023787 0.00000229 0.00000159 -0.00000002 0.00023630 0.00024474 0.00023986
shell0_X0_Y0_Z0_mono0_fix1/shell1_X0_Y0_Z1_mono1_fix1/shell1_X0_Y1_Z0_mono1_fix1//test20tig_AVDZ// DONE 9.557279214796873 4.8325372673373375 8.215479171456105 22.605295653590318 2 0.00023840 0.00000229 0.00000161 -0.00000002 0.00023681 0.00024470 0.00024014
shell0_X0_Y0_Z0_mono0_fix1/shell1_X0_Y0_Z-1_mono1_fix1/shell2_X0_Y1_Z-2_mono1_fix1//test20tig_AVDZ// DONE 4.8748181239170645 9.594444174651146 8.215479171456105 22.684741470024314 2 0.00022876 0.00002923 0.00002827 -0.00000001 0.00020050 0.00020561 0.00020266
shell0_X0_Y0_Z0_mono0_fix1/shell1_X0_Y-1_Z-1_mono0_fix1/shell2_X0_Y0_Z-2_mono1_fix1//test20tig_AVDZ// DONE 8.21547938783387 9.594444158397373 4.874818245582405 22.68474179181365 4 0.00022851 0.00002924 0.00002822 -0.00000002 0.00020030 0.00020558 0.00020253
shell0_X0_Y0_Z0_mono0_fix1/shell0_X0_Y0_Z0_mono1_fix1/shell1_X0_Y1_Z1_mono1_fix1//test20tig_AVDZ// DONE 4.832536863788853 9.557279331757533 8.301736003054813 22.6915521986012 2 0.00019104 0.00007497 0.00007522 -0.00000002 0.00011584 0.00017174 0.00013942
shell0_X0_Y0_Z0_mono0_fix1/shell1_X0_Y1_Z-1_mono0_fix1/shell1_X0_Y1_Z0_mono1_fix1//test20tig_AVDZ// DONE 8.30173601819067 4.8325372673373375 9.557279214796873 22.69155250032488 4 0.00019091 0.00007497 0.00007522 -0.00000003 0.00011571 0.00017211 0.00013950
shell0_X0_Y0_Z0_mono0_fix1/shell1_X0_Y0_Z-1_mono1_fix1/shell1_X0_Y-1_Z1_mono0_fix1//test20tig_AVDZ// DONE 4.8748181239170645 8.30173601819067 9.59444417465115 22.770998316758885 4 0.00015578 -0.00001907 -0.00001913 -0.00000002 0.00017493 0.00016352 0.00017012
shell0_X0_Y0_Z0_mono0_fix1/shell1_X0_Y1_Z-1_mono1_fix1/shell2_X0_Y0_Z-2_mono1_fix1//test20tig_AVDZ// DONE 4.874818245582405 9.594444158397373 8.301736003054815 22.770998407034593 2 0.00015576 -0.00001907 -0.00001916 -0.00000002 0.00017494 0.00016351 0.00017012
shell0_X0_Y0_Z0_mono0_fix1/shell1_X-1_Y0_Z-1_mono0_fix1/shell1_X0_Y-1_Z-1_mono0_fix1//test20tig_AVDZ// DONE 7.357945972453686 8.21547938783387 7.234555636358268 22.807980996645824 6 0.00021943 0.00003514 0.00003516 -0.00000002 0.00018428 0.00017082 0.00017860
shell0_X0_Y0_Z0_mono0_fix1/shell1_X-1_Y1_Z0_mono1_fix1/shell1_X1_Y0_Z0_mono1_fix1//test20tig_AVDZ// DONE 4.874819824994216 7.687882795249494 10.281258511186682 22.84396113143039 2 0.00006223 0.00005455 0.00005358 -0.00000001 0.00000866 0.00000947 0.00000900
shell0_X0_Y0_Z0_mono0_fix1/shell1_X-1_Y0_Z0_mono1_fix1/shell2_X-2_Y-1_Z0_mono0_fix1//test20tig_AVDZ// DONE 4.87481984938681 10.281259045415679 7.687883006758034 22.843961901560522 4 0.00006269 0.00005457 0.00005360 -0.00000001 0.00000910 0.00000888 0.00000901
shell0_X0_Y0_Z0_mono0_fix1/shell1_X0_Y-1_Z-1_mono0_fix1/shell1_X1_Y0_Z-1_mono0_fix1//test20tig_AVDZ// DONE 8.21547938783387 7.4326969331133075 7.206164883641014 22.85434120458819 6 0.00023477 0.00003895 0.00003844 -0.00000001 0.00019635 0.00016638 0.00018370
shell0_X0_Y0_Z0_mono0_fix1/shell1_X-1_Y1_Z-1_mono1_fix1/shell1_X1_Y0_Z-1_mono1_fix1//test20tig_AVDZ// DONE 4.832541657327352 7.741652423640553 10.281258511186682 22.855452592154585 2 0.00002871 -0.00006712 -0.00006770 -0.00000001 0.00009642 0.00010207 0.00009880
shell0_X0_Y0_Z0_mono0_fix1/shell1_X1_Y1_Z-1_mono1_fix1/shell2_X2_Y1_Z0_mono0_fix1//test20tig_AVDZ// DONE 7.7416525542166985 10.281259045415679 4.832541803661923 22.855453403294298 4 0.00002857 -0.00006714 -0.00006771 -0.00000001 0.00009629 0.00010222 0.00009879
shell0_X0_Y0_Z0_mono0_fix1/shell1_X-1_Y0_Z0_mono1_fix1/shell1_X1_Y1_Z0_mono1_fix1//test20tig_AVDZ// DONE 4.87481984938681 7.687883006758034 10.301594026468404 22.86429688261325 2 -0.00003338 -0.00001848 -0.00001856 -0.00000001 -0.00001481 -0.00001215 -0.00001369
shell0_X0_Y0_Z0_mono0_fix1/shell1_X-1_Y1_Z0_mono1_fix1/shell2_X-2_Y1_Z0_mono0_fix1//test20tig_AVDZ// DONE 4.874819824994216 10.301594281051562 7.687882795249494 22.864296901295273 4 -0.00003180 -0.00001848 -0.00001856 -0.00000001 -0.00001323 -0.00001213 -0.00001276
shell0_X0_Y0_Z0_mono0_fix1/shell1_X-1_Y0_Z-1_mono0_fix1/shell1_X0_Y1_Z-1_mono0_fix1//test20tig_AVDZ// DONE 7.357945972453686 8.30173601819067 7.206164883641014 22.86584687428537 6 0.00012928 0.00000296 0.00000180 -0.00000002 0.00012750 0.00013053 0.00012878
shell0_X0_Y0_Z0_mono0_fix1/shell1_X-1_Y1_Z-1_mono1_fix1/shell2_X-2_Y1_Z0_mono0_fix1//test20tig_AVDZ// DONE 4.832541657327352 10.301594281051562 7.741652423640553 22.875788362019467 4 0.00002111 0.00000338 0.00000348 -0.00000001 0.00001764 0.00003606 0.00002541
shell0_X0_Y0_Z0_mono0_fix1/shell1_X-1_Y0_Z-1_mono1_fix1/shell1_X1_Y1_Z-1_mono1_fix1//test20tig_AVDZ// DONE 4.832541803661923 7.7416525542166985 10.301594026468404 22.875788384347025 2 0.00002198 0.00000339 0.00000348 -0.00000002 0.00001852 0.00003515 0.00002553
shell0_X0_Y0_Z0_mono0_fix1/shell1_X-1_Y0_Z-1_mono1_fix1/shell1_X1_Y0_Z0_mono1_fix1//test20tig_AVDZ// DONE 4.832541803661923 7.687882795249494 10.370397417600696 22.89082201651211 2 0.00007808 0.00004101 0.00004059 -0.00000001 0.00003750 0.00002253 0.00003118
shell0_X0_Y0_Z0_mono0_fix1/shell1_X-1_Y1_Z-1_mono1_fix1/shell1_X1_Y1_Z0_mono1_fix1//test20tig_AVDZ// DONE 4.832541657327352 7.687883006758034 10.370397417600696 22.890822081686082 2 -0.00001386 -0.00009404 -0.00009393 -0.00000001 0.00008008 0.00005996 0.00007159
shell0_X0_Y0_Z0_mono0_fix1/shell1_X-1_Y0_Z-1_mono1_fix1/shell2_X-2_Y0_Z-1_mono0_fix1//test20tig_AVDZ// DONE 4.832541803661923 10.370397658874877 7.687882795249494 22.890822257786294 4 -0.00001395 -0.00009405 -0.00009391 -0.00000001 0.00007997 0.00005995 0.00007153
shell0_X0_Y0_Z0_mono0_fix1/shell1_X1_Y1_Z0_mono1_fix1/shell2_X2_Y0_Z1_mono0_fix1//test20tig_AVDZ// DONE 7.687883006758034 10.370397658874877 4.832541657327352 22.89082232296026 4 0.00008516 0.00004099 0.00004059 -0.00000001 0.00004457 0.00001370 0.00003155
shell0_X0_Y0_Z0_mono0_fix1/shell1_X0_Y1_Z-1_mono0_fix1/shell1_X1_Y0_Z-1_mono0_fix1//test20tig_AVDZ// DONE 8.30173601819067 7.4326969331133075 7.234555636358268 22.968988587662245 6 0.00011269 -0.00001302 -0.00001330 -0.00000002 0.00012600 0.00011804 0.00012264
shell0_X0_Y0_Z0_mono0_fix1/shell1_X0_Y1_Z0_mono0_fix1/shell2_X0_Y2_Z0_mono0_fix1//test20tig_AVDZ// DONE 5.834800797021388 11.351447454150398 5.834800797021388 23.021049048193174 3 -0.00041511 0.00006835 0.00006858 -0.00000001 -0.00048368 -0.00045368 -0.00047102
shell0_X0_Y0_Z0_mono0_fix1/shell1_X-1_Y-1_Z0_mono0_fix1/shell1_X1_Y-1_Z0_mono0_fix1//test20tig_AVDZ// DONE 7.206164883641014 7.234555636358268 8.63133829007425 23.072058810073532 6 0.00011765 -0.00000641 -0.00000680 -0.00000001 0.00012446 0.00011690 0.00012127
shell0_X0_Y0_Z0_mono0_fix1/shell1_X1_Y0_Z-1_mono1_fix1/shell1_X-1_Y0_Z0_mono1_fix1//test20tig_AVDZ// DONE 7.741652423640553 4.87481984938681 10.45827218511578 23.074744458143144 2 0.00000535 -0.00000475 -0.00000506 -0.00000001 0.00001042 -0.00000678 0.00000316
shell0_X0_Y0_Z0_mono0_fix1/shell1_X1_Y1_Z-1_mono1_fix1/shell1_X-1_Y1_Z0_mono1_fix1//test20tig_AVDZ// DONE 7.7416525542166985 4.874819824994216 10.45827218511578 23.074744564326693 2 0.00002166 0.00000037 0.00000096 -0.00000001 0.00002071 -0.00000541 0.00000969
shell0_X0_Y0_Z0_mono0_fix1/shell1_X1_Y0_Z-1_mono1_fix1/shell2_X2_Y0_Z-1_mono0_fix1//test20tig_AVDZ// DONE 7.741652423640553 10.458272455392859 4.87481984938681 23.07474472842022 4 0.00002159 0.00000037 0.00000095 -0.00000001 0.00002065 -0.00000541 0.00000965
shell0_X0_Y0_Z0_mono0_fix1/shell1_X1_Y1_Z-1_mono1_fix1/shell2_X2_Y0_Z-1_mono0_fix1//test20tig_AVDZ// DONE 7.7416525542166985 10.458272455392859 4.874819824994216 23.074744834603774 4 0.00000526 -0.00000476 -0.00000509 -0.00000001 0.00001036 -0.00000674 0.00000314
shell0_X0_Y0_Z0_mono0_fix1/shell0_X0_Y0_Z0_mono1_fix1/shell1_X1_Y-1_Z0_mono1_fix1//test20tig_AVDZ// DONE 4.832536863788853 11.052017778653015 7.2061641805828875 23.090718823024755 2 -0.00012256 -0.00000078 -0.00000103 -0.00000001 -0.00012153 -0.00010670 -0.00011527
shell0_X0_Y0_Z0_mono0_fix1/shell1_X1_Y1_Z0_mono0_fix1/shell2_X1_Y2_Z0_mono1_fix1//test20tig_AVDZ// DONE 7.206164883641014 11.052018052102294 4.8325372673373375 23.090720203080643 4 -0.00012265 -0.00000078 -0.00000104 -0.00000001 -0.00012159 -0.00010665 -0.00011529
shell0_X0_Y0_Z0_mono0_fix1/shell0_X0_Y0_Z0_mono1_fix1/shell1_X-1_Y1_Z0_mono0_fix1//test20tig_AVDZ// DONE 4.832536863788853 7.234555636358268 11.052017778653015 23.119110278800136 4 -0.00022807 -0.00003164 -0.00003128 -0.00000001 -0.00019679 -0.00018512 -0.00019186
shell0_X0_Y0_Z0_mono0_fix1/shell1_X0_Y1_Z0_mono1_fix1/shell2_X1_Y2_Z0_mono1_fix1//test20tig_AVDZ// DONE 4.8325372673373375 11.052018052102294 7.23455534818809 23.119110667627723 2 -0.00022886 -0.00003166 -0.00003129 -0.00000001 -0.00019755 -0.00018015 -0.00019021
shell0_X0_Y0_Z0_mono0_fix1/shell1_X0_Y0_Z-1_mono1_fix1/shell1_X1_Y-1_Z-1_mono1_fix1//test20tig_AVDZ// DONE 4.8748181239170645 11.082269652642847 7.2061641805828875 23.163251957142798 2 -0.00018570 0.00006582 0.00006673 -0.00000002 -0.00025241 -0.00024677 -0.00025003
shell0_X0_Y0_Z0_mono0_fix1/shell1_X1_Y1_Z0_mono0_fix1/shell2_X1_Y2_Z-1_mono1_fix1//test20tig_AVDZ// DONE 7.206164883641014 11.08226985161873 4.874818245582405 23.163252980842145 4 -0.00018587 0.00006581 0.00006669 -0.00000001 -0.00025255 -0.00024655 -0.00025002
shell0_X0_Y0_Z0_mono0_fix1/shell1_X-1_Y-1_Z0_mono1_fix1/shell1_X0_Y-1_Z0_mono1_fix1//test20tig_AVDZ// DONE 9.311076743517448 9.29807416463103 4.576816950491205 23.185967858639685 2 0.00017295 -0.00000372 -0.00000468 -0.00000001 0.00017765 0.00017305 0.00017571
shell0_X0_Y0_Z0_mono0_fix1/shell2_X-1_Y2_Z0_mono1_fix1/shell2_X0_Y2_Z0_mono1_fix1//test20tig_AVDZ// DONE 9.311076854260124 9.298074429663075 4.576816950491205 23.185968234414403 2 0.00018023 -0.00002722 -0.00002693 -0.00000001 0.00020717 0.00020106 0.00020459
shell0_X0_Y0_Z0_mono0_fix1/shell1_X1_Y0_Z0_mono0_fix1/shell1_X0_Y-1_Z0_mono1_fix1//test20tig_AVDZ// DONE 4.576817879131266 9.29807416463103 9.311076743517448 23.185968787279744 4 0.00018047 -0.00002722 -0.00002694 -0.00000001 0.00020742 0.00020106 0.00020473
shell0_X0_Y0_Z0_mono0_fix1/shell1_X-1_Y0_Z0_mono0_fix1/shell2_X-1_Y2_Z0_mono1_fix1//test20tig_AVDZ// DONE 4.576817879131266 9.311076854260124 9.298074429663075 23.185969163054466 4 0.00017235 -0.00000373 -0.00000470 -0.00000001 0.00017706 0.00017308 0.00017538
shell0_X0_Y0_Z0_mono0_fix1/shell1_X0_Y0_Z-1_mono1_fix1/shell1_X-1_Y1_Z0_mono0_fix1//test20tig_AVDZ// DONE 4.8748181239170645 7.234555636358268 11.082269652642847 23.19164341291818 4 -0.00011298 -0.00007355 -0.00007299 -0.00000001 -0.00003998 -0.00005916 -0.00004807
shell0_X0_Y0_Z0_mono0_fix1/shell1_X0_Y1_Z-1_mono1_fix1/shell2_X1_Y2_Z-1_mono1_fix1//test20tig_AVDZ// DONE 4.874818245582405 11.08226985161873 7.23455534818809 23.191643445389225 2 -0.00011296 -0.00007355 -0.00007301 -0.00000002 -0.00003994 -0.00005913 -0.00004803
shell0_X0_Y0_Z0_mono0_fix1/shell0_X0_Y0_Z0_mono1_fix1/shell1_X1_Y1_Z1_mono0_fix1//test20tig_AVDZ// DONE 4.832536863788853 9.220399005428119 9.298076751720414 23.351012620937386 4 0.00013366 -0.00016117 -0.00016207 -0.00000002 0.00029575 0.00027680 0.00028776
shell0_X0_Y0_Z0_mono0_fix1/shell1_X0_Y1_Z0_mono1_fix1/shell2_X-1_Y2_Z-1_mono1_fix1//test20tig_AVDZ// DONE 4.8325372673373375 9.298076765664977 9.220398664532015 23.35101269753433 2 0.00013354 -0.00016115 -0.00016208 -0.00000002 0.00029564 0.00027680 0.00028769
shell0_X0_Y0_Z0_mono0_fix1/shell1_X-1_Y0_Z-1_mono0_fix1/shell1_X1_Y0_Z-1_mono0_fix1//test20tig_AVDZ// DONE 7.357945972453686 7.4326969331133075 8.63133829007425 23.421981195641244 6 0.00008764 -0.00000643 -0.00000696 -0.00000001 0.00009461 0.00010261 0.00009799
shell0_X0_Y0_Z0_mono0_fix1/shell0_X0_Y0_Z0_mono1_fix1/shell1_X-1_Y-1_Z-1_mono1_fix1//test20tig_AVDZ// DONE 4.832536863788853 9.298076751720414 9.295639782756695 23.426253398265963 2 0.00011210 0.00004953 0.00005034 -0.00000001 0.00006177 0.00010328 0.00007928
shell0_X0_Y0_Z0_mono0_fix1/shell1_X-1_Y1_Z-1_mono0_fix1/shell2_X-1_Y2_Z-1_mono1_fix1//test20tig_AVDZ// DONE 9.295639787140068 9.298076765664977 4.8325372673373375 23.42625382014238 4 0.00011299 0.00004954 0.00005035 -0.00000001 0.00006265 0.00010097 0.00007882
shell0_X0_Y0_Z0_mono0_fix1/shell0_X0_Y0_Z0_mono1_fix1/shell1_X1_Y0_Z1_mono1_fix1//test20tig_AVDZ// DONE 4.832536863788853 11.251269307167787 7.3579458897229895 23.441752060679633 2 -0.00016432 -0.00005402 -0.00005381 -0.00000002 -0.00011049 -0.00010058 -0.00010631
shell0_X0_Y0_Z0_mono0_fix1/shell0_X0_Y0_Z0_mono1_fix1/shell1_X-1_Y0_Z-1_mono0_fix1//test20tig_AVDZ// DONE 4.832536863788853 7.357945972453686 11.251269307167787 23.441752143410326 4 -0.00011995 0.00013387 0.00013324 -0.00000001 -0.00025318 -0.00023234 -0.00024439
shell0_X0_Y0_Z0_mono0_fix1/shell1_X1_Y1_Z1_mono1_fix1/shell1_X0_Y1_Z0_mono1_fix1//test20tig_AVDZ// DONE 11.25126941695398 4.8325372673373375 7.3579458897229895 23.44175257401431 2 -0.00011977 0.00013386 0.00013326 -0.00000001 -0.00025303 -0.00023283 -0.00024451
shell0_X0_Y0_Z0_mono0_fix1/shell1_X-1_Y0_Z-1_mono0_fix1/shell1_X0_Y1_Z0_mono1_fix1//test20tig_AVDZ// DONE 7.357945972453686 4.8325372673373375 11.25126941695398 23.441752656745003 4 -0.00016467 -0.00005403 -0.00005385 -0.00000001 -0.00011081 -0.00010005 -0.00010627
shell0_X0_Y0_Z0_mono0_fix1/shell1_X0_Y0_Z-1_mono1_fix1/shell1_X-1_Y-1_Z0_mono1_fix1//test20tig_AVDZ// DONE 4.8748181239170645 9.311076743517448 9.28730372170711 23.473198589141624 2 0.00018248 -0.00005271 -0.00005252 -0.00000001 0.00023501 0.00022410 0.00023041
shell0_X0_Y0_Z0_mono0_fix1/shell1_X0_Y1_Z-1_mono1_fix1/shell1_X1_Y-1_Z-1_mono0_fix1//test20tig_AVDZ// DONE 4.874818245582405 9.287303895161147 9.311076854260124 23.473198995003678 4 0.00018266 -0.00005270 -0.00005235 -0.00000001 0.00023503 0.00022407 0.00023041
shell0_X0_Y0_Z0_mono0_fix1/shell1_X0_Y0_Z-1_mono1_fix1/shell1_X1_Y1_Z-1_mono0_fix1//test20tig_AVDZ// DONE 4.8748181239170645 9.333735909753628 9.311076743517448 23.51963077718814 4 0.00013847 0.00000304 0.00000413 -0.00000001 0.00013435 0.00012629 0.00013095
shell0_X0_Y0_Z0_mono0_fix1/shell1_X0_Y1_Z-1_mono1_fix1/shell2_X-1_Y2_Z0_mono1_fix1//test20tig_AVDZ// DONE 4.874818245582405 9.311076854260124 9.333735696013983 23.519630795856514 2 0.00013858 0.00000304 0.00000412 -0.00000001 0.00013446 0.00012633 0.00013103
shell0_X0_Y0_Z0_mono0_fix1/shell1_X1_Y1_Z-1_mono1_fix1/shell1_X1_Y0_Z0_mono1_fix1//test20tig_AVDZ// DONE 7.7416525542166985 7.687882795249494 8.215479171456103 23.645014520922295 2 0.00015017 0.00001881 0.00001962 -0.00000001 0.00013057 0.00012776 0.00012939
shell0_X0_Y0_Z0_mono0_fix1/shell1_X0_Y-1_Z-1_mono0_fix1/shell1_X1_Y0_Z-1_mono1_fix1//test20tig_AVDZ// DONE 8.21547938783387 7.741652423640553 7.687883006758034 23.645014818232458 4 0.00015047 0.00001881 0.00001963 -0.00000001 0.00013085 0.00012772 0.00012953
shell0_X0_Y0_Z0_mono0_fix1/shell1_X0_Y0_Z-1_mono1_fix1/shell2_X1_Y0_Z-2_mono1_fix1//test20tig_AVDZ// DONE 4.8748181239170645 11.339343574138505 7.4326967908791595 23.64685848893473 2 -0.00016320 -0.00001624 -0.00001593 -0.00000001 -0.00014726 -0.00016023 -0.00015273
shell0_X0_Y0_Z0_mono0_fix1/shell1_X0_Y0_Z-1_mono1_fix1/shell1_X-1_Y0_Z1_mono0_fix1//test20tig_AVDZ// DONE 4.8748181239170645 7.4326969331133075 11.339343574138505 23.646858631168875 4 -0.00010741 -0.00005011 -0.00005033 -0.00000001 -0.00005707 -0.00006119 -0.00005881
shell0_X0_Y0_Z0_mono0_fix1/shell1_X0_Y1_Z-1_mono1_fix1/shell2_X1_Y1_Z-2_mono1_fix1//test20tig_AVDZ// DONE 4.874818245582405 11.33934361654418 7.4326967908791595 23.646858653005747 2 -0.00010729 -0.00005011 -0.00005028 -0.00000001 -0.00005700 -0.00006124 -0.00005879
shell0_X0_Y0_Z0_mono0_fix1/shell1_X0_Y1_Z-1_mono1_fix1/shell1_X-1_Y0_Z1_mono0_fix1//test20tig_AVDZ// DONE 4.874818245582405 7.4326969331133075 11.33934361654418 23.646858795239893 4 -0.00016326 -0.00001624 -0.00001593 -0.00000001 -0.00014731 -0.00016029 -0.00015279
shell0_X0_Y0_Z0_mono0_fix1/shell1_X0_Y0_Z1_mono1_fix1/shell1_X-1_Y1_Z0_mono1_fix1//test20tig_AVDZ// DONE 9.557279214796873 4.874819824994216 9.220398664532015 23.652497704323103 2 0.00013105 -0.00012555 -0.00012574 -0.00000001 0.00025680 0.00024002 0.00024972
shell0_X0_Y0_Z0_mono0_fix1/shell1_X-1_Y-1_Z-1_mono0_fix1/shell1_X-1_Y0_Z0_mono1_fix1//test20tig_AVDZ// DONE 9.220399005428119 4.87481984938681 9.557279331757533 23.652498186572462 4 0.00013101 -0.00012558 -0.00012576 -0.00000001 0.00025679 0.00024007 0.00024974
shell0_X0_Y0_Z0_mono0_fix1/shell1_X1_Y0_Z0_mono1_fix1/shell2_X2_Y0_Z0_mono1_fix1//test20tig_AVDZ// DONE 7.687882795249494 11.423339923096975 4.576816950491205 23.688039668837675 2 -0.00008227 0.00000198 0.00000203 -0.00000001 -0.00008429 -0.00009661 -0.00008948
shell0_X0_Y0_Z0_mono0_fix1/shell1_X1_Y1_Z0_mono1_fix1/shell2_X2_Y1_Z0_mono1_fix1//test20tig_AVDZ// DONE 7.687883006758034 11.423340031243132 4.576816950491205 23.68803998849237 2 -0.00016973 -0.00000402 -0.00000412 -0.00000001 -0.00016560 -0.00017017 -0.00016753
shell0_X0_Y0_Z0_mono0_fix1/shell1_X-1_Y0_Z0_mono0_fix1/shell1_X1_Y0_Z0_mono1_fix1//test20tig_AVDZ// DONE 4.576817879131266 7.687882795249494 11.423339923096975 23.688040597477734 4 -0.00016976 -0.00000401 -0.00000414 -0.00000001 -0.00016560 -0.00017019 -0.00016754
shell0_X0_Y0_Z0_mono0_fix1/shell1_X-1_Y0_Z0_mono0_fix1/shell1_X1_Y1_Z0_mono1_fix1//test20tig_AVDZ// DONE 4.576817879131266 7.687883006758034 11.423340031243132 23.688040917132433 4 -0.00008221 0.00000198 0.00000203 -0.00000001 -0.00008422 -0.00009660 -0.00008944
shell0_X0_Y0_Z0_mono0_fix1/shell0_X0_Y0_Z0_mono1_fix1/shell1_X1_Y-1_Z-1_mono0_fix1//test20tig_AVDZ// DONE 4.832536863788853 9.287303895161147 9.594443452897366 23.714284211847364 4 0.00005919 -0.00006015 -0.00006057 -0.00000002 0.00011978 0.00019046 0.00014960
shell0_X0_Y0_Z0_mono0_fix1/shell1_X-1_Y0_Z1_mono1_fix1/shell1_X0_Y1_Z0_mono1_fix1//test20tig_AVDZ// DONE 9.594443387322988 4.8325372673373375 9.28730372170711 23.714284376367438 2 0.00005920 -0.00006016 -0.00006058 -0.00000002 0.00011979 0.00019043 0.00014959
shell0_X0_Y0_Z0_mono0_fix1/shell1_X0_Y0_Z1_mono1_fix1/shell1_X1_Y-1_Z1_mono0_fix1//test20tig_AVDZ// DONE 9.557279214796873 9.295639787140068 4.874819824994216 23.727738826931155 4 0.00011001 -0.00001342 -0.00001301 -0.00000001 0.00012302 0.00012938 0.00012571
shell0_X0_Y0_Z0_mono0_fix1/shell1_X0_Y1_Z1_mono1_fix1/shell1_X-1_Y0_Z0_mono1_fix1//test20tig_AVDZ// DONE 9.557279331757533 4.87481984938681 9.295639782756695 23.72773896390104 2 0.00010983 -0.00001343 -0.00001300 -0.00000001 0.00012283 0.00012937 0.00012559
shell0_X0_Y0_Z0_mono0_fix1/shell1_X-1_Y0_Z1_mono1_fix1/shell1_X0_Y0_Z1_mono1_fix1//test20tig_AVDZ// DONE 9.594443387322988 9.557279214796873 4.576816950491205 23.728539552611068 2 0.00012867 0.00001054 0.00001051 -0.00000001 0.00011818 0.00012601 0.00012148
shell0_X0_Y0_Z0_mono0_fix1/shell1_X-1_Y1_Z1_mono1_fix1/shell1_X0_Y1_Z1_mono1_fix1//test20tig_AVDZ// DONE 9.594443452897366 9.557279331757533 4.576816950491205 23.728539735146107 2 0.00015865 -0.00000980 -0.00001007 -0.00000001 0.00016874 0.00015497 0.00016293
shell0_X0_Y0_Z0_mono0_fix1/shell1_X0_Y0_Z1_mono1_fix1/shell1_X1_Y0_Z0_mono0_fix1//test20tig_AVDZ// DONE 9.557279214796873 4.576817879131266 9.594443387322988 23.728540481251127 4 0.00016312 -0.00000979 -0.00001007 -0.00000001 0.00017320 0.00015493 0.00016549
shell0_X0_Y0_Z0_mono0_fix1/shell1_X0_Y1_Z1_mono1_fix1/shell1_X1_Y0_Z0_mono0_fix1//test20tig_AVDZ// DONE 9.557279331757533 4.576817879131266 9.594443452897366 23.728540663786163 4 0.00012889 0.00001053 0.00001050 -0.00000002 0.00011841 0.00012561 0.00012145
shell0_X0_Y0_Z0_mono0_fix1/shell1_X0_Y1_Z-1_mono0_fix1/shell1_X1_Y1_Z-1_mono1_fix1//test20tig_AVDZ// DONE 8.30173601819067 7.7416525542166985 7.687882795249494 23.731271367656863 4 0.00006412 -0.00000813 -0.00000728 -0.00000002 0.00007142 0.00007609 0.00007339
shell0_X0_Y0_Z0_mono0_fix1/shell1_X1_Y0_Z-1_mono1_fix1/shell1_X1_Y1_Z0_mono1_fix1//test20tig_AVDZ// DONE 7.741652423640553 7.687883006758034 8.301736003054813 23.7312714334534 2 0.00006293 -0.00000813 -0.00000725 -0.00000002 0.00007020 0.00007608 0.00007268
shell0_X0_Y0_Z0_mono0_fix1/shell0_X0_Y0_Z0_mono1_fix1/shell1_X-1_Y1_Z1_mono1_fix1//test20tig_AVDZ// DONE 4.832536863788853 9.594443452897366 9.333735696013983 23.7607160127002 2 0.00015632 0.00007257 0.00007316 -0.00000001 0.00008317 0.00008949 0.00008584
shell0_X0_Y0_Z0_mono0_fix1/shell1_X1_Y1_Z-1_mono0_fix1/shell1_X0_Y1_Z0_mono1_fix1//test20tig_AVDZ// DONE 9.333735909753628 4.8325372673373375 9.594443387322988 23.760716564413954 4 0.00015634 0.00007258 0.00007315 -0.00000001 0.00008320 0.00008949 0.00008585
shell0_X0_Y0_Z0_mono0_fix1/shell1_X1_Y0_Z-1_mono1_fix1/shell2_X2_Y0_Z-1_mono1_fix1//test20tig_AVDZ// DONE 7.741652423640553 11.47158597420565 4.576816950491205 23.79005534833741 2 -0.00008749 0.00000434 0.00000400 -0.00000001 -0.00009147 -0.00012315 -0.00010484
shell0_X0_Y0_Z0_mono0_fix1/shell1_X1_Y1_Z-1_mono1_fix1/shell2_X2_Y1_Z-1_mono1_fix1//test20tig_AVDZ// DONE 7.7416525542166985 11.471586058415966 4.576816950491205 23.79005556312387 2 -0.00012199 -0.00002318 -0.00002245 -0.00000001 -0.00009953 -0.00011576 -0.00010637
shell0_X0_Y0_Z0_mono0_fix1/shell1_X1_Y0_Z-1_mono1_fix1/shell1_X-1_Y0_Z0_mono0_fix1//test20tig_AVDZ// DONE 7.741652423640553 4.576817879131266 11.47158597420565 23.790056276977467 4 -0.00012201 -0.00002317 -0.00002245 -0.00000001 -0.00009954 -0.00011570 -0.00010636
shell0_X0_Y0_Z0_mono0_fix1/shell1_X1_Y1_Z-1_mono1_fix1/shell1_X-1_Y0_Z0_mono0_fix1//test20tig_AVDZ// DONE 7.7416525542166985 4.576817879131266 11.471586058415966 23.79005649176393 4 -0.00008732 0.00000434 0.00000399 -0.00000001 -0.00009130 -0.00012317 -0.00010475
shell0_X0_Y0_Z0_mono0_fix1/shell1_X0_Y0_Z-1_mono0_fix1/shell1_X0_Y0_Z1_mono0_fix1//test20tig_AVDZ// DONE 6.052387884674759 6.052387884674758 11.793340778908906 23.89811654825842 3 -0.00026079 0.00004032 0.00003930 -0.00000001 -0.00030008 -0.00028614 -0.00029420
shell0_X0_Y0_Z0_mono0_fix1/shell1_X1_Y1_Z0_mono1_fix1/shell2_X0_Y2_Z0_mono1_fix1//test20tig_AVDZ// DONE 7.687883006758034 9.298074429663075 7.2061641805828875 24.192121617004 2 0.00009086 -0.00001075 -0.00001094 -0.00000001 0.00010180 0.00010708 0.00010403
shell0_X0_Y0_Z0_mono0_fix1/shell1_X-1_Y-1_Z0_mono0_fix1/shell1_X0_Y-1_Z0_mono1_fix1//test20tig_AVDZ// DONE 7.206164883641014 9.29807416463103 7.687882795249494 24.192121843521537 4 0.00009396 -0.00001075 -0.00001091 -0.00000001 0.00010488 0.00010708 0.00010581
shell0_X0_Y0_Z0_mono0_fix1/shell1_X1_Y0_Z0_mono1_fix1/shell1_X0_Y-1_Z0_mono1_fix1//test20tig_AVDZ// DONE 7.687882795249494 9.29807416463103 7.23455534818809 24.220512308068614 2 0.00006646 0.00000470 0.00000522 -0.00000001 0.00006125 0.00007371 0.00006650
shell0_X0_Y0_Z0_mono0_fix1/shell1_X-1_Y1_Z0_mono0_fix1/shell2_X0_Y2_Z0_mono1_fix1//test20tig_AVDZ// DONE 7.234555636358268 9.298074429663075 7.687883006758034 24.220513072779376 4 0.00006848 0.00000470 0.00000524 -0.00000001 0.00006325 0.00007375 0.00006768
shell0_X0_Y0_Z0_mono0_fix1/shell1_X1_Y1_Z-1_mono1_fix1/shell2_X0_Y2_Z-1_mono1_fix1//test20tig_AVDZ// DONE 7.7416525542166985 9.311076021291033 7.2061641805828875 24.25889275609062 2 0.00007457 0.00000351 0.00000216 -0.00000001 0.00007242 0.00007950 0.00007541
shell0_X0_Y0_Z0_mono0_fix1/shell1_X0_Y-1_Z-1_mono1_fix1/shell1_X-1_Y-1_Z0_mono0_fix1//test20tig_AVDZ// DONE 9.311075872665427 7.206164883641014 7.741652423640553 24.258893179946995 4 0.00007444 0.00000351 0.00000215 -0.00000001 0.00007230 0.00007949 0.00007534
shell0_X0_Y0_Z0_mono0_fix1/shell1_X0_Y-1_Z-1_mono1_fix1/shell1_X1_Y0_Z-1_mono1_fix1//test20tig_AVDZ// DONE 9.311075872665427 7.741652423640553 7.23455534818809 24.287283644494067 2 0.00008186 0.00000348 0.00000367 -0.00000001 0.00007820 0.00008327 0.00008034
shell0_X0_Y0_Z0_mono0_fix1/shell1_X1_Y1_Z-1_mono1_fix1/shell1_X1_Y-1_Z0_mono0_fix1//test20tig_AVDZ// DONE 7.7416525542166985 7.234555636358268 9.311076021291033 24.287284211865998 4 0.00007999 0.00000348 0.00000366 -0.00000001 0.00007634 0.00008326 0.00007926
shell0_X0_Y0_Z0_mono0_fix1/shell1_X-1_Y1_Z-1_mono1_fix1/shell1_X1_Y0_Z0_mono1_fix1//test20tig_AVDZ// DONE 4.832541657327352 7.687882795249494 11.772367437680082 24.29279189025693 2 -0.00019523 -0.00005310 -0.00005408 -0.00000001 -0.00014115 -0.00011352 -0.00012949
shell0_X0_Y0_Z0_mono0_fix1/shell1_X1_Y1_Z0_mono1_fix1/shell2_X2_Y1_Z1_mono0_fix1//test20tig_AVDZ// DONE 7.687883006758034 11.772367791361654 4.832541803661923 24.29279260178161 4 -0.00019724 -0.00005310 -0.00005412 -0.00000001 -0.00014311 -0.00011353 -0.00013063
shell0_X0_Y0_Z0_mono0_fix1/shell1_X-1_Y1_Z-1_mono1_fix1/shell2_X-2_Y1_Z-1_mono0_fix1//test20tig_AVDZ// DONE 4.832541657327352 11.815540326094641 7.687882795249494 24.335964778671485 4 -0.00010745 -0.00000667 -0.00000711 -0.00000001 -0.00010033 -0.00007712 -0.00009054
shell0_X0_Y0_Z0_mono0_fix1/shell1_X-1_Y0_Z-1_mono1_fix1/shell1_X1_Y1_Z0_mono1_fix1//test20tig_AVDZ// DONE 4.832541803661923 7.687883006758034 11.815540228992958 24.335965039412915 2 -0.00010777 -0.00000668 -0.00000715 -0.00000001 -0.00010062 -0.00007685 -0.00009059
shell0_X0_Y0_Z0_mono0_fix1/shell1_X1_Y1_Z-1_mono1_fix1/shell1_X-1_Y0_Z0_mono1_fix1//test20tig_AVDZ// DONE 7.7416525542166985 4.87481984938681 11.859669417156478 24.476141820759988 2 -0.00011626 -0.00000895 -0.00001032 -0.00000001 -0.00010592 -0.00010182 -0.00010419
shell0_X0_Y0_Z0_mono0_fix1/shell1_X1_Y0_Z-1_mono1_fix1/shell2_X2_Y-1_Z-1_mono0_fix1//test20tig_AVDZ// DONE 7.741652423640553 11.85966960615678 4.874819824994216 24.47614185479155 4 -0.00011615 -0.00000895 -0.00001034 -0.00000001 -0.00010581 -0.00010182 -0.00010413
shell0_X0_Y0_Z0_mono0_fix1/shell1_X1_Y0_Z-1_mono1_fix1/shell1_X-1_Y1_Z0_mono1_fix1//test20tig_AVDZ// DONE 7.741652423640553 4.874819824994216 11.875393728805076 24.491865977439844 2 -0.00006915 -0.00001331 -0.00001280 -0.00000001 -0.00005634 -0.00007470 -0.00006408
shell0_X0_Y0_Z0_mono0_fix1/shell1_X1_Y1_Z-1_mono1_fix1/shell2_X2_Y1_Z-1_mono0_fix1//test20tig_AVDZ// DONE 7.7416525542166985 11.875394026584075 4.87481984938681 24.491866430187585 4 -0.00006906 -0.00001331 -0.00001281 -0.00000001 -0.00005624 -0.00007472 -0.00006403
shell0_X0_Y0_Z0_mono0_fix1/shell1_X1_Y-1_Z0_mono1_fix1/shell1_X1_Y0_Z0_mono1_fix1//test20tig_AVDZ// DONE 11.052017778653015 7.687882795249494 5.83480027387607 24.57470084777858 2 0.00001617 0.00001672 0.00001637 -0.00000001 -0.00000019 0.00000561 0.00000226
shell0_X0_Y0_Z0_mono0_fix1/shell1_X1_Y1_Z0_mono1_fix1/shell2_X1_Y2_Z0_mono1_fix1//test20tig_AVDZ// DONE 7.687883006758034 11.052018052102294 5.83480027387607 24.5747013327364 2 -0.00000995 -0.00000902 -0.00000900 -0.00000001 -0.00000094 0.00000165 0.00000015
shell0_X0_Y0_Z0_mono0_fix1/shell1_X1_Y-1_Z0_mono1_fix1/shell1_X0_Y-1_Z0_mono0_fix1//test20tig_AVDZ// DONE 11.052017778653015 5.83480079702139 7.687882795249494 24.574701370923897 4 -0.00000999 -0.00000903 -0.00000899 -0.00000001 -0.00000100 0.00000163 0.00000011
shell0_X0_Y0_Z0_mono0_fix1/shell1_X0_Y1_Z0_mono0_fix1/shell2_X1_Y2_Z0_mono1_fix1//test20tig_AVDZ// DONE 5.834800797021388 11.052018052102294 7.687883006758034 24.574701855881717 4 0.00001913 0.00001672 0.00001638 -0.00000001 0.00000276 0.00000149 0.00000223
shell0_X0_Y0_Z0_mono0_fix1/shell1_X1_Y-1_Z-1_mono1_fix1/shell1_X1_Y0_Z-1_mono1_fix1//test20tig_AVDZ// DONE 11.082269652642847 7.741652423640553 5.83480027387607 24.65872235015947 2 0.00001074 -0.00000872 -0.00000918 -0.00000001 0.00001993 0.00001580 0.00001819
shell0_X0_Y0_Z0_mono0_fix1/shell1_X1_Y1_Z-1_mono1_fix1/shell2_X1_Y2_Z-1_mono1_fix1//test20tig_AVDZ// DONE 7.7416525542166985 11.08226985161873 5.83480027387607 24.6587226797115 2 0.00001526 -0.00000756 -0.00000707 -0.00000001 0.00002234 0.00002168 0.00002206
shell0_X0_Y0_Z0_mono0_fix1/shell1_X1_Y-1_Z-1_mono1_fix1/shell1_X0_Y-1_Z0_mono0_fix1//test20tig_AVDZ// DONE 11.082269652642847 5.83480079702139 7.741652423640553 24.65872287330479 4 0.00001541 -0.00000757 -0.00000708 -0.00000001 0.00002250 0.00002173 0.00002217
shell0_X0_Y0_Z0_mono0_fix1/shell1_X0_Y1_Z0_mono0_fix1/shell2_X1_Y2_Z-1_mono1_fix1//test20tig_AVDZ// DONE 5.834800797021388 11.08226985161873 7.7416525542166985 24.658723202856816 4 0.00001085 -0.00000871 -0.00000920 -0.00000001 0.00002006 0.00001581 0.00001827
shell0_X0_Y0_Z0_mono0_fix1/shell1_X0_Y-1_Z-1_mono1_fix1/shell1_X0_Y0_Z-1_mono0_fix1//test20tig_AVDZ// DONE 9.311075872665427 6.052387884674759 9.298074164631034 24.661537921971217 4 0.00006706 -0.00000897 -0.00001026 -0.00000001 0.00007733 0.00007588 0.00007672
shell0_X0_Y0_Z0_mono0_fix1/shell1_X0_Y-1_Z-1_mono1_fix1/shell1_X0_Y-1_Z0_mono1_fix1//test20tig_AVDZ// DONE 9.311075872665427 9.29807416463103 6.052388083568135 24.661538120864595 2 0.00005685 -0.00001846 -0.00001978 -0.00000001 0.00007664 0.00007234 0.00007483
shell0_X0_Y0_Z0_mono0_fix1/shell1_X0_Y0_Z-1_mono0_fix1/shell2_X0_Y2_Z-1_mono1_fix1//test20tig_AVDZ// DONE 6.052387884674759 9.311076021291033 9.298074429663075 24.661538335628865 4 0.00005701 -0.00001845 -0.00001978 -0.00000001 0.00007680 0.00007227 0.00007489
shell0_X0_Y0_Z0_mono0_fix1/shell2_X0_Y2_Z-1_mono1_fix1/shell2_X0_Y2_Z0_mono1_fix1//test20tig_AVDZ// DONE 9.311076021291033 9.298074429663075 6.052388083568135 24.661538534522244 2 0.00006704 -0.00000896 -0.00001029 -0.00000001 0.00007733 0.00007587 0.00007672
shell0_X0_Y0_Z0_mono0_fix1/shell1_X0_Y0_Z1_mono1_fix1/shell1_X1_Y0_Z0_mono1_fix1//test20tig_AVDZ// DONE 9.557279214796873 7.687882795249494 7.4326967908791595 24.677858800925527 2 0.00007981 0.00000716 0.00000619 -0.00000001 0.00007363 0.00006361 0.00006940
shell0_X0_Y0_Z0_mono0_fix1/shell1_X-1_Y0_Z1_mono0_fix1/shell1_X0_Y0_Z1_mono1_fix1//test20tig_AVDZ// DONE 7.4326969331133075 9.557279214796873 7.687882795249494 24.677858943159674 4 0.00007993 0.00000693 0.00000509 -0.00000001 0.00007485 0.00007272 0.00007395
shell0_X0_Y0_Z0_mono0_fix1/shell1_X0_Y1_Z1_mono1_fix1/shell1_X1_Y1_Z0_mono1_fix1//test20tig_AVDZ// DONE 9.557279331757533 7.687883006758034 7.4326967908791595 24.677859129394726 2 0.00008000 0.00000693 0.00000509 -0.00000001 0.00007492 0.00007270 0.00007399
shell0_X0_Y0_Z0_mono0_fix1/shell1_X1_Y0_Z-1_mono0_fix1/shell1_X1_Y1_Z0_mono1_fix1//test20tig_AVDZ// DONE 7.4326969331133075 7.687883006758034 9.557279331757533 24.677859271628876 4 0.00007965 0.00000716 0.00000615 -0.00000001 0.00007352 0.00006362 0.00006934
shell0_X0_Y0_Z0_mono0_fix1/shell1_X1_Y0_Z-1_mono1_fix1/shell2_X0_Y0_Z-2_mono1_fix1//test20tig_AVDZ// DONE 7.741652423640553 9.594444158397373 7.3579458897229895 24.694042471760916 2 0.00006770 -0.00000159 -0.00000228 -0.00000001 0.00006999 0.00007650 0.00007274
shell0_X0_Y0_Z0_mono0_fix1/shell1_X-1_Y0_Z-1_mono0_fix1/shell2_X0_Y0_Z-2_mono1_fix1//test20tig_AVDZ// DONE 7.357945972453686 9.594444158397373 7.741652423640553 24.69404255449161 4 0.00005278 0.00000575 0.00000444 -0.00000001 0.00004835 0.00006282 0.00005445
shell0_X0_Y0_Z0_mono0_fix1/shell1_X1_Y1_Z-1_mono1_fix1/shell2_X0_Y1_Z-2_mono1_fix1//test20tig_AVDZ// DONE 7.7416525542166985 9.594444174651146 7.3579458897229895 24.694042618590835 2 0.00005264 0.00000575 0.00000445 -0.00000001 0.00004820 0.00006281 0.00005437
shell0_X0_Y0_Z0_mono0_fix1/shell1_X-1_Y0_Z-1_mono0_fix1/shell2_X0_Y1_Z-2_mono1_fix1//test20tig_AVDZ// DONE 7.357945972453686 9.594444174651146 7.7416525542166985 24.694042701321532 4 0.00006687 -0.00000159 -0.00000231 -0.00000001 0.00006919 0.00007650 0.00007227
shell0_X0_Y0_Z0_mono0_fix1/shell1_X0_Y1_Z0_mono0_fix1/shell2_X-2_Y0_Z0_mono0_fix1//test20tig_AVDZ// DONE 5.834800797021388 8.63133829007425 10.281259045415679 24.747398132511314 6 0.00008014 0.00001203 0.00001269 -0.00000000 0.00006746 0.00005977 0.00006422
shell0_X0_Y0_Z0_mono0_fix1/shell1_X0_Y1_Z0_mono0_fix1/shell2_X2_Y0_Z0_mono0_fix1//test20tig_AVDZ// DONE 5.834800797021388 8.63133829007425 10.301594281051562 24.767733368147198 6 0.00003341 -0.00001091 -0.00001033 -0.00000001 0.00004375 0.00005001 0.00004639
shell0_X0_Y0_Z0_mono0_fix1/shell0_X0_Y0_Z0_mono1_fix1/shell2_X2_Y0_Z0_mono1_fix1//test20tig_AVDZ// DONE 4.832536863788853 11.423339923096975 8.631337775704774 24.8872145625906 2 0.00001316 0.00000290 0.00000272 -0.00000001 0.00001045 0.00003537 0.00002096
shell0_X0_Y0_Z0_mono0_fix1/shell1_X0_Y1_Z0_mono1_fix1/shell2_X2_Y1_Z0_mono1_fix1//test20tig_AVDZ// DONE 4.8325372673373375 11.423340031243132 8.631337775704774 24.887215074285244 2 -0.00005127 -0.00005442 -0.00005414 -0.00000001 0.00000288 0.00002289 0.00001132
shell0_X0_Y0_Z0_mono0_fix1/shell0_X0_Y0_Z0_mono1_fix1/shell2_X-2_Y0_Z0_mono0_fix1//test20tig_AVDZ// DONE 4.832536863788853 8.63133829007425 11.423339923096975 24.88721507696008 4 -0.00005035 -0.00005442 -0.00005415 -0.00000001 0.00000381 0.00002206 0.00001151
shell0_X0_Y0_Z0_mono0_fix1/shell1_X0_Y1_Z0_mono1_fix1/shell2_X-2_Y0_Z0_mono0_fix1//test20tig_AVDZ// DONE 4.8325372673373375 8.63133829007425 11.423340031243132 24.88721558865472 4 0.00001315 0.00000290 0.00000268 -0.00000001 0.00001048 0.00003524 0.00002093
shell0_X0_Y0_Z0_mono0_fix1/shell1_X1_Y-1_Z0_mono1_fix1/shell1_X0_Y-1_Z0_mono1_fix1//test20tig_AVDZ// DONE 11.052017778653015 9.29807416463103 4.576816950491205 24.92690889377525 2 0.00007595 0.00000760 0.00000777 -0.00000001 0.00006819 0.00005328 0.00006190
shell0_X0_Y0_Z0_mono0_fix1/shell2_X0_Y2_Z0_mono1_fix1/shell2_X1_Y2_Z0_mono1_fix1//test20tig_AVDZ// DONE 9.298074429663075 11.052018052102294 4.576816950491205 24.926909432256572 2 0.00006359 0.00001381 0.00001368 -0.00000001 0.00004992 0.00003808 0.00004492
shell0_X0_Y0_Z0_mono0_fix1/shell1_X-1_Y0_Z0_mono0_fix1/shell1_X0_Y-1_Z0_mono1_fix1//test20tig_AVDZ// DONE 4.576817879131266 9.29807416463103 11.052017778653015 24.92690982241531 4 0.00006347 0.00001381 0.00001367 -0.00000001 0.00004981 0.00003811 0.00004488
shell0_X0_Y0_Z0_mono0_fix1/shell1_X-1_Y0_Z0_mono0_fix1/shell2_X0_Y2_Z0_mono1_fix1//test20tig_AVDZ// DONE 4.576817879131266 9.298074429663075 11.052018052102294 24.926910360896635 4 0.00007604 0.00000760 0.00000776 -0.00000001 0.00006829 0.00005325 0.00006195
shell0_X0_Y0_Z0_mono0_fix1/shell1_X0_Y0_Z1_mono1_fix1/shell1_X0_Y1_Z1_mono1_fix1//test20tig_AVDZ// DONE 9.557279214796873 9.557279331757533 5.83480027387607 24.949358820430476 2 0.00001668 -0.00002226 -0.00002284 -0.00000001 0.00003953 0.00006986 0.00005232
shell0_X0_Y0_Z0_mono0_fix1/shell1_X0_Y0_Z1_mono1_fix1/shell1_X0_Y-1_Z0_mono0_fix1//test20tig_AVDZ// DONE 9.557279214796873 5.83480079702139 9.557279331757535 24.949359343575797 4 0.00005174 -0.00002226 -0.00002284 -0.00000001 0.00007459 0.00006996 0.00007264
shell0_X0_Y0_Z0_mono0_fix1/shell1_X0_Y-1_Z-1_mono1_fix1/shell1_X1_Y-1_Z-1_mono1_fix1//test20tig_AVDZ// DONE 9.311075872665427 11.082269652642847 4.576816950491205 24.970162475799476 2 0.00003506 -0.00000783 -0.00000695 -0.00000001 0.00004203 0.00004110 0.00004164
shell0_X0_Y0_Z0_mono0_fix1/shell2_X0_Y2_Z-1_mono1_fix1/shell2_X1_Y2_Z-1_mono1_fix1//test20tig_AVDZ// DONE 9.311076021291033 11.08226985161873 4.576816950491205 24.97016282340097 2 0.00004937 -0.00001021 -0.00000996 -0.00000001 0.00005934 0.00003935 0.00005091
shell0_X0_Y0_Z0_mono0_fix1/shell1_X0_Y-1_Z-1_mono1_fix1/shell1_X-1_Y0_Z0_mono0_fix1//test20tig_AVDZ// DONE 9.311075872665427 4.576817879131266 11.082269652642847 24.97016340443954 4 0.00004913 -0.00001020 -0.00000995 -0.00000001 0.00005909 0.00003935 0.00005076
shell0_X0_Y0_Z0_mono0_fix1/shell1_X-1_Y0_Z0_mono0_fix1/shell2_X0_Y2_Z-1_mono1_fix1//test20tig_AVDZ// DONE 4.576817879131266 9.311076021291033 11.08226985161873 24.970163752041028 4 0.00003499 -0.00000783 -0.00000697 -0.00000001 0.00004197 0.00004110 0.00004160
shell0_X0_Y0_Z0_mono0_fix1/shell1_X0_Y0_Z-1_mono1_fix1/shell2_X2_Y0_Z-1_mono1_fix1//test20tig_AVDZ// DONE 4.8748181239170645 11.47158597420565 8.631337775704774 24.97774187382749 2 -0.00000657 -0.00002262 -0.00002229 -0.00000001 0.00001573 0.00000088 0.00000946
shell0_X0_Y0_Z0_mono0_fix1/shell1_X0_Y1_Z-1_mono1_fix1/shell2_X2_Y1_Z-1_mono1_fix1//test20tig_AVDZ// DONE 4.874818245582405 11.471586058415966 8.631337775704774 24.97774207970314 2 -0.00000589 -0.00001787 -0.00001750 -0.00000001 0.00001162 0.00000245 0.00000775
shell0_X0_Y0_Z0_mono0_fix1/shell1_X0_Y0_Z-1_mono1_fix1/shell2_X-2_Y0_Z0_mono0_fix1//test20tig_AVDZ// DONE 4.8748181239170645 8.63133829007425 11.47158597420565 24.977742388196965 4 -0.00000576 -0.00001787 -0.00001750 -0.00000001 0.00001175 0.00000244 0.00000782
shell0_X0_Y0_Z0_mono0_fix1/shell2_X2_Y1_Z-1_mono1_fix1/shell2_X2_Y0_Z0_mono0_fix1//test20tig_AVDZ// DONE 11.471586058415966 8.63133829007425 4.874818245582404 24.97774259407262 4 -0.00000655 -0.00002262 -0.00002228 -0.00000001 0.00001575 0.00000089 0.00000948
shell0_X0_Y0_Z0_mono0_fix1/shell1_X0_Y0_Z-1_mono0_fix1/shell1_X1_Y0_Z0_mono1_fix1//test20tig_AVDZ// DONE 6.052387884674759 7.687882795249494 11.251269307167787 24.99153998709204 4 -0.00000612 -0.00001319 -0.00001367 -0.00000001 0.00000755 0.00000792 0.00000771
shell0_X0_Y0_Z0_mono0_fix1/shell1_X1_Y0_Z1_mono1_fix1/shell1_X1_Y0_Z0_mono1_fix1//test20tig_AVDZ// DONE 11.251269307167787 7.687882795249494 6.052388083568137 24.991540185985418 2 0.00001848 0.00001054 0.00001017 -0.00000001 0.00000832 0.00001772 0.00001229
shell0_X0_Y0_Z0_mono0_fix1/shell1_X0_Y0_Z-1_mono0_fix1/shell1_X1_Y1_Z0_mono1_fix1//test20tig_AVDZ// DONE 6.052387884674759 7.687883006758034 11.25126941695398 24.991540308386774 4 0.00001999 0.00001054 0.00001016 -0.00000001 0.00000985 0.00001771 0.00001316
shell0_X0_Y0_Z0_mono0_fix1/shell1_X1_Y1_Z1_mono1_fix1/shell1_X1_Y1_Z0_mono1_fix1//test20tig_AVDZ// DONE 11.25126941695398 7.687883006758034 6.052388083568137 24.99154050728015 2 -0.00000611 -0.00001319 -0.00001367 -0.00000001 0.00000757 0.00000794 0.00000773
shell0_X0_Y0_Z0_mono0_fix1/shell1_X-1_Y0_Z1_mono1_fix1/shell1_X-1_Y1_Z1_mono1_fix1//test20tig_AVDZ// DONE 9.594443387322988 9.594443452897366 5.83480027387607 25.023687114096425 2 0.00006532 -0.00000679 -0.00000687 -0.00000001 0.00007220 0.00006047 0.00006725
shell0_X0_Y0_Z0_mono0_fix1/shell1_X-1_Y0_Z1_mono1_fix1/shell1_X0_Y-1_Z0_mono0_fix1//test20tig_AVDZ// DONE 9.594443387322988 5.83480079702139 9.594443452897366 25.023687637241743 4 0.00006532 -0.00000679 -0.00000687 -0.00000001 0.00007220 0.00006050 0.00006727
shell0_X0_Y0_Z0_mono0_fix1/shell1_X0_Y0_Z-1_mono0_fix1/shell2_X2_Y0_Z0_mono0_fix1//test20tig_AVDZ// DONE 6.052387884674759 8.63133829007425 10.370397658874877 25.054123833623883 6 0.00006458 0.00000891 0.00000957 -0.00000001 0.00005502 0.00004774 0.00005195
shell0_X0_Y0_Z0_mono0_fix1/shell1_X1_Y0_Z-1_mono1_fix1/shell1_X0_Y0_Z1_mono0_fix1//test20tig_AVDZ// DONE 7.741652423640553 6.052387884674758 11.339343574138505 25.133383882453813 4 0.00002078 0.00000009 0.00000046 -0.00000001 0.00002033 -0.00000668 0.00000894
shell0_X0_Y0_Z0_mono0_fix1/shell1_X0_Y0_Z-1_mono0_fix1/shell2_X1_Y1_Z-2_mono1_fix1//test20tig_AVDZ// DONE 6.052387884674759 11.33934361654418 7.7416525542166985 25.133384055435638 4 -0.00000655 -0.00000210 -0.00000208 -0.00000001 -0.00000447 -0.00000080 -0.00000292
shell0_X0_Y0_Z0_mono0_fix1/shell1_X1_Y0_Z-1_mono1_fix1/shell2_X1_Y0_Z-2_mono1_fix1//test20tig_AVDZ// DONE 7.741652423640553 11.339343574138505 6.052388083568137 25.133384081347195 2 -0.00000645 -0.00000210 -0.00000204 -0.00000001 -0.00000440 -0.00000079 -0.00000287
shell0_X0_Y0_Z0_mono0_fix1/shell1_X1_Y1_Z-1_mono1_fix1/shell2_X1_Y1_Z-2_mono1_fix1//test20tig_AVDZ// DONE 7.7416525542166985 11.33934361654418 6.052388083568137 25.133384254329016 2 0.00002073 0.00000009 0.00000047 -0.00000001 0.00002027 -0.00000666 0.00000891
shell0_X0_Y0_Z0_mono0_fix1/shell1_X0_Y0_Z-1_mono0_fix1/shell2_X-2_Y0_Z0_mono0_fix1//test20tig_AVDZ// DONE 6.052387884674759 8.63133829007425 10.458272455392859 25.141998630141867 6 0.00002453 -0.00000991 -0.00001005 -0.00000001 0.00003460 0.00004010 0.00003692
shell0_X0_Y0_Z0_mono0_fix1/shell1_X0_Y0_Z-1_mono1_fix1/shell1_X1_Y-1_Z0_mono1_fix1//test20tig_AVDZ// DONE 4.8748181239170645 11.052017778653015 9.220398664532015 25.147234567102096 2 0.00008896 0.00003536 0.00003470 -0.00000001 0.00005427 0.00004507 0.00005039
shell0_X0_Y0_Z0_mono0_fix1/shell1_X1_Y1_Z1_mono0_fix1/shell2_X1_Y2_Z0_mono1_fix1//test20tig_AVDZ// DONE 9.220399005428119 11.052018052102294 4.874818245582405 25.147235303112815 4 0.00008891 0.00003536 0.00003471 -0.00000001 0.00005421 0.00004512 0.00005037
shell0_X0_Y0_Z0_mono0_fix1/shell1_X1_Y1_Z0_mono0_fix1/shell2_X1_Y2_Z0_mono0_fix1//test20tig_AVDZ// DONE 7.206164883641014 12.110018745224945 5.834800797021388 25.150984425887344 6 -0.00009567 -0.00000002 0.00000002 -0.00000001 -0.00009568 -0.00010430 -0.00009932
shell0_X0_Y0_Z0_mono0_fix1/shell1_X-1_Y1_Z0_mono0_fix1/shell1_X0_Y-1_Z0_mono0_fix1//test20tig_AVDZ// DONE 7.234555636358268 5.83480079702139 12.12207805166879 25.191434485048447 6 -0.00007537 0.00000142 0.00000179 -0.00000001 -0.00007714 -0.00007923 -0.00007802
shell0_X0_Y0_Z0_mono0_fix1/shell0_X0_Y0_Z0_mono1_fix1/shell1_X-1_Y1_Z1_mono0_fix1//test20tig_AVDZ// DONE 4.832536863788853 9.287303895161147 11.082269652642847 25.202110411592848 4 0.00007557 0.00005028 0.00005107 -0.00000002 0.00002451 0.00005451 0.00003717
