20.102668069530015 0.00452112 0.00013031999999999999 0.0001365 -1.2000000000000002e-07 0.00438474 0.00447162 0.0044214
20.188924699886815 0.00404196 -0.00018672 -0.00018137999999999997 -3e-07 0.00422364 0.00432408 0.004266
21.210566075883598 0.0046523 -0.00018552 -0.00018282 -3.2e-07 0.00483546 0.00493642 0.00487804
21.210566599028915 0.00587282 -0.00018312 -0.0001857 -4e-07 0.00605894 0.0061623400000000005 0.00610252
21.31810525173332 0.00641484 -0.00010847999999999999 -0.00011175999999999999 -4.2e-07 0.00652704 0.00661426 0.0065638
21.31810577487864 0.00749652 4.0800000000000016e-05 3.592000000000001e-05 -4.6e-07 0.00746112 0.00751774 0.00748496
21.481923103564803 0.008608919999999999 0.00015136000000000001 0.00014628 -5e-07 0.0084632 0.00856982 0.00850812
21.48192330245818 0.009014499999999998 0.00011590000000000001 0.00010929999999999999 -5.2e-07 0.0089058 0.0089923 0.008942219999999999
21.481923445649493 0.009825259999999999 4.4940000000000014e-05 3.529999999999999e-05 -5.6e-07 0.00979064 0.00983742 0.0098103
21.481923644542867 0.010381539999999998 0.00010024000000000002 9.047999999999999e-05 -5.800000000000001e-07 0.01029176 0.0103635 0.01032196
22.413145774903192 0.011750679999999998 6.112000000000001e-05 5.105999999999999e-05 -6.4e-07 0.01170038 0.01171962 0.01170844
22.47895177374389 0.012980859999999997 4.5280000000000014e-05 3.419999999999999e-05 -7.000000000000001e-07 0.01294748 0.01303374 0.0129838
22.48838655661514 0.013347999999999997 0.00029398 0.00028122 -7.600000000000001e-07 0.01306766 0.01325292 0.01314574
22.55480162529584 0.014381499999999997 0.00024424 0.00022182 -8.800000000000002e-07 0.01416068 0.0143802 0.01425322
22.574247416194172 0.015394119999999997 0.00023902 0.00021539999999999998 -9.400000000000001e-07 0.01517978 0.0154317 0.015286000000000001
22.582583308173092 0.01571458 0.00023896 0.00021684 -1.0000000000000002e-06 0.01549886 0.015805859999999998 0.0156283
22.5922886780694 0.01603108 0.00042172 0.000405 -1.0600000000000002e-06 0.01562732 0.015985319999999997 0.015778300000000002
22.60123363988832 0.01644286 0.00043216 0.00042251999999999996 -1.1200000000000003e-06 0.01602164 0.016345919999999996 0.016158400000000003
22.807980996645824 0.01775944 0.000643 0.00063348 -1.2400000000000004e-06 0.01712732 0.017370839999999995 0.017230000000000002
22.85434120458819 0.01916806 0.0008767 0.0008641199999999999 -1.3000000000000005e-06 0.018305420000000003 0.018369119999999996 0.018332200000000003
22.86584687428537 0.01994374 0.00089446 0.00087492 -1.4200000000000004e-06 0.019070420000000005 0.019152299999999997 0.019104880000000005
22.968988587662245 0.02061988 0.00081634 0.00079512 -1.5400000000000005e-06 0.019826420000000004 0.019860539999999996 0.019840720000000006
23.021049048193174 0.01937455 0.00102139 0.00100086 -1.5700000000000004e-06 0.018375380000000004 0.018499499999999995 0.018427660000000005
23.072058810073532 0.02008045 0.0009829300000000001 0.0009600599999999999 -1.6300000000000005e-06 0.019122140000000003 0.019200899999999996 0.019155280000000004
23.421981195641244 0.02060629 0.0009443500000000002 0.0009182999999999999 -1.6900000000000005e-06 0.019689800000000004 0.019816559999999997 0.019743220000000002
23.645014520922295 0.02090663 0.0009819700000000002 0.0009575399999999999 -1.7100000000000006e-06 0.019950940000000004 0.020072079999999996 0.020002000000000002
23.645014818232458 0.021508509999999998 0.0010572100000000003 0.0010360599999999999 -1.7500000000000006e-06 0.020474340000000004 0.020582959999999997 0.020520120000000003
23.731271367656863 0.021764989999999998 0.0010246900000000002 0.0010069399999999998 -1.8300000000000007e-06 0.020760020000000004 0.020887319999999997 0.02081368
23.7312714334534 0.021890849999999996 0.0010084300000000003 0.0009924399999999998 -1.8700000000000007e-06 0.020900420000000003 0.021039479999999996 0.02095904
23.89811654825842 0.021108479999999995 0.0011293900000000003 0.0011103399999999998 -1.9000000000000007e-06 0.020000180000000003 0.020181059999999997 0.02007644
24.192121617004 0.021290199999999995 0.0011078900000000003 0.0010884599999999999 -1.9200000000000007e-06 0.020203780000000005 0.02039522 0.0202845
24.192121843521537 0.021666039999999994 0.0010648900000000002 0.00104482 -1.9600000000000007e-06 0.020623300000000004 0.020823539999999998 0.02070774
24.220512308068614 0.021798959999999996 0.00107429 0.00105526 -1.9800000000000005e-06 0.020745800000000005 0.020970959999999997 0.02084074
24.220513072779376 0.022072879999999996 0.0010930900000000001 0.00107622 -2.0200000000000006e-06 0.020998800000000005 0.021265959999999997 0.02111146
24.25889275609062 0.022222019999999995 0.00110011 0.0010805399999999998 -2.0400000000000004e-06 0.021143640000000005 0.021424959999999996 0.021262279999999998
24.258893179946995 0.022519779999999996 0.0011141500000000002 0.00108914 -2.0800000000000004e-06 0.021432840000000005 0.021742919999999995 0.02156364
24.287283644494067 0.022683499999999995 0.0011211100000000002 0.00109648 -2.1000000000000002e-06 0.021589240000000006 0.021909459999999995 0.02172432
24.287284211865998 0.023003459999999996 0.0011350300000000002 0.00111112 -2.1400000000000003e-06 0.021894600000000007 0.022242499999999995 0.02204136
24.57470084777858 0.023035799999999995 0.0011684700000000002 0.00114386 -2.16e-06 0.021894220000000006 0.022253719999999994 0.02204588
24.5747013327364 0.023015899999999995 0.0011504300000000002 0.00112586 -2.18e-06 0.021892340000000007 0.022257019999999995 0.022046180000000002
24.574701370923897 0.022975939999999997 0.0011143100000000003 0.0010899 -2.22e-06 0.021888340000000006 0.022263539999999995 0.022046620000000003
24.574701855881717 0.023052459999999997 0.0011811900000000004 0.0011554199999999999 -2.26e-06 0.021899380000000006 0.022269499999999994 0.022055540000000002
24.65872235015947 0.023073939999999998 0.0011637500000000003 0.0011370599999999999 -2.2799999999999998e-06 0.021939240000000006 0.022301099999999994 0.02209192
24.6587226797115 0.023104459999999997 0.0011486300000000003 0.00112292 -2.2999999999999996e-06 0.021983920000000004 0.022344459999999993 0.022136040000000003
24.65872287330479 0.0231661 0.0011183500000000004 0.0010945999999999998 -2.3399999999999996e-06 0.022073920000000004 0.022431379999999994 0.022224720000000003
24.658723202856816 0.023209499999999997 0.0010835100000000004 0.0010577999999999998 -2.3799999999999997e-06 0.022154160000000003 0.022494619999999993 0.022297800000000003
24.661537921971217 0.023477739999999997 0.0010476300000000003 0.0010167599999999998 -2.4199999999999997e-06 0.02246348 0.022798139999999995 0.022604680000000002
24.661538120864595 0.023591439999999998 0.0010107100000000004 0.0009772 -2.4399999999999995e-06 0.02261676 0.022942819999999996 0.02275434
24.661538335628865 0.023819479999999997 0.0009369100000000004 0.0008980799999999999 -2.4799999999999995e-06 0.02292396 0.023231899999999996 0.023053900000000002
24.661538534522244 0.02395356 0.0009189900000000004 0.0008774999999999999 -2.4999999999999994e-06 0.02307862 0.023383639999999997 0.023207340000000003
24.677858800925527 0.024113179999999998 0.0009333100000000003 0.0008898799999999999 -2.519999999999999e-06 0.02322588 0.023510859999999998 0.023346140000000005
24.677858943159674 0.024432899999999997 0.0009610300000000003 0.0009102399999999999 -2.559999999999999e-06 0.023525280000000003 0.02380174 0.023641940000000004
24.677859129394726 0.024592899999999997 0.0009748900000000003 0.0009204199999999999 -2.579999999999999e-06 0.02367512 0.02394714 0.023789920000000003
24.677859271628876 0.024911499999999996 0.0010035300000000003 0.00094502 -2.619999999999999e-06 0.0239692 0.02420162 0.024067280000000003
24.694042471760916 0.025046899999999997 0.0010003500000000003 0.00094046 -2.639999999999999e-06 0.02410918 0.02435462 0.024212760000000003
24.69404255449161 0.025258019999999996 0.0010233500000000003 0.00095822 -2.679999999999999e-06 0.02430258 0.0246059 0.024430560000000004
24.694042618590835 0.025363299999999995 0.0010348500000000004 0.0009671199999999999 -2.6999999999999987e-06 0.02439898 0.02473152 0.024539300000000003
24.694042701321532 0.025630779999999995 0.0010284900000000004 0.0009578799999999999 -2.7399999999999988e-06 0.02467574 0.02503752 0.024828380000000004
24.747398132511314 0.026111619999999995 0.0011006700000000004 0.0010340199999999999 -2.7399999999999988e-06 0.025080500000000002 0.02539614 0.025213700000000006
24.767733368147198 0.026312079999999995 0.0010352100000000004 0.0009720399999999999 -2.7999999999999986e-06 0.025343 0.025696200000000002 0.025492040000000004
24.949358820430476 0.026345439999999994 0.0009906900000000005 0.0009263599999999999 -2.8199999999999984e-06 0.02542206 0.025835920000000002 0.025596680000000004
24.949359343575797 0.026552399999999993 0.0009016500000000005 0.0008349999999999999 -2.8599999999999985e-06 0.02572042 0.026115760000000002 0.025887240000000002
24.99153998709204 0.026527919999999993 0.0008488900000000005 0.0007803199999999999 -2.8999999999999985e-06 0.025750620000000002 0.02614744 0.025918080000000003
24.991540185985418 0.026564879999999992 0.0008699700000000005 0.0008006599999999999 -2.9199999999999983e-06 0.02576726 0.026182880000000002 0.025942660000000003
24.991540308386774 0.026644839999999993 0.0009121300000000005 0.0008412999999999999 -2.9599999999999983e-06 0.02580666 0.02625372 0.025995300000000002
24.99154050728015 0.026632619999999992 0.0008857500000000005 0.0008139599999999999 -2.979999999999998e-06 0.0258218 0.0262696 0.02601076
25.023687114096425 0.026763259999999994 0.0008721700000000005 0.0008002199999999998 -2.999999999999998e-06 0.0259662 0.02639054 0.02614526
25.023687637241743 0.027024539999999993 0.0008450100000000004 0.0007727399999999998 -3.039999999999998e-06 0.026254999999999997 0.02663254 0.02641434
25.054123833623883 0.027412019999999992 0.0008984700000000004 0.0008301599999999998 -3.099999999999998e-06 0.026585119999999997 0.02691898 0.026726040000000003
25.133383882453813 0.02749513999999999 0.0008988300000000004 0.0008319999999999998 -3.139999999999998e-06 0.026666439999999996 0.026892259999999998 0.026761800000000002
25.133384055435638 0.02746893999999999 0.0008904300000000004 0.0008236799999999998 -3.179999999999998e-06 0.026648559999999995 0.02688906 0.026750120000000002
25.133384081347195 0.02745603999999999 0.0008862300000000004 0.0008195999999999999 -3.1999999999999977e-06 0.026639759999999995 0.02688748 0.02674438
25.133384254329016 0.02749749999999999 0.0008864100000000005 0.0008205399999999998 -3.2199999999999975e-06 0.026680299999999994 0.026874159999999998 0.026762200000000003
25.141998630141867 0.02764467999999999 0.0008269500000000004 0.0007602399999999998 -3.2799999999999974e-06 0.026887899999999992 0.027114759999999998 0.026983720000000003
25.150984425887344 0.02707065999999999 0.0008268300000000004 0.0007603599999999999 -3.3399999999999972e-06 0.02631381999999999 0.02648896 0.026387800000000003
25.191434485048447 0.02661843999999999 0.0008353500000000004 0.0007710999999999998 -3.399999999999997e-06 0.025850979999999992 0.026013579999999998 0.025919680000000004
