25.202110411592848 0.00043476 0.00021748 0.00020652 1.24e-06 0.000227 0.00027292 0.00024636
25.191434485048447 -0.0014149800000000001 0.00033604 9.59999999999999e-06 0.00014350000000000002 -0.0015681400000000002 -0.0013674199999999998 -0.0014834400000000001
25.150984425887344 -0.00345792 0.00031228 6.348e-05 7.990000000000002e-05 -0.0036013600000000005 -0.0033507199999999997 -0.0034955999999999997
25.147235303112815 -0.00314736 0.00042904 0.00016236 8.762000000000002e-05 -0.0033974400000000007 -0.0031300399999999997 -0.0032846
25.147234567102096 -0.00298454 0.0004874 0.00022602 7.770000000000002e-05 -0.0032883400000000007 -0.0030142999999999997 -0.0031727
25.141998630141867 -0.00266612 0.00043099999999999996 0.00031758000000000003 -9.515999999999998e-05 -0.0028886200000000006 -0.0026577799999999998 -0.00279122
25.133384254329016 -0.00277764 0.00043086 0.00028674 -6.669999999999998e-05 -0.0029977400000000005 -0.0027389999999999997 -0.00288858
25.133384081347195 -0.00284382 0.00044866 0.00029086 -8.061999999999998e-05 -0.0030541200000000004 -0.00279374 -0.00294428
25.133384055435638 -0.0030184599999999997 0.00048417999999999996 0.00021894 -4.125999999999998e-05 -0.0031961600000000004 -0.00291354 -0.00307696
25.133383882453813 -0.00319422 0.00048394 0.00018905999999999998 -2.533999999999998e-05 -0.0033579600000000005 -0.0030715 -0.00323712
25.054123833623883 -0.00261312 0.00054598 0.00030137999999999996 -8.371999999999998e-05 -0.0028308000000000005 -0.00252202 -0.00270054
25.023687637241743 -0.0022172 0.0005301399999999999 0.00023477999999999997 -5.823999999999998e-05 -0.0023937600000000004 -0.0020662999999999996 -0.00225562
25.023687114096425 -0.00199478 0.0005222199999999999 0.00022989999999999998 -6.659999999999998e-05 -0.0021581000000000005 -0.0018344399999999997 -0.00202156
24.99154050728015 -0.00211604 0.0005557599999999999 0.00017635999999999997 -6.215999999999997e-05 -0.0022302600000000004 -0.0018899599999999998 -0.0020867
24.991540308386774 -0.00215364 0.0006843999999999998 0.00019131999999999998 -6.175999999999998e-05 -0.0022832200000000003 -0.0019271199999999998 -0.00213298
24.991540185985418 -0.00216052 0.0007487199999999998 0.00022807999999999997 -9.189999999999998e-05 -0.0022967200000000004 -0.00195036 -0.0021506
24.99153998709204 -0.0023952 0.0008157599999999998 9.459999999999997e-05 -4.893999999999998e-05 -0.0024408800000000003 -0.0020604 -0.00228036
24.97774259407262 -0.00280436 0.0007809599999999998 -4.440000000000002e-05 -1.0619999999999983e-05 -0.00274936 -0.0022712 -0.00254764
24.977742388196965 -0.0030762000000000003 0.0007719599999999998 -0.0001474 -3.019999999999983e-06 -0.0029258 -0.00248008 -0.0027377599999999997
24.97774207970314 -0.0032336 0.0007674799999999999 -0.00021016 1.9860000000000017e-05 -0.00304332 -0.00257508 -0.0028457799999999996
24.97774187382749 -0.0034195000000000002 0.0007500999999999999 -0.0002753 3.360000000000002e-05 -0.00317782 -0.00268562 -0.0029701799999999993
24.970163752041028 -0.0031224200000000003 0.0006849399999999999 -0.00022502000000000004 -4.3319999999999985e-05 -0.0028541 -0.00241654 -0.002669499999999999
24.97016340443954 -0.00296946 0.0007014599999999999 -0.00034178 2.1880000000000014e-05 -0.00264958 -0.00218006 -0.0024514999999999993
24.97016282340097 -0.0028788 0.0007097399999999999 -0.00037118000000000003 1.9960000000000016e-05 -0.0025276 -0.00206274 -0.002331479999999999
24.970162475799476 -0.00272762 0.0006772 -0.00034772000000000004 -1.643999999999998e-05 -0.0023634800000000003 -0.00192962 -0.002180439999999999
24.949359343575797 -0.00240018 0.0006400399999999999 -0.0006447200000000001 0.00015288000000000004 -0.0019084000000000002 -0.0013878599999999999 -0.0016887999999999992
24.949358820430476 -0.00221924 0.0006214599999999999 -0.0007450200000000001 0.00019588000000000006 -0.0016701800000000003 -0.0011167199999999999 -0.0014366799999999992
24.926910360896635 -0.0018424 0.0006335 -0.0007291400000000001 0.00018512000000000004 -0.0012984200000000002 -0.0007218799999999998 -0.0010551999999999992
24.92690982241531 -0.0015745199999999998 0.00069626 -0.00060654 7.844000000000004e-05 -0.0010464600000000001 -0.0004765999999999998 -0.0008060799999999992
24.926909432256572 -0.0014355199999999998 0.00072762 -0.0005279600000000001 1.6180000000000038e-05 -0.0009238000000000001 -0.0003548999999999998 -0.0006838199999999992
24.92690889377525 -0.0012564199999999998 0.00073362 -0.0005103000000000001 1.0200000000000038e-05 -0.0007563800000000001 -0.0001425799999999998 -0.0004974599999999992
24.88721558865472 -0.0011897799999999999 0.0008476600000000001 -0.0005997800000000001 7.756000000000004e-05 -0.0006675800000000001 -4.429999999999979e-05 -0.0004046599999999992
24.88721507696008 -0.0014531799999999999 0.0006304600000000001 -0.0008201 7.996000000000004e-05 -0.0007130600000000001 -8.805999999999979e-05 -0.0004494199999999992
24.887215074285244 -0.0015702399999999999 0.0005218400000000001 -0.00088274 2.260000000000004e-05 -0.0007101000000000001 -0.00010779999999999979 -0.0004560399999999992
24.8872145625906 -0.0015494999999999999 0.0005788400000000001 -0.00096272 7.404000000000004e-05 -0.0006608200000000001 -6.047999999999979e-05 -0.0004075799999999992
24.767733368147198 -0.0013378799999999998 0.0005072000000000001 -0.00111062 0.00014730000000000006 -0.00037450000000000016 0.0003070200000000002 -8.699999999999919e-05
24.747398132511314 -0.0006828599999999999 0.0005874200000000001 -0.0009571400000000001 2.862000000000006e-05 0.00024571999999999984 0.0009335400000000002 0.0005358600000000008
24.694042701321532 -0.00010621999999999986 0.00069298 -0.0011382200000000001 0.00014518000000000007 0.0008868799999999998 0.0016134200000000002 0.0011933800000000008
24.694042618590835 0.00012632000000000013 0.00072104 -0.0011484000000000002 0.00014830000000000008 0.0011264799999999998 0.0018841 0.001446100000000001
24.69404255449161 0.0005904000000000001 0.00077716 -0.0011729200000000003 0.00018342000000000008 0.0015799599999999998 0.00242054 0.0019345800000000008
24.694042471760916 0.0008581400000000001 0.00082972 -0.0012659000000000004 0.0002489600000000001 0.0018751599999999998 0.00276304 0.002249740000000001
24.677859271628876 0.0013830600000000002 0.00092608 -0.0011778200000000004 0.0001584000000000001 0.0024025599999999998 0.00331888 0.0027891400000000007
24.677859129394726 0.0016754600000000001 0.00098478 -0.0012051200000000005 0.0001804400000000001 0.0027002199999999997 0.00363446 0.003094360000000001
24.677858943159674 0.0022501400000000003 0.00110222 -0.0012782800000000006 0.00023784000000000012 0.0032906199999999997 0.0042787 0.003707480000000001
24.677858800925527 0.0025221400000000004 0.00115038 -0.0012444000000000005 0.00018808000000000014 0.0035784999999999996 0.00455576 0.003990800000000001
24.661538534522244 0.0027642600000000006 0.0011709 -0.0013131800000000006 0.00022372000000000014 0.0038537599999999995 0.00485696 0.004277000000000001
24.661538335628865 0.0032794200000000008 0.00113274 -0.0013438200000000006 0.00012496000000000013 0.00449836 0.005429079999999999 0.004891000000000001
24.661538120864595 0.003536140000000001 0.0011136599999999998 -0.0013380200000000005 6.382000000000013e-05 0.00481044 0.005719999999999999 0.005194140000000002
24.661537921971217 0.004037460000000001 0.0011548199999999998 -0.0014954600000000005 0.00011870000000000013 0.00541432 0.006329919999999999 0.005800580000000001
24.658723202856816 0.003771540000000001 0.0011909399999999997 -0.0017199800000000005 0.00029202000000000015 0.0051996 0.006254479999999999 0.005644620000000001
24.65872287330479 0.003709780000000001 0.0012498999999999998 -0.0017322600000000004 0.00023838000000000014 0.005203800000000001 0.006222679999999999 0.0056336200000000015
24.6587226797115 0.003669180000000001 0.0012794199999999996 -0.0017664000000000004 0.00024672000000000013 0.005189020000000001 0.0062066399999999985 0.005618300000000001
24.65872235015947 0.003538500000000001 0.0012974799999999997 -0.0018835000000000004 0.00033640000000000015 0.005085780000000001 0.0061682399999999984 0.005542420000000001
24.574701855881717 0.003288220000000001 0.0013816799999999997 -0.0018595800000000004 0.00033968000000000014 0.00480834 0.005920639999999999 0.005277580000000001
24.574701370923897 0.002854420000000001 0.0015082799999999996 -0.0020482600000000005 0.00042876000000000014 0.004474140000000001 0.005635919999999999 0.004964260000000002
24.5747013327364 0.002644760000000001 0.0015715599999999996 -0.0021279800000000007 0.00046306000000000016 0.004309920000000001 0.005495759999999999 0.004810180000000002
24.57470084777858 0.002520140000000001 0.0016135599999999996 -0.0021006800000000006 0.00044762000000000014 0.004173440000000001 0.005372499999999999 0.004679260000000002
24.491866430187585 0.001422980000000001 0.0016707999999999996 -0.0022190400000000007 0.0004777000000000001 0.003164560000000001 0.004470779999999999 0.003715580000000002
24.491865977439844 0.000867280000000001 0.0016994199999999997 -0.002296060000000001 0.0005051200000000001 0.0026584800000000013 0.004011899999999999 0.003229420000000002
24.47614185479155 -0.00047571999999999903 0.0017029399999999996 -0.002330300000000001 0.00048640000000000006 0.0013684400000000014 0.002710579999999999 0.001934620000000002
24.476141820759988 -0.001140019999999999 0.0017046999999999995 -0.002338460000000001 0.00046718000000000004 0.0007315200000000013 0.002061079999999999 0.001292400000000002
24.335965039412915 -0.001764659999999999 0.0017707999999999995 -0.002429400000000001 0.0005086600000000001 0.00015634000000000134 0.001494879999999999 0.0007210200000000019
24.335964778671485 -0.0030627799999999993 0.0019030799999999995 -0.002644240000000001 0.0006281 -0.0010463799999999987 0.0003576399999999989 -0.0004540599999999981
24.29279260178161 -0.004997779999999999 0.0017626399999999996 -0.0028238400000000006 0.00056086 -0.0027345799999999986 -0.001285400000000001 -0.002123219999999998
24.29279189025693 -0.0059621 0.0016923999999999995 -0.0029492000000000008 0.0005759000000000001 -0.0035885599999999985 -0.0021138600000000013 -0.002966439999999998
24.287284211865998 -0.00527682 0.0018092399999999995 -0.002969640000000001 0.0005849000000000001 -0.0028918799999999986 -0.0013963800000000013 -0.0022609999999999983
24.287283644494067 -0.0049409 0.0018676799999999996 -0.0029809800000000007 0.0005982200000000001 -0.0025579399999999986 -0.0010346000000000014 -0.0019153199999999981
24.258893179946995 -0.00424938 0.0019591199999999995 -0.0028802200000000006 0.0004876600000000001 -0.0018566199999999985 -0.0003724800000000014 -0.0012305599999999982
24.25889275609062 -0.00393564 0.0020048399999999995 -0.0028735200000000005 0.0004751200000000001 -0.0015370599999999985 -3.8980000000001446e-05 -0.0009051199999999982
24.220513072779376 -0.00336216 0.0021100799999999994 -0.0028956000000000003 0.0004816400000000001 -0.0009480199999999985 0.0005992199999999986 -0.0002953599999999982
24.220512308068614 -0.0030789 0.0021626799999999993 -0.0028907000000000004 0.0004397600000000001 -0.0006277799999999986 0.0009248799999999986 2.716000000000182e-05
24.192121843521537 -0.0023184599999999996 0.0023480799999999994 -0.0030632600000000004 0.0004808000000000001 0.00026414000000000147 0.0018529999999999987 0.0009343600000000019
24.192121617004 -0.0019401199999999996 0.002440779999999999 -0.0031633200000000003 0.0005091200000000001 0.0007142200000000015 0.002314139999999999 0.001389100000000002
23.89811654825842 -0.004855099999999999 0.002630859999999999 -0.0032217900000000004 0.0006136100000000001 -0.0022467799999999986 -0.0005836800000000009 -0.0015452599999999984
23.79005649176393 -0.0063310599999999995 0.002615179999999999 -0.0032009100000000004 0.0006143700000000002 -0.0037443799999999985 -0.002014680000000001 -0.003014779999999998
23.790056276977467 -0.007819179999999998 0.002613139999999999 -0.0033952300000000004 0.0006898100000000001 -0.005113619999999998 -0.0033442800000000007 -0.0043672999999999984
23.79005556312387 -0.00850344 0.002612259999999999 -0.0034880500000000004 0.0007290300000000001 -0.005744279999999998 -0.0040927 -0.005047639999999998
23.79005534833741 -0.00920732 0.002604499999999999 -0.0034430100000000003 0.0006914700000000001 -0.006455639999999999 -0.004808000000000001 -0.005760659999999998
23.760716564413954 -0.00831064 0.002799499999999999 -0.0031276900000000002 0.0006524300000000002 -0.0058352399999999985 -0.00410248 -0.005104379999999999
23.7607160127002 -0.007889499999999999 0.002897039999999999 -0.0029789300000000003 0.0006699300000000002 -0.005580359999999999 -0.0037253200000000003 -0.004797919999999999
23.7312714334534 -0.007616899999999999 0.002904139999999999 -0.0030257300000000003 0.0006916100000000003 -0.005282639999999998 -0.00340016 -0.004488619999999999
23.731271367656863 -0.007072579999999999 0.002918339999999999 -0.0031080500000000002 0.0007254900000000003 -0.0046899199999999985 -0.0027575200000000003 -0.003874819999999999
23.728540663786163 -0.006040219999999999 0.002987339999999999 -0.0031500900000000004 0.0007881700000000003 -0.0036781599999999985 -0.0017066800000000003 -0.0028465799999999987
23.728540481251127 -0.0049047399999999994 0.003116659999999999 -0.0032726900000000004 0.0008026900000000002 -0.0024345999999999986 -0.00043780000000000034 -0.0015923399999999987
23.728539735146107 -0.0043357199999999995 0.003181299999999999 -0.0033318300000000005 0.0008018100000000002 -0.0018055599999999986 0.00019879999999999963 -0.0009600999999999988
23.728539552611068 -0.0038177199999999993 0.0032157999999999987 -0.0033425500000000006 0.0008144500000000002 -0.0012894999999999985 0.0007275599999999996 -0.0004386799999999988
23.72773896390104 -0.0034115599999999992 0.0032093999999999985 -0.0033948900000000007 0.0008214300000000002 -0.0008379999999999985 0.0011766999999999997 1.1820000000001198e-05
23.727738826931155 -0.002570039999999999 0.0031965999999999987 -0.0035043700000000006 0.0008259900000000002 0.00010844000000000153 0.0020518999999999997 0.0009281800000000011
23.714284376367438 -0.0020195399999999994 0.0031861399999999988 -0.0037193300000000007 0.0009012100000000002 0.0007986800000000015 0.00279944 0.001642600000000001
23.714284211847364 -0.0008942199999999994 0.003165219999999999 -0.004119610000000001 0.0010022100000000001 0.0022232400000000013 0.004298 0.003098400000000001
23.688040917132433 -0.0022760999999999997 0.003299539999999999 -0.004151650000000001 0.0009761700000000002 0.0008994400000000013 0.0030732 0.0018163600000000012
23.688040597477734 -0.00437914 0.0032373399999999987 -0.00407781 0.0008772500000000002 -0.0011785199999999984 0.0010847599999999997 -0.0002238399999999986
23.68803998849237 -0.00542724 0.0032062399999999987 -0.00404411 0.0008266900000000003 -0.0022097799999999984 8.785999999999972e-05 -0.0012405999999999986
23.688039668837675 -0.00611136 0.0032734199999999987 -0.00406233 0.0008201500000000003 -0.0028691399999999983 -0.0005240000000000003 -0.0018799199999999985
23.652498186572462 -0.00485176 0.003175179999999999 -0.00491161 0.0010819900000000003 -0.0010220999999999982 0.0014124799999999998 4.880000000001593e-06
23.652497704323103 -0.0042197400000000005 0.0031260599999999986 -0.005341090000000001 0.0012001300000000004 -7.875999999999825e-05 0.00238064 0.0009587000000000016
23.646858795239893 -0.0062659000000000005 0.0031150999999999987 -0.005352890000000001 0.0011275700000000005 -0.002040519999999998 0.00041288 -0.0010055799999999985
23.646858653005747 -0.00692226 0.0031181799999999986 -0.005533670000000001 0.0011723900000000006 -0.0025609199999999978 -9.964000000000002e-05 -0.0015226399999999985
23.646858631168875 -0.008229740000000001 0.0031244199999999984 -0.005881230000000001 0.0012556700000000006 -0.0036041599999999977 -0.00112396 -0.0025578799999999985
23.64685848893473 -0.009261600000000002 0.0031189199999999986 -0.005911350000000001 0.0012417300000000006 -0.004591979999999997 -0.0021085599999999998 -0.0035443399999999983
23.645014818232458 -0.008235800000000001 0.0035413599999999986 -0.006141910000000001 0.0014344900000000005 -0.003528379999999997 -0.0009260799999999997 -0.002430579999999998
23.645014520922295 -0.007722220000000002 0.0037525799999999984 -0.006257750000000001 0.0015280300000000005 -0.0029924999999999973 -0.0003380999999999997 -0.0018727199999999983
23.519630795856514 -0.007278660000000002 0.0037722799999999985 -0.006281530000000001 0.0015384300000000006 -0.0025355599999999975 0.00013242000000000028 -0.0014100399999999983
23.51963077718814 -0.006383420000000002 0.0038117199999999985 -0.006309290000000001 0.0015387100000000006 -0.0016128399999999973 0.0010735800000000002 -0.00047955999999999823
23.473198995003678 -0.005026900000000002 0.0039660799999999986 -0.006846530000000002 0.0017446300000000007 7.500000000000258e-05 0.00277422 0.0012136800000000017
23.473198589141624 -0.004353520000000001 0.004043259999999998 -0.0071148500000000016 0.0018485300000000008 0.0009128000000000026 0.00362936 0.0020588000000000017
23.441752656745003 -0.006145600000000001 0.003835499999999998 -0.007458930000000002 0.0019314500000000008 -0.0006181599999999975 0.0022203199999999996 0.0005792800000000017
23.44175257401431 -0.007339800000000001 0.0039332199999999986 -0.007113070000000002 0.0018678700000000009 -0.0020946199999999976 0.0008243799999999996 -0.0008632199999999983
23.441752143410326 -0.009687920000000001 0.004128579999999999 -0.006368750000000002 0.001675990000000001 -0.004995139999999998 -0.0019902200000000004 -0.003727499999999998
23.441752060679633 -0.010585800000000001 0.004024699999999999 -0.006552290000000002 0.001719830000000001 -0.0057533199999999975 -0.0026955800000000004 -0.0044633999999999984
23.42625382014238 -0.009756760000000001 0.004077739999999999 -0.006323050000000002 0.001708750000000001 -0.005142439999999997 -0.0019321000000000004 -0.0037881599999999983
23.426253398265963 -0.009338060000000002 0.004104299999999999 -0.006197030000000002 0.001691510000000001 -0.004832539999999997 -0.0015496200000000005 -0.0034476399999999983
23.421981195641244 -0.008234900000000002 0.004257539999999999 -0.0064050500000000015 0.001793750000000001 -0.0036236599999999973 -0.00021384000000000051 -0.0021852399999999985
23.35101269753433 -0.007557840000000001 0.004176999999999999 -0.006957170000000001 0.0019475700000000011 -0.0025482999999999973 0.0008809599999999994 -0.0011016799999999985
23.351012620937386 -0.006192800000000002 0.004016 -0.00801801 0.002197410000000001 -0.0003722599999999971 0.0030788399999999994 0.0010835600000000016
23.191643445389225 -0.0069689600000000015 0.00398864 -0.00828507 0.002271630000000001 -0.0009555999999999971 0.002550819999999999 0.0005235600000000017
23.19164341291818 -0.008517600000000002 0.00393392 -0.00882339 0.002425670000000001 -0.002119959999999997 0.0014966999999999992 -0.0005942799999999982
23.185969163054466 -0.007202760000000002 0.00405888 -0.00893879 0.002478870000000001 -0.0007429599999999972 0.002887859999999999 0.0007886800000000017
23.185968787279744 -0.005857880000000002 0.00421488 -0.00924955 0.002589990000000001 0.0008015600000000028 0.004524339999999999 0.002371960000000002
23.185968234414403 -0.005174040000000002 0.00429298 -0.00940231 0.002645270000000001 0.0015828800000000027 0.005330159999999999 0.003163620000000002
23.185967858639685 -0.004523600000000003 0.00435544 -0.00946397 0.002678670000000001 0.0022615800000000026 0.006030179999999999 0.003851320000000002
23.163252980842145 -0.007340560000000003 0.00430344 -0.00913841 0.002631070000000001 -0.0008333399999999975 0.0030986599999999987 0.0008253200000000018
23.163251957142798 -0.008733420000000002 0.00427748 -0.00895313 0.002588830000000001 -0.0023692199999999974 0.0016310799999999987 -0.0006817399999999982
23.119110667627723 -0.009987960000000002 0.00415814 -0.00903343 0.002615430000000001 -0.0035700599999999973 0.0004830999999999987 -0.0018602799999999982
23.119110278800136 -0.012479880000000002 0.003919580000000001 -0.009074470000000001 0.002547710000000001 -0.005953219999999997 -0.0018167000000000012 -0.004208279999999998
23.090720203080643 -0.014279000000000002 0.0039010600000000005 -0.00917595 0.002589150000000001 -0.007692299999999997 -0.0034788200000000014 -0.005914879999999998
23.090718823024755 -0.015177000000000001 0.0038917800000000005 -0.00923037 0.002612650000000001 -0.008559379999999997 -0.004310460000000001 -0.006767019999999999
23.074744834603774 -0.015732720000000002 0.0038831400000000006 -0.00932677 0.002660290000000001 -0.009066299999999996 -0.0047612600000000015 -0.007250259999999999
23.07474472842022 -0.016047360000000004 0.0037925800000000007 -0.00921729 0.002541770000000001 -0.009371899999999996 -0.005048820000000002 -0.0075482599999999985
23.074744564326693 -0.016223460000000002 0.003747280000000001 -0.00920441 0.002527390000000001 -0.009546499999999996 -0.005192160000000001 -0.007709679999999998
23.074744458143144 -0.01648478 0.003742960000000001 -0.00920901 0.002520590000000001 -0.009796419999999997 -0.005394740000000001 -0.007939619999999998
23.072058810073532 -0.015293540000000001 0.003951100000000001 -0.00949413 0.002657450000000001 -0.008456919999999996 -0.003905840000000001 -0.006537119999999998
23.021049048193174 -0.0201794 0.004191460000000001 -0.00956922 0.0028366100000000007 -0.013446849999999996 -0.008761640000000001 -0.011470469999999997
22.968988587662245 -0.01894454 0.004335760000000001 -0.00983844 0.0029345300000000007 -0.012040629999999997 -0.007273100000000001 -0.010029509999999997
22.89082232296026 -0.01917586 0.004531520000000001 -0.009730840000000001 0.0029567300000000007 -0.012401789999999996 -0.007588020000000001 -0.010371149999999997
22.890822257786294 -0.0195773 0.004182120000000001 -0.01014544 0.002977010000000001 -0.012408949999999997 -0.007621060000000001 -0.010389229999999998
22.890822081686082 -0.019799459999999998 0.004007420000000001 -0.010349780000000001 0.002981030000000001 -0.012430789999999997 -0.007612900000000001 -0.010398409999999997
22.89082201651211 -0.01992308 0.0041053600000000015 -0.010307360000000002 0.003001830000000001 -0.012617649999999998 -0.007763000000000001 -0.010569749999999998
22.875788384347025 -0.019972979999999998 0.004088600000000001 -0.010309580000000002 0.003002890000000001 -0.012666389999999998 -0.007738460000000001 -0.010587569999999998
22.875788362019467 -0.020086979999999997 0.0040551200000000015 -0.010348980000000002 0.003021970000000001 -0.012760029999999999 -0.007685540000000001 -0.010619369999999998
22.86584687428537 -0.018703619999999997 0.004404740000000002 -0.010648500000000002 0.003225790000000001 -0.01128103 -0.006027380000000001 -0.009064769999999998
22.864296901295273 -0.019491619999999998 0.004319300000000002 -0.010755740000000001 0.003227150000000001 -0.011963189999999999 -0.00660258 -0.009701809999999998
22.86429688261325 -0.019883239999999996 0.004276640000000002 -0.01081018 0.003230430000000001 -0.01230363 -0.00689438 -0.010021729999999998
22.855453403294298 -0.019726039999999997 0.0041154400000000015 -0.011107780000000001 0.0032163900000000013 -0.01183475 -0.0064601 -0.009567449999999998
22.855452592154585 -0.019679139999999998 0.004034920000000002 -0.01128866 0.003245190000000001 -0.01163577 -0.00624246 -0.009360609999999998
22.85434120458819 -0.017836599999999998 0.005060920000000002 -0.01183526 0.003742530000000001 -0.00974397 -0.0040491599999999996 -0.007341609999999998
22.843961901560522 -0.01808116 0.005301840000000002 -0.01164114 0.003716090000000001 -0.010156209999999999 -0.004403959999999999 -0.007729609999999999
22.84396113143039 -0.01821028 0.005422280000000002 -0.01155352 0.003706370000000001 -0.01036325 -0.004582299999999999 -0.007924549999999999
22.807980996645824 -0.01628068 0.006507740000000002 -0.01212652 0.004183250000000001 -0.008337589999999999 -0.0023526399999999996 -0.005812849999999999
22.770998407034593 -0.01578768 0.006491700000000002 -0.01221706 0.004211210000000001 -0.007782009999999999 -0.0017318799999999994 -0.005229769999999999
22.770998316758885 -0.014796639999999998 0.006459580000000002 -0.01238118 0.004264410000000001 -0.006680049999999999 -0.0004953199999999994 -0.004071049999999999
22.69155250032488 -0.013446879999999998 0.006880820000000002 -0.01220554 0.00433149 -0.005573009999999999 0.0007008000000000006 -0.002926449999999999
22.6915521986012 -0.012764719999999998 0.007091500000000002 -0.012116140000000001 0.00436129 -0.005010029999999999 0.0012994400000000007 -0.0023484299999999986
22.68474179181365 -0.011494199999999998 0.007493180000000002 -0.0123475 0.00456977 -0.0037166299999999985 0.0028224800000000005 -0.0009581499999999985
22.684741470024314 -0.010833019999999997 0.007693980000000002 -0.012445620000000001 0.00465709 -0.0030446299999999987 0.0035771000000000006 -0.0002512899999999985
22.605295653590318 -0.010152179999999997 0.007916040000000003 -0.012735080000000001 0.00486663 -0.0022838699999999986 0.00444616 0.0005551500000000014
22.605295583380254 -0.008716419999999997 0.008360240000000003 -0.013117040000000002 0.0051027500000000005 -0.0007022699999999985 0.00616616 0.0021951500000000016
22.60123363988832 -0.008612019999999998 0.008395100000000003 -0.013031900000000003 0.004975790000000001 -0.0005560499999999986 0.006311420000000001 0.002340950000000002
22.5922886780694 -0.008914839999999999 0.008454500000000002 -0.012905540000000002 0.004973330000000001 -0.0009827699999999987 0.006085880000000001 0.0019991300000000017
22.582583308173092 -0.008840079999999998 0.008501000000000002 -0.013122620000000002 0.005110730000000001 -0.0008283299999999987 0.0064538600000000005 0.0022436300000000017
22.574247416194172 -0.007440639999999998 0.009257360000000001 -0.013773440000000001 0.005489450000000001 0.0008432700000000014 0.00829184 0.003985430000000002
22.55480162529584 -0.006058359999999999 0.00996902 -0.014439680000000002 0.00584543 0.002535810000000001 0.0101279 0.005738510000000002
22.48838655661514 -0.006429459999999999 0.01004006 -0.01420058 0.005799830000000001 0.001971270000000001 0.00966254 0.005215790000000002
22.47895177374389 -0.004689639999999998 0.01103786 -0.015133220000000001 0.006333410000000001 0.004110090000000001 0.0119918 0.007434950000000003
22.47462867830029 -0.003957879999999999 0.0111888 -0.015108880000000002 0.006352830000000001 0.004798090000000001 0.01269586 0.008129730000000003
22.474628306738765 -0.0025194799999999984 0.011490760000000001 -0.015055800000000001 0.006387510000000001 0.0061487300000000016 0.0141431 0.009521130000000003
22.46778726763743 -0.005080219999999998 0.011365600000000002 -0.015579780000000001 0.006561750000000001 0.003937790000000002 0.0121286 0.007393050000000003
22.44534930681904 -0.003708379999999998 0.011672400000000001 -0.01564178 0.0067093100000000004 0.005224070000000002 0.013478519999999999 0.008706170000000003
22.445348739509093 -0.0030010199999999983 0.011825760000000001 -0.015637520000000002 0.00675697 0.005879530000000002 0.01415758 0.009371590000000003
22.413145774903192 -0.0011658599999999986 0.012819120000000002 -0.016541300000000002 0.00724057 0.008134870000000002 0.0165613 0.011689510000000004
22.388372063079352 0.0008117400000000013 0.01368708 -0.017331020000000003 0.00766845 0.010474310000000002 0.01902486 0.014081310000000003
22.388371460004198 0.0018047200000000014 0.014121040000000001 -0.017729340000000003 0.00788375 0.011650330000000002 0.020253880000000002 0.015279690000000004
22.359092460084476 0.0026629000000000015 0.014402620000000001 -0.018026800000000003 0.00807013 0.012619590000000002 0.02130276 0.016282550000000003
22.35909212428815 0.004521980000000002 0.014965700000000002 -0.018425240000000002 0.00824505 0.014702190000000002 0.02338896 0.01836667
22.30516151045983 0.0025787000000000015 0.015090680000000002 -0.01835066 0.008322930000000001 0.012606510000000001 0.02170362 0.01644409
22.212289807075564 0.004270280000000001 0.015112400000000002 -0.018538580000000002 0.00840777 0.014401170000000001 0.023547 0.01825933
22.174193684462004 0.006072860000000001 0.01512362 -0.0186317 0.00839343 0.01631115 0.025441859999999997 0.02016295
22.112967796541096 0.003043340000000001 0.014985680000000001 -0.01909976 0.00849567 0.01364745 0.022942019999999997 0.01756837
22.07960116212628 0.0050111600000000015 0.015712280000000002 -0.01948994 0.00876099 0.01574013 0.025206419999999997 0.01973353
22.06424180818796 0.0025787000000000015 0.01586738 -0.0194858 0.00883791 0.013226610000000001 0.022991519999999998 0.01734595
22.012696272393253 0.006102320000000001 0.01707536 -0.0211841 0.00956289 0.01772361 0.027711359999999997 0.02193697
21.907925386991874 0.006616880000000001 0.017089220000000002 -0.021258040000000002 0.00957535 0.01829965 0.028293239999999997 0.02251547
21.90792532775918 0.007606080000000001 0.017117100000000003 -0.021428520000000003 0.00962591 0.01940873 0.02948652 0.02366007
21.861493586139037 0.00927232 0.0172237 -0.022072240000000003 0.00974787 0.021596729999999998 0.03177048 0.02588855
21.861493139712664 0.01010316 0.017277 -0.022446840000000003 0.00986103 0.02268903 0.032914439999999996 0.02700265
21.859677653348008 0.01116272 0.0176846 -0.023121960000000004 0.01016827 0.024116469999999997 0.03442712 0.02846605
21.859677511113862 0.01154534 0.01783144 -0.023171900000000002 0.010220130000000001 0.02449717 0.034875699999999996 0.02887539
21.85967718422515 0.01229014 0.0181252 -0.023286700000000004 0.01034109 0.025235849999999997 0.03577618 0.02968231
21.859677041991 0.01279644 0.01832912 -0.023645060000000002 0.01050787 0.02593371 0.03653048 0.03040399
21.858340913431793 0.01309986 0.0183144 -0.0237978 0.01055875 0.02633899 0.03698746 0.03083109
21.858340827971965 0.01377146 0.018285040000000002 -0.02403344 0.01059147 0.02721355 0.03789646 0.03172017
21.790045129205435 0.01472278 0.01884544 -0.02454564 0.010878190000000001 0.028390349999999998 0.03916634 0.03293625
21.790045046474738 0.01494978 0.018954540000000002 -0.02480388 0.010973870000000002 0.02877991 0.03964244 0.03336231
21.79004503663737 0.015350379999999999 0.019172780000000004 -0.025462600000000002 0.011314710000000002 0.02949839 0.04058748 0.03417639
21.790044953906673 0.015834639999999997 0.019452960000000005 -0.0256691 0.011416010000000002 0.03008783 0.041225500000000005 0.034786330000000004
21.783100136103215 0.017843599999999998 0.020159000000000007 -0.02701794 0.012017970000000003 0.03284363 0.044172420000000004 0.03762277000000001
21.783099705363917 0.01884994 0.020512040000000006 -0.02768812 0.012313070000000002 0.03422505 0.04564304 0.039041830000000007
21.481923644542867 0.0196075 0.021193860000000005 -0.02812026 0.012585570000000003 0.035142229999999997 0.04667874 0.040009010000000005
21.481923445649493 0.0207491 0.021523500000000004 -0.02861478 0.012835930000000002 0.036527989999999996 0.04823634 0.041467290000000004
21.48192330245818 0.02132144 0.021688320000000004 -0.02884804 0.012935770000000003 0.037233749999999996 0.04901614 0.042204290000000005
21.481923103564803 0.02283692 0.023051920000000004 -0.02963668 0.013389090000000003 0.039084589999999995 0.0510883 0.044148490000000006
21.40744965037611 0.0240916 0.023704440000000004 -0.030010119999999998 0.013712010000000004 0.040389789999999995 0.052650260000000004 0.04556201000000001
21.407449602845382 0.02477358 0.024030780000000005 -0.030137099999999997 0.013832670000000004 0.041078109999999994 0.053430160000000004 0.046288970000000006
21.379059138298302 0.02567382 0.024367820000000005 -0.031066499999999997 0.014183550000000003 0.04255687 0.05503248 0.047819850000000004
21.379058194600727 0.02612234 0.024536320000000004 -0.03152696 0.014359730000000003 0.043289669999999995 0.055832440000000004 0.048580990000000004
21.378169757955728 0.027569140000000002 0.025286160000000005 -0.0323818 0.014798810000000003 0.045152269999999994 0.05784228 0.05050571
21.37816895549439 0.02828794 0.025661020000000007 -0.03281502 0.015023870000000002 0.046079249999999995 0.05885502 0.05146887
21.349778490947315 0.02883378 0.026254620000000006 -0.0332569 0.015353270000000002 0.04673760999999999 0.0598433 0.05226643
21.34977830218035 0.02910016 0.026551460000000006 -0.03348184 0.015518390000000002 0.04706380999999999 0.06033742 0.052663470000000004
21.31810577487864 0.03052936 0.027052180000000006 -0.03387204 0.01585659 0.04854496999999999 0.06196906 0.054208110000000004
21.31810525173332 0.031249739999999998 0.027302500000000004 -0.03405088 0.01601031 0.049290469999999996 0.06278508 0.05498335
21.210566599028915 0.0326163 0.028902940000000005 -0.03548984 0.01687919 0.05122711 0.06508332 0.05707251
21.210566075883598 0.03330002 0.029703100000000007 -0.03620544 0.017312869999999998 0.05219273 0.06623342 0.05811597
21.205532517376724 0.0350213 0.030170260000000008 -0.03593636 0.017425669999999997 0.05353213 0.06782622 0.059562290000000004
21.2055325016183 0.037522019999999996 0.030958900000000008 -0.03589912 0.017607349999999997 0.05581393 0.07027122000000001 0.061912970000000005
21.20553200300725 0.038777559999999996 0.03135324000000001 -0.03585294 0.01765917 0.05697149 0.07149470000000001 0.06309833000000001
21.205531987248825 0.039662039999999996 0.03158680000000001 -0.0357058 0.017687929999999998 0.05768007 0.07227080000000001 0.06383539
21.1940411218265 0.04064051999999999 0.031938120000000014 -0.03557992 0.017797409999999996 0.05842315 0.07319512000000002 0.06465495
21.194040934710554 0.042689279999999996 0.03264168000000001 -0.03565236 0.017976009999999997 0.06036579 0.07534704000000002 0.06668587000000001
21.194040607457026 0.04370858 0.032993420000000016 -0.03570316 0.018081109999999997 0.06133079 0.07640796000000002 0.06769135000000001
21.194040420341075 0.04420358 0.03316908000000002 -0.03562994 0.018125569999999997 0.061708110000000004 0.07687308000000002 0.06810571000000001
20.521650503801688 0.0419159 0.03347860000000002 -0.03620794 0.018440329999999998 0.05968367 0.07502340000000002 0.06615499000000001
20.521650365882575 0.03765714 0.03399102000000002 -0.03626512 0.018707369999999997 0.055215070000000005 0.07078864000000001 0.06178503000000001
20.521650304908313 0.029149099999999997 0.035015940000000016 -0.036344839999999996 0.019193529999999997 0.04630059 0.06232768000000001 0.05306187000000001
20.521650166989197 0.02463014 0.03563502000000002 -0.03741348 0.019744289999999998 0.042299470000000006 0.05862864000000001 0.049188190000000014
20.442204682663007 0.01965732 0.035216860000000016 -0.03784526 0.019888749999999997 0.037613970000000004 0.05427380000000001 0.04464219000000001
20.44220448376963 0.014572439999999999 0.035401460000000017 -0.0402279 0.020688469999999997 0.034112050000000005 0.050994760000000014 0.04123427000000001
20.44220416215386 0.012024499999999999 0.03549384000000002 -0.04141794 0.021086329999999997 0.03235629 0.04935484000000001 0.03952737000000001
20.442203963260482 0.002166979999999999 0.03465752000000002 -0.04219386 0.021231649999999998 0.023129410000000003 0.04067356000000001 0.030530650000000013
20.188924699886815 -0.003797140000000001 0.03546854000000002 -0.04423146 0.02218367 0.018250870000000002 0.03634882000000001 0.025885750000000013
20.102668069530015 -0.00023746000000000097 0.044453720000000016 -0.05100768 0.02610527 0.024665230000000003 0.04340212000000001 0.03256969000000001
20.020695063894827 -0.011329660000000002 0.04469404000000002 -0.05302704 0.02714175 0.014555870000000004 0.03403964000000001 0.02277541000000001
20.02069479360388 -0.0176403 0.045178280000000015 -0.055368799999999996 0.02809911 0.009629590000000004 0.02948040000000001 0.018003970000000008
20.02069454074951 -0.0207957 0.045420360000000014 -0.056544399999999995 0.02858133 0.007167550000000003 0.02719992000000001 0.015618530000000009
20.020694270458563 -0.02625258 0.04554058000000001 -0.057434559999999996 0.028956049999999997 0.0022261100000000034 0.02252870000000001 0.01079109000000001
20.00688675466734 -0.0234819 0.04721170000000001 -0.05829971999999999 0.029716769999999997 0.0051012300000000035 0.025776500000000008 0.01382345000000001
20.006886612433195 -0.0216379 0.04851682000000001 -0.05939003999999999 0.030324129999999998 0.007428190000000003 0.028320780000000007 0.01624209000000001
20.006886220542714 -0.017995900000000002 0.05112694000000001 -0.06161431999999999 0.03158341 0.012035190000000003 0.03341670000000001 0.02105537000000001
20.006886078308565 -0.016607060000000003 0.05196246000000001 -0.06202421999999999 0.03194209 0.013475250000000003 0.035045320000000005 0.02257499000000001
19.9654124940218 -0.022841300000000002 0.05301274000000001 -0.06423009999999998 0.03291581 0.008473170000000002 0.030164640000000006 0.01762411000000001
19.96541197087648 -0.028923820000000003 0.05376994000000001 -0.06346185999999998 0.033027089999999995 0.001511150000000002 0.023330460000000008 0.010716010000000008
19.965411825441272 -0.041093580000000005 0.05528446000000001 -0.061924979999999984 0.03324853 -0.01241697 0.009661380000000008 -0.003102829999999992
19.965411302295955 -0.044223700000000005 0.055809620000000004 -0.06303539999999998 0.03374675 -0.01493491 0.007223080000000008 -0.005587169999999992
19.920647224794124 -0.04139570000000001 0.059041380000000004 -0.06592827999999998 0.03542843 -0.01089567 0.011827160000000007 -0.001309649999999992
19.92064714206343 -0.03976600000000001 0.062083280000000005 -0.06764605999999998 0.03660115 -0.00872093 0.014390400000000006 0.0010289900000000078
19.920646891620244 -0.03652016000000001 0.06816692 -0.07109477999999998 0.03896087 -0.00438609 0.019519960000000006 0.005699110000000007
19.92064680888955 -0.03511178000000001 0.06978286 -0.07253989999999998 0.03979861 -0.0023703299999999995 0.021823380000000007 0.007836210000000007
19.851026305581225 -0.03237894000000001 0.07131118 -0.07402373999999998 0.04064745 0.0009975100000000005 0.025405500000000008 0.011294450000000006
19.851026026321854 -0.031003940000000008 0.07207532 -0.07472443999999998 0.04102873 0.0026919300000000004 0.027196720000000008 0.013029710000000007
19.822635561774774 -0.02790334000000001 0.07533924 -0.07608299999999997 0.04222717 0.0059526100000000005 0.03103344000000001 0.016533390000000005
19.822634849805848 -0.026352460000000008 0.07697114000000001 -0.07675743999999997 0.04282119 0.007583910000000001 0.03295564000000001 0.018287410000000004
19.7549756989451 -0.023194900000000008 0.08145238 -0.07916703999999997 0.044624910000000004 0.01134739 0.03738292000000001 0.022330930000000006
19.754975218734977 -0.02162156000000001 0.08369294000000001 -0.08038059999999997 0.04553283 0.013226390000000001 0.03959652000000001 0.024351090000000006
19.7265847541879 -0.017277120000000007 0.09092546000000001 -0.08536699999999997 0.048548030000000006 0.01954207 0.04667084000000001 0.030986810000000007
19.726584243169718 -0.015125120000000008 0.09454162000000002 -0.08788335999999997 0.05008647000000001 0.022671970000000003 0.05021556000000001 0.03429171000000001
19.08337400472284 -0.022452480000000007 0.09491560000000002 -0.08775239999999997 0.050261070000000005 0.015039050000000003 0.042771400000000015 0.02673843000000001
19.083373644925263 -0.026118270000000006 0.09510256000000002 -0.08768775999999996 0.05034886 0.011220820000000003 0.03905259000000001 0.02296215000000001
19.036941844072427 -0.03924723000000001 0.09683712000000001 -0.08539617999999996 0.05018972 -0.004040579999999997 0.02439349000000001 0.007954830000000012
19.036941816676325 -0.045810800000000006 0.09770438000000001 -0.08424933999999996 0.05010902 -0.011670289999999996 0.01706357000000001 0.00045160000000001206
18.960718853755957 -0.050100570000000004 0.09812442 -0.08395187999999996 0.05017359 -0.016322079999999996 0.01256427000000001 -0.004135859999999988
18.960718308256272 -0.05868613 0.09896444 -0.08338293999999996 0.050337049999999994 -0.025640039999999996 0.00356137000000001 -0.013320919999999988
18.88547807642738 -0.07061585000000001 0.10514024 -0.07519079999999996 0.04956562999999999 -0.04499048 -0.014854089999999992 -0.03227691999999999
18.88547718564822 -0.07657950000000001 0.10822809 -0.07108810999999995 0.04917264999999999 -0.05466384 -0.024062829999999993 -0.04175425999999999
18.061902696919333 -0.07588338000000001 0.13706499 -0.08881318999999996 0.060736689999999996 -0.04780668 -0.014365149999999993 -0.033698779999999984
18.009091394309216 -0.08092356000000002 0.13760539 -0.08975530999999996 0.06130599 -0.052474019999999996 -0.01875452999999999 -0.03824885999999998
18.009091127561927 -0.09099696000000002 0.13868611 -0.09163422999999997 0.06243795 -0.061800419999999995 -0.02753560999999999 -0.04734521999999998
17.98715173625971 -0.08407386000000001 0.18012019 -0.12065688999999997 0.07936407 -0.04278077999999999 -0.005114869999999994 -0.02689073999999998
17.92283477908827 -0.09759386000000002 0.18926123 -0.13283436999999998 0.08550647 -0.05026565999999999 -0.010631189999999993 -0.03354513999999998
17.922834280827363 -0.10434542000000002 0.19383169 -0.13891573 0.08857145 -0.05400083999999999 -0.013391249999999993 -0.03686893999999998
17.78497404833678 -0.12904427000000002 0.19330999 -0.14149312 0.08926781 -0.07681862999999998 -0.035223149999999995 -0.05927080999999998
17.646174312510922 -0.12912095 0.23558515 -0.1662247 0.10544189000000001 -0.06833780999999998 -0.023106869999999995 -0.04925626999999998
17.617783559793665 -0.12205685000000001 0.29508355 -0.20633458 0.12855485 -0.04427678999999998 0.005257110000000006 -0.023379949999999976
17.19328867893037 -0.13740909 0.30370474999999997 -0.21017058 0.13226561 -0.05950382999999998 -0.008507449999999995 -0.037989989999999974
17.19328842668888 -0.15264813000000002 0.30950667 -0.21477346 0.13553465 -0.07340902999999999 -0.021025289999999995 -0.05130986999999997
17.19328775029031 -0.16027469000000003 0.31240753 -0.21708602 0.13717883 -0.08036720999999998 -0.027283769999999995 -0.057972869999999975
17.193287498048825 -0.16794635000000002 0.31671823 -0.21900634 0.13903193 -0.08797164999999998 -0.03416477 -0.06527210999999998
17.182334906417182 -0.17207731 0.34646235 -0.2332869 0.15020557 -0.08899568999999999 -0.03244381 -0.06513810999999999
17.182334764183032 -0.17414827000000002 0.36133453 -0.2404203 0.15578551000000002 -0.08951320999999998 -0.03158121 -0.06507338999999998
17.097238153226638 -0.18009219 0.38243877 -0.25539414 0.16553635000000003 -0.09023412999999998 -0.03018141 -0.06489962999999999
17.097237538169612 -0.19127247000000003 0.40251601 -0.2657213 0.17373759000000003 -0.09928848999999998 -0.03674229 -0.07290206999999999
17.09723722458658 -0.19685773000000004 0.41255461 -0.2708757 0.17783291000000004 -0.10381466999999998 -0.040022249999999995 -0.07690248999999999
17.097236609529553 -0.19982927000000003 0.42310681 -0.27836252 0.18270303000000004 -0.10416950999999998 -0.03931957 -0.07681118999999999
17.023024639904463 -0.20276219000000004 0.46029997 -0.30312264 0.19718935000000004 -0.09682858999999998 -0.028653569999999996 -0.06806750999999998
17.023024557173763 -0.20422203000000003 0.47889655 -0.3155005 0.20442985000000005 -0.09315106999999997 -0.023320049999999995 -0.06369134999999998
16.941912464912235 -0.20491235000000002 0.49832816999999996 -0.32569474000000004 0.21156537000000006 -0.09078268999999997 -0.019375409999999996 -0.06065798999999998
16.941912325141338 -0.20632859000000003 0.5371922499999999 -0.34611818000000005 0.22586613000000005 -0.08607624999999997 -0.011478009999999995 -0.05460534999999998
16.913522000365163 -0.20570931000000003 0.58853733 -0.37896686000000007 0.24506033000000005 -0.07180248999999997 0.006829990000000006 -0.038629629999999984
16.913520869365957 -0.20539463000000002 0.61420991 -0.3953914800000001 0.25465751000000003 -0.06466036999999997 0.015976550000000006 -0.030641889999999984
15.75974359648788 -0.18738887 0.80061591 -0.47094714000000004 0.29115339 -0.007594829999999969 0.07893463 0.028909570000000016
15.7597433975945 -0.15812359 1.14864075 -0.6054716200000001 0.36021975 0.08712857000000003 0.18604463 0.12885857
15.759743071274055 -0.14346739 1.32265361 -0.6727232000000001 0.39474011 0.13451599000000003 0.23960055 0.17884833
15.759742872380675 -0.10746647000000001 1.6954660099999999 -0.8238424000000001 0.46773254999999997 0.24864367000000004 0.36552499 0.29795277
15.584437166520857 -0.07571783000000001 2.10981241 -1.00138316 0.54899655 0.37666907000000005 0.50702643 0.43166337
15.58443664337554 -0.05985001000000001 2.31698381 -1.09015146 0.58962501 0.44067673000000007 0.57778437 0.49851881
15.499874928147579 -0.022313250000000007 2.76362261 -1.2807505 0.67354957 0.58488797 0.73434801 0.6479412099999999
15.49987440500226 -0.003545530000000005 2.98694081 -1.37604804 0.71551215 0.65699065 0.8126302900000001 0.7226509099999999
14.284174971462818 0.08032199 3.60320081 -1.61403624 0.82062663 0.87373189 1.0454145700000002 0.9461603099999999
14.284174592306929 0.19286423 4.27369641 -1.8669982799999998 0.9366769500000001 1.12318585 1.3115555700000001 1.2026541099999999
14.284174042822757 0.24919167 4.6089454100000005 -1.9934104799999999 0.9946381500000001 1.24796429 1.4446264100000001 1.33093091
14.284173663666868 0.29108049 4.91707621 -2.11245718 1.0472452300000001 1.35629273 1.56101149 1.44265825
