14.284173663666868 0.02746248 -0.03735262 -0.0373534 -2e-08 0.0648159 0.0625292 0.0638512
14.284174042822757 0.06312382 -0.07153386 -0.07153834 -4e-08 0.1346622 0.13001736 0.13270266
14.284174592306929 0.13445898 -0.13989598 -0.13990782000000002 -8e-08 0.27436688 0.26497344 0.27040401999999997
14.284174971462818 0.18938362 -0.2146017 -0.2146151 -1.2000000000000002e-07 0.40399883999999997 0.39003184 0.3981065
15.49987440500226 0.2041278 -0.24311908000000002 -0.24313506000000001 -1.4e-07 0.44726299999999997 0.43108022 0.44043588
15.499874928147579 0.23361616 -0.30015552 -0.30017678000000003 -1.8000000000000002e-07 0.53379312 0.51317842 0.52509628
15.58443664337554 0.24627636 -0.32538226000000003 -0.32540594 -2.0000000000000002e-07 0.5716825 0.54939512 0.56228
15.584437166520857 0.27158104 -0.37583706000000006 -0.37586546 -2.4000000000000003e-07 0.64744674 0.6218532800000001 0.63664948
15.759742872380675 0.30306296 -0.41034114000000005 -0.4103667 -2.8e-07 0.71342994 0.68490236 0.70139484
15.759743071274055 0.31847542 -0.42301172000000004 -0.42304025999999995 -3.0000000000000004e-07 0.7415159800000001 0.7118983600000001 0.72902102
15.7597433975945 0.34930066 -0.44835148 -0.44838601999999994 -3.4000000000000003e-07 0.79768702 0.7658893200000001 0.78427234
15.75974359648788 0.36504174 -0.4656038 -0.46563703999999995 -3.6000000000000005e-07 0.8306791600000001 0.7974142000000001 0.81664548
16.913520869365957 0.37013142 -0.4665256 -0.46655909999999995 -4.0000000000000003e-07 0.8366909400000001 0.8034002600000001 0.82264642
16.913522000365163 0.38031114 -0.4683696 -0.46840377999999994 -4.800000000000001e-07 0.8487154200000001 0.8153727800000001 0.83464898
16.941912325141338 0.38924622 -0.46581468 -0.4658486599999999 -5.6e-07 0.8550955000000001 0.8219552600000001 0.84111446
16.941912464912235 0.39371303999999996 -0.46453711999999997 -0.46457103999999994 -6.000000000000001e-07 0.8582847200000001 0.8252464600000001 0.8443467
17.023024557173763 0.39751277999999995 -0.4650935 -0.4651250599999999 -6.400000000000001e-07 0.8626385000000001 0.8295871600000001 0.84869498
17.023024639904463 0.40511285999999996 -0.46620542 -0.4662322199999999 -7.200000000000001e-07 0.87134582 0.8382678000000001 0.85739106
17.097236609529553 0.40727209999999997 -0.46595285999999997 -0.4659793599999999 -7.8e-07 0.87325226 0.8401149400000001 0.85927248
17.09723722458658 0.40877386 -0.46444041999999996 -0.4644666399999999 -8.200000000000001e-07 0.87324134 0.8402452400000001 0.85932114
17.097237538169612 0.41178033999999997 -0.46141565999999995 -0.46144143999999987 -9.000000000000001e-07 0.87322274 0.8405012800000001 0.85941838
17.097238153226638 0.41609865999999995 -0.46091057999999996 -0.4609357199999999 -1.02e-06 0.87703542 0.8441960800000001 0.86318134
17.182334764183032 0.41962261999999995 -0.45913135999999993 -0.4591548199999999 -1.06e-06 0.87877852 0.8459772200000001 0.8649405
17.182334906417182 0.42666837999999996 -0.4555725199999999 -0.4555926199999999 -1.14e-06 0.8822622 0.8495408200000001 0.8684579
17.193287498048825 0.42659755999999993 -0.4544397599999999 -0.4544607799999999 -1.1800000000000001e-06 0.88105958 0.8484190400000001 0.86728938
17.19328775029031 0.42586255999999995 -0.4540601799999999 -0.45408421999999987 -1.2400000000000002e-06 0.8799480799999999 0.8473395600000001 0.86619138
17.19328842668888 0.42438823999999997 -0.45330093999999993 -0.45333101999999986 -1.3600000000000001e-06 0.8777206799999999 0.8451816800000002 0.8639933
17.19328867893037 0.42424663999999995 -0.45103553999999996 -0.45106757999999986 -1.4400000000000002e-06 0.8753157199999999 0.8429381600000001 0.86165646
17.617783559793665 0.43811732 -0.45350951999999994 -0.45354119999999987 -1.5000000000000002e-06 0.8916601399999999 0.8589910400000002 0.87787788
17.646174312510922 0.44782022 -0.4518695999999999 -0.45189791999999984 -1.5600000000000003e-06 0.89971976 0.8670491600000001 0.8859369
17.78497404833678 0.4399148 -0.4539592799999999 -0.45399506999999983 -1.6500000000000003e-06 0.8939115799999999 0.8614656800000001 0.88022352
17.922834280827363 0.43916592 -0.4548920399999999 -0.4549269899999998 -1.7100000000000004e-06 0.8940946799999999 0.8617860800000001 0.8804645400000001
17.92283477908827 0.43766856 -0.45675751999999986 -0.45679078999999984 -1.8300000000000003e-06 0.8944612 0.8624267200000001 0.8809467000000001
17.98715173625971 0.44882658 -0.45826543999999986 -0.45830224999999986 -1.8900000000000003e-06 0.9071307399999999 0.8750202400000001 0.8935841400000001
18.009091127561927 0.44752941999999996 -0.45787215999999986 -0.4579147299999999 -2.1300000000000004e-06 0.9054462999999999 0.8733884000000001 0.8919219
18.009091394309216 0.44688004 -0.45767549999999985 -0.4577208899999999 -2.2500000000000005e-06 0.90460318 0.8725722600000001 0.8910901800000001
18.061902696919333 0.45436558 -0.45653903999999984 -0.45658202999999986 -2.3700000000000006e-06 0.9109499799999999 0.8787547800000001 0.8973676800000001
18.88547718564822 0.45473157 -0.45285241999999987 -0.4528938399999999 -2.4000000000000007e-06 0.9076278 0.87564766 0.8941362300000001
18.88547807642738 0.45547263 -0.44547905999999987 -0.44551723999999987 -2.4400000000000008e-06 0.90099232 0.8694261200000001 0.8876753700000001
18.960718308256272 0.45377457 -0.44445523999999986 -0.4444934799999999 -2.5000000000000006e-06 0.8982705599999999 0.8667912400000001 0.8849902700000001
18.960718853755957 0.45292238 -0.44394325999999984 -0.4439815499999999 -2.5300000000000008e-06 0.8969064699999999 0.8654742200000001 0.8836460400000001
19.036941816676325 0.45163644000000003 -0.44285631999999986 -0.4428969599999999 -2.570000000000001e-06 0.8945359699999998 0.8632292100000001 0.8813284800000001
19.036941844072427 0.4490662 -0.4406823799999999 -0.4407276999999999 -2.650000000000001e-06 0.8897965499999998 0.8587393700000001 0.8766943400000001
19.083373644925263 0.44824742 -0.4404445199999999 -0.4404909599999999 -2.6700000000000007e-06 0.8887410499999998 0.8576471200000001 0.8756233400000001
19.08337400472284 0.44655564000000003 -0.4399687999999999 -0.44001755999999986 -2.7100000000000007e-06 0.8865759299999998 0.8554749600000001 0.8734552400000001
19.726584243169718 0.44834574000000005 -0.4399840399999999 -0.4400311199999999 -2.7500000000000008e-06 0.8883796299999998 0.8573471400000001 0.87528784
19.7265847541879 0.45208606000000007 -0.44001447999999993 -0.4400581999999999 -2.830000000000001e-06 0.8921471099999998 0.8610781400000002 0.8790399200000001
19.754975218734977 0.45356816000000005 -0.4397545399999999 -0.4398012599999999 -2.870000000000001e-06 0.8933722899999998 0.8623448600000002 0.8802826200000001
19.7549756989451 0.45652736000000005 -0.4392346199999999 -0.43928749999999994 -2.910000000000001e-06 0.8958178099999998 0.8648785800000002 0.8827653400000002
19.822634849805848 0.45787178000000006 -0.4388883999999999 -0.43893815999999997 -2.9300000000000007e-06 0.8968129099999999 0.8659698800000002 0.8838010200000002
19.822635561774774 0.4605614600000001 -0.4381958399999999 -0.43823932 -2.9700000000000008e-06 0.8988037899999999 0.8681525200000002 0.8858728200000001
19.851026026321854 0.4615365800000001 -0.4382630799999999 -0.43830682 -3.010000000000001e-06 0.8998464499999999 0.8692205600000003 0.8869261800000001
19.851026305581225 0.4634866600000001 -0.43839751999999993 -0.43844185999999996 -3.090000000000001e-06 0.9019316099999999 0.8713566800000002 0.8890328600000001
19.92064680888955 0.4645831600000001 -0.4384780199999999 -0.43852043999999996 -3.1100000000000007e-06 0.9031067099999999 0.8725979400000002 0.8902358800000002
19.920646891620244 0.4678428000000001 -0.4379562199999999 -0.43799791999999993 -3.1500000000000008e-06 0.9058438699999999 0.8753061000000002 0.8929608000000002
19.92064714206343 0.4694723400000001 -0.4376953199999999 -0.43773665999999994 -3.190000000000001e-06 0.9072121899999999 0.8766602000000002 0.8943231200000002
19.920647224794124 0.4716646200000001 -0.43785639999999987 -0.43789397999999996 -3.270000000000001e-06 0.9095618299999999 0.8791427600000002 0.8967288400000002
19.965411302295955 0.4712388600000001 -0.4380327199999999 -0.43806967999999996 -3.310000000000001e-06 0.9093118099999999 0.8788864400000003 0.8964761600000002
19.965411825441272 0.4694216600000001 -0.4359950399999999 -0.43603452 -3.430000000000001e-06 0.9054595299999999 0.8752001200000002 0.8926938800000002
19.96541197087648 0.46851322000000006 -0.4349762799999999 -0.435017 -3.490000000000001e-06 0.9035336299999999 0.8733569600000003 0.8908028800000002
19.9654124940218 0.4676617800000001 -0.43532887999999986 -0.43536823999999996 -3.570000000000001e-06 0.9030335099999999 0.8728445200000003 0.8902975600000002
20.006886078308565 0.46875366000000007 -0.43514689999999984 -0.43518925999999997 -3.610000000000001e-06 0.9039464499999998 0.8738135000000004 0.8912341400000001
20.006886220542714 0.47132814000000006 -0.43536329999999984 -0.43540349999999994 -3.690000000000001e-06 0.9067352499999999 0.8765453000000003 0.8939989000000002
20.006886612433195 0.47261568000000004 -0.43547145999999987 -0.43551059999999997 -3.730000000000001e-06 0.9081299299999999 0.8779112400000003 0.8953814400000002
20.00688675466734 0.47480232000000006 -0.4351074599999999 -0.43515264 -3.8100000000000012e-06 0.9099586899999998 0.8798501600000003 0.8972566800000001
20.020694270458563 0.47347434000000005 -0.4353185799999999 -0.4353662 -3.850000000000001e-06 0.9088443099999999 0.8787789000000003 0.8961604800000001
20.02069454074951 0.47284372 -0.4356656999999999 -0.43571318 -3.890000000000001e-06 0.9085607099999998 0.8785173400000003 0.8958861800000002
20.02069479360388 0.47158348 -0.43635989999999986 -0.43640717999999995 -3.970000000000001e-06 0.9079945499999998 0.8779929000000003 0.8953376200000002
20.020695063894827 0.46892588 -0.43678209999999984 -0.43683421999999994 -4.0100000000000006e-06 0.9057640699999998 0.8758520600000003 0.8931449400000002
20.102668069530015 0.473447 -0.4366517799999998 -0.43669771999999996 -4.13e-06 0.9101488099999998 0.8803236800000003 0.8975663400000002
20.188924699886815 0.47296784000000003 -0.4369688199999998 -0.43701559999999995 -4.31e-06 0.9099877099999998 0.8801761400000003 0.8974109400000002
20.442203963260482 0.4701308 -0.43741973999999983 -0.43747083999999997 -4.43e-06 0.9076060299999997 0.8778649000000003 0.8950589800000002
20.44220416215386 0.46948864 -0.4379009999999998 -0.43795078 -4.4699999999999996e-06 0.9074438699999997 0.8777187400000003 0.8949035600000002
20.44220448376963 0.46818296000000004 -0.4388635999999998 -0.43891073999999997 -4.589999999999999e-06 0.9070982299999997 0.8774258200000002 0.8945801600000002
20.442204682663007 0.46676438000000003 -0.4390890199999998 -0.43913833999999996 -4.6499999999999995e-06 0.9059073099999997 0.8762701800000002 0.8934041400000001
20.521650166989197 0.46617626 -0.4391206199999998 -0.43917458 -4.73e-06 0.9053555099999997 0.8757126600000003 0.8928499400000002
20.521650304908313 0.46469530000000003 -0.4383304599999998 -0.43838449999999995 -4.81e-06 0.9030845499999997 0.8734684600000002 0.8905902600000002
20.521650365882575 0.46395504000000004 -0.43793535999999983 -0.43798945999999994 -4.849999999999999e-06 0.9019492699999997 0.8723463000000002 0.8894605200000002
20.521650503801688 0.46366408000000003 -0.43795105999999984 -0.43800747999999995 -4.889999999999999e-06 0.9016763699999997 0.8720675800000003 0.8891851800000002
21.194040420341075 0.46418138000000003 -0.4377769799999998 -0.43783271999999995 -4.909999999999999e-06 0.9020189499999997 0.8723998400000003 0.8895234000000002
21.194040607457026 0.46490874000000004 -0.4376212999999998 -0.43767919999999993 -4.9299999999999985e-06 0.9025928099999997 0.8729807000000003 0.8901002200000002
21.194040934710554 0.46636178000000006 -0.4373098999999998 -0.4373723199999999 -4.969999999999998e-06 0.9037390499999997 0.8741450200000003 0.8912541000000003
21.1940411218265 0.4674043400000001 -0.4369617399999998 -0.4370227199999999 -5.009999999999998e-06 0.9044320899999997 0.8748107000000003 0.8919356200000003
21.205531987248825 0.4680934600000001 -0.43674529999999984 -0.4368080399999999 -5.029999999999998e-06 0.9049065699999997 0.8752756200000003 0.8924060600000002
21.20553200300725 0.4688303200000001 -0.43656363999999986 -0.4366268399999999 -5.049999999999997e-06 0.9054622699999998 0.8759246400000003 0.8930011200000002
21.2055325016183 0.4703046000000001 -0.4362002799999999 -0.4362643999999999 -5.089999999999997e-06 0.9065741499999997 0.8772226400000003 0.8941915200000002
21.205532517376724 0.47168200000000005 -0.43576739999999986 -0.4358349599999999 -5.129999999999997e-06 0.9075221899999998 0.8781522800000002 0.8951318000000003
21.210566075883598 0.47229234000000003 -0.4357661999999999 -0.4358363999999999 -5.1499999999999964e-06 0.9081340099999998 0.8787646200000002 0.8957438400000003
21.210566599028915 0.47351286000000004 -0.43576379999999987 -0.4358392799999999 -5.2299999999999965e-06 0.9093574899999999 0.8799905400000002 0.8969683200000003
21.31810525173332 0.47405488 -0.43568915999999985 -0.4357653399999999 -5.249999999999996e-06 0.9098255899999999 0.8804424600000003 0.8974296000000003
21.31810577487864 0.47513656 -0.4355398799999999 -0.4356176599999999 -5.289999999999996e-06 0.9107596699999998 0.8813459400000002 0.8983507600000002
21.34977830218035 0.47554752 -0.43548339999999985 -0.4355616999999999 -5.309999999999996e-06 0.9111147099999998 0.8817372600000002 0.8987211000000003
21.349778490947315 0.4763696 -0.4353703999999999 -0.4354498999999999 -5.349999999999995e-06 0.9118250699999998 0.8825198200000002 0.8994619000000003
21.37816895549439 0.47694814 -0.4354229999999999 -0.4355003199999999 -5.369999999999995e-06 0.9124540699999998 0.8831074600000002 0.9000734400000002
21.378169757955728 0.47810642000000003 -0.4355282399999999 -0.43560107999999986 -5.409999999999995e-06 0.9137131899999997 0.8842809400000001 0.9012964400000002
21.379058194600727 0.47848232 -0.4356878199999999 -0.43576109999999985 -5.449999999999994e-06 0.9142491499999997 0.8847967400000001 0.9018239000000002
21.379059138298302 0.47923164 -0.4360070199999999 -0.43608113999999987 -5.5299999999999945e-06 0.9153185899999997 0.88582742 0.9028769800000003
21.407449602845382 0.4798154 -0.4358947999999999 -0.4359690999999999 -5.549999999999994e-06 0.9157903499999998 0.88629064 0.9033451400000003
21.40744965037611 0.48097956000000003 -0.4356703999999999 -0.43574513999999986 -5.629999999999994e-06 0.9167306299999998 0.88721708 0.9042795800000003
21.481923103564803 0.48209196000000004 -0.4355598399999999 -0.4356347799999999 -5.669999999999994e-06 0.9177327099999998 0.88826916 0.9053027400000003
21.48192330245818 0.48249754000000006 -0.4355952999999999 -0.4356717599999999 -5.689999999999994e-06 0.9181753099999997 0.88869164 0.9057368400000003
21.481923445649493 0.4833083000000001 -0.4356662599999999 -0.4357457599999999 -5.729999999999993e-06 0.9190601499999997 0.88953676 0.9066049200000004
21.481923644542867 0.4838645800000001 -0.43561095999999994 -0.43569057999999994 -5.749999999999993e-06 0.9195612699999998 0.89006284 0.9071165800000004
21.783099705363917 0.4844394200000001 -0.43580805999999994 -0.43588735999999995 -5.769999999999993e-06 0.9203329099999997 0.89084132 0.9078911000000004
21.783100136103215 0.48558830000000014 -0.43620229999999993 -0.43628095999999994 -5.849999999999993e-06 0.9218754299999997 0.8923983600000001 0.9094397400000004
21.790044953906673 0.4860241200000001 -0.4362012799999999 -0.43628009999999995 -5.889999999999993e-06 0.9223104299999997 0.8928216200000001 0.9098697800000004
21.79004503663737 0.48660708000000014 -0.4363205999999999 -0.43640361999999994 -5.929999999999992e-06 0.9230169899999997 0.8935261000000001 0.9105754600000004
21.790045046474738 0.4868986000000001 -0.4363802799999999 -0.4364654599999999 -5.969999999999992e-06 0.9233703899999997 0.8938783800000001 0.9109283800000004
21.790045129205435 0.48776652000000015 -0.4363782799999999 -0.4364638199999999 -6.049999999999992e-06 0.9242367499999996 0.89472406 0.9117860200000004
21.858340827971965 0.48819916000000013 -0.43650867999999987 -0.4365966599999999 -6.089999999999992e-06 0.9248022299999996 0.8953369400000001 0.9123715000000004
21.858340913431793 0.48841690000000015 -0.43657387999999986 -0.4366629999999999 -6.1099999999999915e-06 0.9250863499999996 0.8956439800000001 0.9126652800000005
21.859677041991 0.4888968200000002 -0.43665817999999984 -0.43674563999999994 -6.129999999999991e-06 0.9256489499999996 0.8960556800000001 0.9131642200000004
21.85967718422515 0.48976314000000015 -0.43653853999999986 -0.43663159999999995 -6.169999999999991e-06 0.9264013099999996 0.8966649200000001 0.9138561800000005
21.859677511113862 0.49018700000000015 -0.43647873999999987 -0.43657461999999997 -6.189999999999991e-06 0.9267682099999995 0.8969695400000001 0.9141968000000005
21.859677653348008 0.49106720000000015 -0.4366473399999999 -0.43673994 -6.22999999999999e-06 0.9278137699999995 0.8978929000000001 0.9151908000000005
21.861493139712664 0.49145596000000014 -0.43683837999999986 -0.43693084 -6.26999999999999e-06 0.9283934699999995 0.8985161200000001 0.9157888600000005
21.861493586139037 0.49223436000000015 -0.43722041999999983 -0.43731268 -6.38999999999999e-06 0.9295538299999995 0.8997626400000002 0.9169855400000004
21.90792532775918 0.49281896000000014 -0.4372822599999998 -0.43737436 -6.429999999999989e-06 0.9302001499999994 0.9004828400000001 0.9176630200000004
21.907925386991874 0.49311036000000014 -0.4373131799999998 -0.43740528 -6.449999999999989e-06 0.9305224899999994 0.9008441600000001 0.9180018000000004
22.012696272393253 0.49518846000000016 -0.4377577799999998 -0.43785594 -6.569999999999989e-06 0.9330513699999994 0.9031818800000001 0.9204500400000004
22.06424180818796 0.49473354000000014 -0.4375735199999998 -0.43766928 -6.629999999999989e-06 0.9324099099999994 0.9025684400000001 0.9198204000000004
22.07960116212628 0.4961558400000001 -0.43742393999999984 -0.43751454 -6.749999999999989e-06 0.9336775299999994 0.9038278400000002 0.9210845400000004
22.112967796541096 0.4952825400000001 -0.43772165999999985 -0.43781076 -6.8699999999999884e-06 0.9331005099999994 0.9032311400000002 0.9204992400000004
22.174193684462004 0.4962673800000001 -0.43775909999999985 -0.43784856 -6.989999999999988e-06 0.9341232699999994 0.9042426200000001 0.9215172600000003
22.212289807075564 0.4973158200000001 -0.4377899399999998 -0.43787766 -7.109999999999988e-06 0.9352008699999994 0.9052176800000001 0.9225516000000004
22.30516151045983 0.49700598000000007 -0.43760609999999983 -0.43769736 -7.169999999999988e-06 0.9347107899999995 0.9047660600000001 0.9220777200000003
22.35909212428815 0.49814058000000005 -0.4376199399999998 -0.437716 -7.249999999999988e-06 0.9358640699999995 0.9058989000000002 0.9232224000000003
22.359092460084476 0.49871134000000006 -0.4376268199999998 -0.43772532 -7.289999999999988e-06 0.9364441899999995 0.9064653000000001 0.9237967200000003
22.388371460004198 0.49941344000000004 -0.4376577599999998 -0.43775786 -7.329999999999987e-06 0.9371788899999994 0.9071120200000001 0.9244943000000003
22.388372063079352 0.5008068800000001 -0.43771959999999976 -0.43782286 -7.4099999999999875e-06 0.9386374499999994 0.9084214600000001 0.9258899400000004
22.413145774903192 0.5021760200000001 -0.43775871999999977 -0.43786228 -7.469999999999988e-06 0.9400460699999994 0.9097775800000001 0.9272764200000003
22.445348739509093 0.5025997200000001 -0.43767329999999977 -0.43777834 -7.509999999999987e-06 0.9403858699999994 0.9101673200000001 0.9276372800000003
22.44534930681904 0.5034460000000001 -0.43750249999999974 -0.4376105 -7.5899999999999875e-06 0.9410643899999994 0.9109467200000001 0.9283583600000004
22.46778726763743 0.5026945 -0.4378054399999997 -0.43790876 -7.649999999999988e-06 0.9406112699999994 0.9104760800000001 0.9278978600000004
22.474628306738765 0.5036596200000001 -0.4376346799999997 -0.43773696 -7.729999999999987e-06 0.9414046699999995 0.9112412000000001 0.9286793400000004
22.47462867830029 0.5041423 -0.4375492999999997 -0.43765114 -7.769999999999987e-06 0.9418015699999995 0.9116237800000001 0.9290702000000004
22.47895177374389 0.50537248 -0.4375651399999997 -0.437668 -7.829999999999986e-06 0.9430486699999995 0.9129379000000001 0.9303455600000003
22.48838655661514 0.5057396200000001 -0.4373164399999997 -0.43742098 -7.889999999999985e-06 0.9431688499999995 0.9131570800000001 0.9305075000000004
22.55480162529584 0.5067731200000001 -0.4373661799999997 -0.43748038 -8.009999999999986e-06 0.9442618699999995 0.91428436 0.9316149800000004
22.574247416194172 0.5077857400000001 -0.4373713999999997 -0.4374868 -8.069999999999985e-06 0.9452809699999996 0.91533586 0.9326477600000004
22.582583308173092 0.5081062000000001 -0.4373714599999997 -0.43748536 -8.129999999999985e-06 0.9456000499999996 0.91571002 0.9329900600000004
22.5922886780694 0.5084227000000001 -0.4371886999999997 -0.4372972 -8.189999999999984e-06 0.9457285099999996 0.91588948 0.9331400600000004
22.60123363988832 0.5088344800000001 -0.4371782599999997 -0.43727968 -8.249999999999984e-06 0.9461228299999995 0.9162500800000001 0.9335201600000004
22.605295583380254 0.5097859600000001 -0.4371690999999997 -0.43727332 -8.329999999999983e-06 0.9470680299999995 0.91722904 0.9344796000000004
22.605295653590318 0.5102627600000001 -0.4371645199999997 -0.4372701 -8.369999999999983e-06 0.9475416499999995 0.91771844 0.9349598800000004
22.684741470024314 0.5107202800000001 -0.43710605999999974 -0.43721356 -8.389999999999982e-06 0.9479426499999994 0.9181296600000001 0.9353652000000005
22.68474179181365 0.5116343200000001 -0.43698909999999974 -0.43710068 -8.469999999999982e-06 0.9487438499999994 0.9189519800000001 0.9361753200000005
22.6915521986012 0.5120164 -0.4368391599999997 -0.43695024000000005 -8.509999999999981e-06 0.9489755299999993 0.9192954600000001 0.9364541600000005
22.69155250032488 0.51278004 -0.43653927999999975 -0.43664936000000004 -8.629999999999982e-06 0.9494383699999993 0.9199839000000001 0.9370121600000004
22.770998316758885 0.51340316 -0.43661555999999974 -0.43672588000000007 -8.709999999999981e-06 0.9501380899999993 0.9206379800000001 0.9376926400000004
22.770998407034593 0.51371468 -0.43665369999999976 -0.43676420000000005 -8.74999999999998e-06 0.9504879699999993 0.920965 0.9380328800000004
22.807980996645824 0.51503126 -0.43644285999999977 -0.43655324000000006 -8.869999999999981e-06 0.9515936499999993 0.92198992 0.9391044800000004
22.84396113143039 0.51515572 -0.4363337599999998 -0.43644608000000007 -8.889999999999981e-06 0.9516109699999993 0.92200886 0.9391224800000003
22.843961901560522 0.51540648 -0.4361154799999998 -0.43623168000000007 -8.92999999999998e-06 0.9516473699999993 0.92204438 0.9391585200000003
22.85434120458819 0.5168151 -0.4358817799999998 -0.43600104000000006 -8.98999999999998e-06 0.9528254699999993 0.92304266 0.9402607200000004
22.855452592154585 0.51687252 -0.4360160199999998 -0.43613644000000007 -9.00999999999998e-06 0.9530183099999993 0.9232468 0.9404583200000004
22.855453403294298 0.5169868 -0.43628457999999976 -0.43640728000000006 -9.04999999999998e-06 0.9534034699999993 0.92365568 0.9408534800000004
22.86429688261325 0.5169200399999999 -0.43632153999999973 -0.43644440000000007 -9.06999999999998e-06 0.9533738499999993 0.92363138 0.9408261000000003
22.864296901295273 0.5167928399999999 -0.43639545999999974 -0.43651864000000007 -9.109999999999979e-06 0.9533209299999993 0.92358286 0.9407750600000003
22.86584687428537 0.5175685199999999 -0.43637769999999976 -0.4365078400000001 -9.22999999999998e-06 0.9540859299999993 0.92436604 0.9415477400000003
22.875788362019467 0.5176529599999998 -0.43636417999999977 -0.4364939200000001 -9.269999999999979e-06 0.9541564899999994 0.92451028 0.9416493800000003
22.875788384347025 0.5176969199999998 -0.4363573999999998 -0.4364869600000001 -9.309999999999979e-06 0.9541935299999994 0.92458058 0.9417004400000003
22.89082201651211 0.5178530799999997 -0.43627537999999977 -0.4364057800000001 -9.329999999999978e-06 0.9542685299999994 0.92462564 0.9417628000000003
22.890822081686082 0.5178253599999998 -0.43646345999999975 -0.43659364000000006 -9.349999999999978e-06 0.9544286899999994 0.9247455600000001 0.9419059800000004
22.890822257786294 0.5177695599999997 -0.43683965999999974 -0.43696928000000007 -9.389999999999978e-06 0.9547485699999995 0.9249853600000001 0.9421921000000003
22.89082232296026 0.5181101999999997 -0.4366756999999997 -0.4368069200000001 -9.429999999999977e-06 0.9549268499999994 0.9250401600000001 0.9423183000000003
22.968988587662245 0.5187863399999998 -0.43675381999999974 -0.4368867200000001 -9.549999999999978e-06 0.9556828499999994 0.9257484000000001 0.9430541400000003
23.021049048193174 0.5175410099999997 -0.43654876999999975 -0.4366809800000001 -9.579999999999978e-06 0.9542318099999995 0.9243873600000001 0.9416410800000004
23.072058810073532 0.5182469099999998 -0.43658722999999977 -0.4367217800000001 -9.639999999999977e-06 0.9549785699999994 0.9250887600000001 0.9423687000000004
23.074744458143144 0.5182576099999998 -0.43659672999999977 -0.4367319000000001 -9.659999999999977e-06 0.9549994099999994 0.9250752000000001 0.9423750200000004
23.074744564326693 0.5183009299999998 -0.43659598999999977 -0.43672998000000013 -9.679999999999977e-06 0.9550408299999994 0.9250643800000001 0.9423944000000004
23.07474472842022 0.5183872899999997 -0.43659450999999977 -0.43672618000000013 -9.719999999999976e-06 0.9551234299999994 0.9250427400000001 0.9424330000000004
23.074744834603774 0.5184083299999998 -0.4366135499999998 -0.4367465400000001 -9.759999999999976e-06 0.9551648699999994 0.9250157800000001 0.9424455600000005
23.090718823024755 0.5181632099999998 -0.4366151099999998 -0.43674860000000015 -9.779999999999976e-06 0.9549218099999994 0.92480238 0.9422150200000005
23.090720203080643 0.5176726099999998 -0.43661822999999983 -0.43675276000000013 -9.819999999999975e-06 0.9544354499999994 0.92437578 0.9417538600000005
23.119110278800136 0.5167603299999998 -0.4367447899999998 -0.4368778800000001 -9.859999999999975e-06 0.9536482899999994 0.9236352999999999 0.9409864200000005
23.119110667627723 0.5163026099999998 -0.4368081099999998 -0.4369404600000001 -9.879999999999975e-06 0.9532531899999994 0.923275 0.9406060000000005
23.163251957142798 0.5159312099999998 -0.4366764699999998 -0.4368070000000001 -9.919999999999974e-06 0.9527483699999995 0.9227814599999999 0.9401059400000005
23.163252980842145 0.5151877299999997 -0.4364132299999998 -0.43654024000000013 -9.959999999999974e-06 0.9517381699999995 0.9217952599999999 0.9391058600000005
23.185967858639685 0.5155336299999997 -0.43642066999999984 -0.43654960000000015 -9.979999999999974e-06 0.9520934699999994 0.9221413599999999 0.9394572800000005
23.185968234414403 0.5158940899999997 -0.43647510999999983 -0.43660346000000017 -9.999999999999974e-06 0.9525078099999994 0.9225434799999999 0.9398664600000005
23.185968787279744 0.5166159699999997 -0.4365839899999998 -0.4367112200000002 -1.0039999999999973e-05 0.9533374899999995 0.9233477199999999 0.9406853800000005
23.185969163054466 0.5173053699999997 -0.4365989099999998 -0.43673002000000016 -1.0079999999999973e-05 0.9540457299999995 0.9240400399999998 0.9413869000000005
23.19164341291818 0.5168534499999996 -0.4368931099999998 -0.43702198000000014 -1.0119999999999973e-05 0.9538858099999995 0.9238033999999998 0.9411946200000004
23.191643445389225 0.5166275299999996 -0.4370402099999998 -0.43716800000000017 -1.0159999999999972e-05 0.9538059299999995 0.9236851399999998 0.9410985600000005
23.351012620937386 0.5171621699999996 -0.4376848899999998 -0.43781628000000017 -1.0239999999999971e-05 0.9549889299999995 0.9247923399999998 0.9422496000000005
23.35101269753433 0.5174292499999996 -0.4380071899999998 -0.4381404400000002 -1.0279999999999971e-05 0.9555802099999995 0.9253459399999998 0.9428249800000005
23.421981195641244 0.5179550899999996 -0.43804576999999983 -0.4381822000000002 -1.033999999999997e-05 0.9561478699999995 0.9259615999999998 0.9434129200000004
23.426253398265963 0.5181792899999996 -0.43794670999999985 -0.43808152000000017 -1.035999999999997e-05 0.9562714099999995 0.9261681599999998 0.9435714800000005
23.42625382014238 0.5186312499999997 -0.43774854999999985 -0.43788012000000015 -1.039999999999997e-05 0.9565220099999995 0.9265720399999998 0.9438867600000005
23.441752060679633 0.5183026099999997 -0.4378565899999998 -0.4379877400000001 -1.043999999999997e-05 0.9563010299999994 0.9263708799999998 0.9436741400000005
23.441752143410326 0.5178228099999996 -0.43732110999999985 -0.4374547800000001 -1.0479999999999969e-05 0.9552883099999995 0.9254415199999998 0.9426965800000005
23.44175257401431 0.5175832699999996 -0.4370533899999998 -0.4371882600000001 -1.0499999999999969e-05 0.9547822499999995 0.9249758599999998 0.9422075600000005
23.441752656745003 0.5169245899999996 -0.4372695099999998 -0.4374036600000001 -1.0539999999999969e-05 0.9543390099999995 0.9245756599999998 0.9417824800000005
23.473198589141624 0.5172895499999995 -0.43737492999999983 -0.4375087000000001 -1.0559999999999968e-05 0.9548090299999995 0.9250238599999998 0.9422433000000006
23.473198995003678 0.5180201899999995 -0.43758572999999984 -0.4377181000000001 -1.0599999999999968e-05 0.9557491499999995 0.9259201399999998 0.9431649400000005
23.51963077718814 0.5185740699999996 -0.43757356999999986 -0.4377015800000001 -1.0639999999999968e-05 0.9562865499999995 0.9264252999999998 0.9436887400000005
23.519630795856514 0.5188512299999996 -0.43756748999999984 -0.4376933400000001 -1.0659999999999967e-05 0.9565554699999995 0.9266779599999998 0.9439508000000004
23.645014520922295 0.5191515699999996 -0.4375298699999998 -0.4376541000000001 -1.0679999999999967e-05 0.9568166099999995 0.9269334799999998 0.9442095800000004
23.645014818232458 0.5197534499999996 -0.43745462999999984 -0.4375755800000001 -1.0719999999999967e-05 0.9573400099999995 0.9274443599999997 0.9447277000000004
23.64685848893473 0.5194270499999997 -0.43748710999999985 -0.43760744000000007 -1.0739999999999967e-05 0.9570454899999995 0.9271238999999998 0.9444222400000004
23.646858631168875 0.5189974099999997 -0.43768754999999987 -0.4378087600000001 -1.0779999999999966e-05 0.9568172099999995 0.9268791399999998 0.9441870000000004
23.646858653005747 0.5187828299999997 -0.43778776999999985 -0.4379093200000001 -1.0799999999999966e-05 0.9567032099999996 0.9267566599999998 0.9440694200000005
23.646858795239893 0.5181297899999997 -0.43785272999999986 -0.4379730400000001 -1.0839999999999966e-05 0.9561139699999995 0.9261154999999998 0.9434582600000004
23.652497704323103 0.5183918899999997 -0.43810382999999986 -0.4382245200000001 -1.0859999999999965e-05 0.9566275699999995 0.9265955399999998 0.9439577000000005
23.652498186572462 0.5189159299999997 -0.43860614999999986 -0.4387275600000001 -1.0899999999999965e-05 0.9576547299999996 0.9275558199999998 0.9449566600000004
23.688039668837675 0.5187513899999997 -0.43860218999999984 -0.43872350000000016 -1.0919999999999965e-05 0.9574861499999996 0.9273625999999998 0.9447777000000005
23.68803998849237 0.5184119299999997 -0.4386102299999998 -0.43873174000000015 -1.0939999999999965e-05 0.9571549499999996 0.9270222599999998 0.9444426400000004
23.688040597477734 0.5177328899999998 -0.4386262699999998 -0.43874830000000015 -1.0979999999999964e-05 0.9564925499999997 0.9263414999999998 0.9437724800000005
23.688040917132433 0.5174040499999998 -0.4386183499999998 -0.43874018000000015 -1.1019999999999964e-05 0.9561556699999997 0.9259550999999998 0.9434147200000005
23.714284211847364 0.5176408099999997 -0.4388589499999998 -0.43898246000000013 -1.1099999999999963e-05 0.9566347899999997 0.9267169399999998 0.9440131200000005
23.714284376367438 0.5177592099999997 -0.4389792699999998 -0.43910362000000014 -1.1139999999999963e-05 0.9568743699999998 0.9270977999999999 0.9443123000000004
23.727738826931155 0.5181992499999997 -0.4390329499999998 -0.4391556600000001 -1.1179999999999962e-05 0.9573664499999998 0.9276153199999999 0.9448151400000004
23.72773896390104 0.5184189099999996 -0.43905980999999983 -0.43918166000000014 -1.1199999999999962e-05 0.9576121099999998 0.92787406 0.9450663200000005
23.728539552611068 0.5186762499999996 -0.4390387299999998 -0.43916064000000016 -1.1219999999999962e-05 0.9578484699999998 0.92812608 0.9453092800000005
23.728539735146107 0.5189935499999996 -0.43905832999999983 -0.43918078000000016 -1.1239999999999962e-05 0.9581859499999998 0.9284360199999999 0.9456351400000005
23.728540481251127 0.5196460299999995 -0.4390974899999998 -0.43922106000000016 -1.1279999999999961e-05 0.9588787499999999 0.9290557399999999 0.9462971000000004
23.728540663786163 0.5201615899999995 -0.43905536999999983 -0.4391790600000002 -1.135999999999996e-05 0.9593523899999999 0.9295581799999999 0.9467829000000004
23.731271367656863 0.5204180699999995 -0.4390878899999998 -0.43920818000000017 -1.143999999999996e-05 0.9596380699999999 0.9298625399999999 0.9470764600000005
23.7312714334534 0.5205439299999995 -0.4391041499999998 -0.43922268000000014 -1.147999999999996e-05 0.9597784699999999 0.9300146999999999 0.9472218200000004
23.7607160127002 0.5208565699999995 -0.4389590099999998 -0.43907636000000017 -1.149999999999996e-05 0.95994481 0.9301936799999999 0.9473935000000004
23.760716564413954 0.5214819299999995 -0.4386686899999998 -0.4387837600000002 -1.1539999999999959e-05 0.96027761 0.9305516399999999 0.9477369000000004
23.79005534833741 0.5213069499999995 -0.4386600099999998 -0.4387757600000002 -1.1559999999999959e-05 0.96009467 0.9303053399999999 0.9475272200000004
23.79005556312387 0.5210629699999995 -0.43870636999999985 -0.4388206600000002 -1.1579999999999959e-05 0.95989561 0.9300738199999998 0.9473144800000004
23.790056276977467 0.5205749299999994 -0.43879904999999986 -0.43891046000000017 -1.1619999999999958e-05 0.95949745 0.9296110199999998 0.9468890400000004
23.79005649176393 0.5202256499999994 -0.43878168999999984 -0.4388945000000002 -1.1659999999999958e-05 0.95913225 0.9291183399999998 0.9464700400000005
23.89811654825842 0.5194432799999994 -0.43866072999999983 -0.4387766000000002 -1.1689999999999958e-05 0.95823201 0.9282599199999998 0.9455874400000005
24.192121617004 0.5196249999999994 -0.43868222999999984 -0.43879848000000016 -1.1709999999999957e-05 0.95843561 0.9284740799999998 0.9457955000000005
24.192121843521537 0.5200008399999995 -0.43872522999999986 -0.43884212000000017 -1.1749999999999957e-05 0.95885513 0.9289023999999998 0.9462187400000005
24.220512308068614 0.5201337599999994 -0.43871582999999986 -0.43883168000000017 -1.1769999999999957e-05 0.95897763 0.9290498199999998 0.9463517400000006
24.220513072779376 0.5204076799999995 -0.4386970299999999 -0.43881072000000015 -1.1809999999999956e-05 0.95923063 0.9293448199999998 0.9466224600000005
24.25889275609062 0.5205568199999995 -0.43869000999999985 -0.43880640000000015 -1.1829999999999956e-05 0.95937547 0.9295038199999999 0.9467732800000005
24.258893179946995 0.5208545799999995 -0.43867596999999986 -0.4387978000000001 -1.1869999999999956e-05 0.95966467 0.9298217799999998 0.9470746400000005
24.287283644494067 0.5210182999999995 -0.43866900999999986 -0.4387904600000001 -1.1889999999999956e-05 0.9598210699999999 0.9299883199999999 0.9472353200000005
24.287284211865998 0.5213382599999995 -0.43865508999999986 -0.4387758200000001 -1.1929999999999955e-05 0.96012643 0.9303213599999999 0.9475523600000005
24.29279189025693 0.5209477999999995 -0.43876128999999986 -0.4388839800000001 -1.1949999999999955e-05 0.95984413 0.9300943199999999 0.9472933800000005
24.29279260178161 0.5201588399999996 -0.43897368999999986 -0.43910046000000014 -1.1989999999999955e-05 0.95927169 0.9296401999999999 0.9467708600000005
24.335964778671485 0.5197290399999995 -0.43900036999999986 -0.43912890000000016 -1.2029999999999954e-05 0.95887037 0.9293317199999999 0.9464087000000005
24.335965039412915 0.5195134999999995 -0.4390137299999999 -0.4391432000000002 -1.2049999999999954e-05 0.95866913 0.9291780199999998 0.9462275200000005
24.476141820759988 0.5192809799999996 -0.4390316299999999 -0.4391638400000002 -1.2069999999999954e-05 0.95845729 0.9289743799999999 0.9460191400000005
24.47614185479155 0.5188163799999995 -0.43906742999999987 -0.4392052000000002 -1.2109999999999954e-05 0.95803405 0.9285670999999999 0.9456026200000005
24.491865977439844 0.5186780799999995 -0.43909404999999985 -0.4392308000000002 -1.2129999999999953e-05 0.95792137 0.9284176999999999 0.9454744600000005
24.491866430187585 0.5184018399999994 -0.43914728999999986 -0.4392820400000002 -1.2169999999999953e-05 0.9576964099999999 0.9281188199999999 0.9452183400000005
24.57470084777858 0.5184341799999994 -0.43911384999999986 -0.43924930000000023 -1.2189999999999953e-05 0.9576960299999999 0.9281300399999999 0.9452228600000004
24.5747013327364 0.5184142799999994 -0.43913188999999986 -0.43926730000000025 -1.2209999999999953e-05 0.9576941499999999 0.9281333399999999 0.9452231600000004
24.574701370923897 0.5183743199999995 -0.43916800999999983 -0.43930326000000025 -1.2249999999999952e-05 0.9576901499999999 0.9281398599999999 0.9452236000000004
24.574701855881717 0.5184508399999995 -0.43910112999999984 -0.43923774000000027 -1.2289999999999952e-05 0.9577011899999999 0.9281458199999999 0.9452325200000004
24.65872235015947 0.5184723199999995 -0.4391185699999998 -0.43925610000000026 -1.2309999999999952e-05 0.9577410499999999 0.9281774199999999 0.9452689000000003
24.6587226797115 0.5185028399999996 -0.4391336899999998 -0.43927024000000026 -1.2329999999999951e-05 0.9577857299999999 0.92822078 0.9453130200000003
24.65872287330479 0.5185644799999996 -0.4391639699999998 -0.4392985600000003 -1.2369999999999951e-05 0.9578757299999999 0.9283077 0.9454017000000002
24.658723202856816 0.5186078799999996 -0.4391988099999998 -0.4393353600000003 -1.240999999999995e-05 0.9579559699999999 0.92837094 0.9454747800000002
24.661537921971217 0.5188761199999996 -0.43923468999999976 -0.4393764000000003 -1.244999999999995e-05 0.9582652899999998 0.92867446 0.9457816600000002
24.661538120864595 0.5189898199999996 -0.43927160999999976 -0.43941596000000027 -1.246999999999995e-05 0.9584185699999999 0.92881914 0.9459313200000002
24.661538335628865 0.5192178599999996 -0.43934540999999977 -0.43949508000000026 -1.250999999999995e-05 0.9587257699999998 0.92910822 0.9462308800000002
24.661538534522244 0.5193519399999996 -0.4393633299999998 -0.43951566000000025 -1.252999999999995e-05 0.9588804299999998 0.92925996 0.9463843200000002
24.677858800925527 0.5195115599999997 -0.43934900999999976 -0.4395032800000003 -1.254999999999995e-05 0.9590276899999998 0.92938718 0.9465231200000002
24.677858943159674 0.5198312799999997 -0.43932128999999975 -0.4394829200000003 -1.2589999999999949e-05 0.9593270899999997 0.92967806 0.9468189200000001
24.677859129394726 0.5199912799999997 -0.4393074299999998 -0.43947274000000025 -1.2609999999999949e-05 0.9594769299999997 0.9298234599999999 0.9469669000000002
24.677859271628876 0.5203098799999997 -0.43927878999999975 -0.43944814000000026 -1.2649999999999948e-05 0.9597710099999996 0.9300779399999999 0.9472442600000002
24.694042471760916 0.5204452799999997 -0.43928196999999974 -0.43945270000000025 -1.2669999999999948e-05 0.9599109899999997 0.9302309399999998 0.9473897400000002
24.69404255449161 0.5206563999999997 -0.43925896999999975 -0.4394349400000003 -1.2709999999999948e-05 0.9601043899999997 0.9304822199999998 0.9476075400000002
24.694042618590835 0.5207616799999997 -0.43924746999999975 -0.4394260400000003 -1.2729999999999948e-05 0.9602007899999997 0.9306078399999999 0.9477162800000003
24.694042701321532 0.5210291599999997 -0.43925382999999973 -0.4394352800000003 -1.2769999999999947e-05 0.9604775499999997 0.9309138399999999 0.9480053600000004
24.747398132511314 0.5215099999999997 -0.43918164999999976 -0.4393591400000003 -1.2769999999999947e-05 0.9608823099999997 0.9312724599999999 0.9483906800000004
24.767733368147198 0.5217104599999997 -0.4392471099999998 -0.43942112000000033 -1.2829999999999947e-05 0.9611448099999997 0.9315725199999999 0.9486690200000004
24.8872145625906 0.5217367799999997 -0.4392413099999998 -0.4394156800000003 -1.2849999999999946e-05 0.9611657099999997 0.9316432599999999 0.9487109400000004
24.887215074285244 0.5216342399999997 -0.4393501499999998 -0.4395239600000003 -1.2869999999999946e-05 0.9611714699999997 0.9316890399999999 0.9487335800000004
24.88721507696008 0.5214328399999997 -0.43956782999999977 -0.43974056000000034 -1.2909999999999946e-05 0.9611867099999997 0.9317772799999998 0.9487796200000004
24.88721558865472 0.5214854399999996 -0.43955622999999977 -0.4397298400000003 -1.2949999999999945e-05 0.9612286299999997 0.9319182399999998 0.9488633400000004
24.92690889377525 0.5216373399999996 -0.4395410299999998 -0.43971430000000034 -1.2969999999999945e-05 0.9613650099999997 0.9320247999999998 0.9489871400000004
24.926909432256572 0.5217645199999996 -0.43951340999999977 -0.43968694000000036 -1.2989999999999945e-05 0.9614648499999997 0.9321009599999998 0.9490769800000004
24.92690982241531 0.5220183999999997 -0.43945816999999976 -0.4396322600000004 -1.3029999999999945e-05 0.9616640899999997 0.9322533999999998 0.9492565000000004
24.926910360896635 0.5223225599999997 -0.4394277699999998 -0.4396012200000004 -1.3069999999999944e-05 0.9619372499999997 0.9324663999999998 0.9495043000000004
24.949358820430476 0.5223559199999996 -0.43947228999999977 -0.4396469000000004 -1.3089999999999944e-05 0.9620163099999998 0.9326061199999998 0.9496089400000004
24.949359343575797 0.5225628799999996 -0.43956132999999975 -0.4397382600000004 -1.3129999999999944e-05 0.9623146699999998 0.9328859599999998 0.9498995000000005
24.970162475799476 0.5226329999999996 -0.4395769899999997 -0.4397521600000004 -1.3149999999999944e-05 0.9623987299999999 0.9329681599999998 0.9499827800000005
24.97016282340097 0.5227317399999996 -0.43959740999999974 -0.4397720800000004 -1.3169999999999943e-05 0.9625174099999999 0.9330468599999998 0.9500846000000005
24.97016340443954 0.5229282599999996 -0.43963820999999975 -0.4398118800000004 -1.3209999999999943e-05 0.96275377 0.9332042599999998 0.9502876400000005
24.970163752041028 0.5230682199999996 -0.43966952999999975 -0.43983976000000036 -1.3249999999999943e-05 0.96292165 0.9333686599999997 0.9504540400000006
24.97774187382749 0.5230550799999997 -0.43971476999999975 -0.4398843400000004 -1.3269999999999942e-05 0.96295311 0.9333704199999997 0.9504729600000006
24.97774207970314 0.5230432999999997 -0.43975050999999976 -0.4399193400000004 -1.3289999999999942e-05 0.9629763499999999 0.9333753199999997 0.9504884600000005
24.977742388196965 0.5230202599999997 -0.4398219899999998 -0.4399893400000004 -1.3329999999999942e-05 0.96302335 0.9333850799999996 0.9505197400000005
24.97774259407262 0.5229940599999997 -0.4399124699999998 -0.4400784600000004 -1.3369999999999941e-05 0.96308635 0.9333886399999997 0.9505576600000005
24.99153998709204 0.5229695799999997 -0.43996522999999976 -0.44013314000000037 -1.3409999999999941e-05 0.96311655 0.9334203199999996 0.9505885000000005
24.991540185985418 0.5230065399999997 -0.43994414999999976 -0.44011280000000036 -1.3429999999999941e-05 0.96313319 0.9334557599999996 0.9506130800000006
24.991540308386774 0.5230864999999997 -0.43990198999999974 -0.4400721600000004 -1.346999999999994e-05 0.96317259 0.9335265999999997 0.9506657200000006
24.99154050728015 0.5230742799999997 -0.43992836999999974 -0.44009950000000037 -1.348999999999994e-05 0.96318773 0.9335424799999996 0.9506811800000006
25.023687114096425 0.5232049199999996 -0.43994194999999975 -0.44011324000000035 -1.350999999999994e-05 0.9633321300000001 0.9336634199999996 0.9508156800000006
25.023687637241743 0.5234661999999997 -0.4399691099999998 -0.4401407200000004 -1.354999999999994e-05 0.96362093 0.9339054199999995 0.9510847600000006
25.054123833623883 0.5238536799999997 -0.43991564999999977 -0.4400833000000004 -1.3609999999999939e-05 0.96395105 0.9341918599999995 0.9513964600000007
25.133383882453813 0.5239367999999996 -0.4399152899999998 -0.4400814600000004 -1.3649999999999939e-05 0.9640323700000001 0.9341651399999995 0.9514322200000007
25.133384055435638 0.5239105999999997 -0.4399236899999998 -0.44008978000000043 -1.3689999999999938e-05 0.9640144900000001 0.9341619399999995 0.9514205400000008
25.133384081347195 0.5238976999999997 -0.4399278899999998 -0.44009386000000045 -1.3709999999999938e-05 0.96400569 0.9341603599999996 0.9514148000000008
25.133384254329016 0.5239391599999997 -0.4399277099999998 -0.44009292000000044 -1.3729999999999938e-05 0.96404623 0.9341470399999996 0.9514326200000007
25.141998630141867 0.5240863399999998 -0.4399871699999998 -0.44015322000000046 -1.3789999999999937e-05 0.96425383 0.9343876399999996 0.9516541400000007
25.147234567102096 0.5242642599999998 -0.4399164499999998 -0.44008382000000046 -1.3809999999999937e-05 0.96436237 0.9344777799999996 0.9517549200000007
25.147235303112815 0.5246198999999998 -0.4397750099999998 -0.4399449800000005 -1.3849999999999937e-05 0.96457921 0.9346582599999996 0.9519564000000007
25.150984425887344 0.5240458799999999 -0.4397751299999998 -0.4399448600000005 -1.3909999999999936e-05 0.96400513 0.9340324599999996 0.9513604800000007
25.191434485048447 0.5235936599999998 -0.4397666099999998 -0.4399341200000005 -1.3969999999999936e-05 0.96354229 0.9335570799999996 0.9508923600000008
25.202110411592848 0.5238959399999998 -0.4395654899999998 -0.4397298400000005 -1.4049999999999935e-05 0.96364033 0.9337751199999996 0.9510410400000008
