-1.059613980
-0.098294080
-0.036564452
-0.017996411
-0.017077256
-0.004301330
-0.005206130
-0.004934197
-0.008553658
-0.001404543
-0.003102137
-0.002162472
-0.001383793
-0.000643425
-0.001104909
-0.001097949
-0.000800992
-0.000519952
-0.000946667
-0.000230049
-0.000627094
-0.000254092
-0.000814602
-0.000239507
-0.000086845
-0.000464446
-0.000322953
-0.000264977
-0.000258056
-0.000197135
-0.000079862
-0.000260038
-0.000187087
-0.000152613
-0.000082003
-0.000247980
-0.000035240
-0.000180435
-0.000115351
-0.000114165
-0.000053312
-0.000240670
-0.000094521
-0.000031845
-0.000116113
-0.000102316
-0.000102138
-0.000062406
-0.000061425
-0.000048693
-0.000102031
-0.000037475
-0.000107522
-0.000069398
-0.000051625
-0.000016987
-0.000105995
-0.000044330
-0.000016481
-0.000074782
-0.000055078
-0.000036427
-0.000018501
-0.000107203
-0.000019645
-0.000058407
-0.000049034
-0.000035978
-0.000035562
-0.000035469
-0.000022610
-0.000013991
-0.000054398
-0.000009577
-0.000043113
-0.000039756
-0.000036347
-0.000030020
-0.000026822
-0.000020199
-0.000016911
-0.000013836
-0.000057227
-0.000027719
-0.000011451
-0.000006248
-0.000022843
-0.000022642
-0.000032978
-0.000025124
-0.000021416
-0.000021329
-0.000015904
-0.000015775
-0.000012095
-0.000004961
-0.000016680
-0.000025754
-0.000022678
-0.000018251
