.182347540
.017638676
.005769554
.003405534
.003035831
.000613778
.000917796
.000890075
.001616355
.000184544
.000608619
.000410721
.000229278
.000053820
.000202723
.000214890
.000145976
.000078990
.000193825
.000020272
.000125374
.000035241
.000172760
.000038825
-.000000328
.000095807
.000063049
.000048355
.000047389
.000032320
.000002861
.000053037
.000035401
.000026855
.000009531
.000052307
-.000000501
.000037131
.000021203
.000021033
.000005724
.000052396
.000017476
.000001498
.000023533
.000020141
.000020109
.000010173
.000010029
.000006791
.000020960
.000004778
.000022644
.000013383
.000008931
.000000165
.000022891
.000007718
.000000572
.000015592
.000010781
.000006117
.000001560
.000023741
.000002240
.000012229
.000009934
.000006631
.000006571
.000006557
.000003286
.000001100
.000011553
.000000241
.000008930
.000008097
.000007259
.000005649
.000004840
.000003189
.000002367
.000001575
.000012592
.000005325
.000001173
-.000000177
.000004219
.000004190
.000007020
.000005084
.000004148
.000004135
.000002750
.000002731
.000001799
-.000000032
.000003094
.000005439
.000004683
.000003574
