-0.877266440
-0.080655404
-0.030794898
-0.014590877
-0.014041425
-0.003687552
-0.004288334
-0.004044122
-0.006937303
-0.001219999
-0.002493518
-0.001751751
-0.001154515
-0.000589605
-0.000902186
-0.000883059
-0.000655016
-0.000440962
-0.000752842
-0.000209777
-0.000501720
-0.000218851
-0.000641842
-0.000200682
-0.000087173
-0.000368639
-0.000259904
-0.000216622
-0.000210667
-0.000164815
-0.000077001
-0.000207001
-0.000151686
-0.000125758
-0.000072472
-0.000195673
-0.000035741
-0.000143304
-0.000094148
-0.000093132
-0.000047588
-0.000188274
-0.000077045
-0.000030347
-0.000092580
-0.000082175
-0.000082029
-0.000052233
-0.000051396
-0.000041902
-0.000081071
-0.000032697
-0.000084878
-0.000056015
-0.000042694
-0.000016822
-0.000083104
-0.000036612
-0.000015909
-0.000059190
-0.000044297
-0.000030310
-0.000016941
-0.000083462
-0.000017405
-0.000046178
-0.000039100
-0.000029347
-0.000028991
-0.000028912
-0.000019324
-0.000012891
-0.000042845
-0.000009336
-0.000034183
-0.000031659
-0.000029088
-0.000024371
-0.000021982
-0.000017010
-0.000014544
-0.000012261
-0.000044635
-0.000022394
-0.000010278
-0.000006425
-0.000018624
-0.000018452
-0.000025958
-0.000020040
-0.000017268
-0.000017194
-0.000013154
-0.000013044
-0.000010296
-0.000004993
-0.000013586
-0.000020315
-0.000017995
-0.000014677
