shell0_X0_Y0_Z0_mono0_fix1/shell1_X-1_Y1_Z-1_mono1_fix1/shell1_X-1_Y0_Z0_mono0_fix1/shell1_X-1_Y1_Z0_mono1_fix1//test20tig_AVTZ// DONE 4.689718751012225 4.854291847385022 4.879876784204481 28.37513504502633 2 -0.00273083 0.00057878 0.00057800 -0.00000000 -0.00330883 -0.00323559 -0.00327793
shell0_X0_Y0_Z0_mono0_fix1/shell0_X0_Y0_Z0_mono1_fix1/shell1_X0_Y0_Z-1_mono1_fix1/shell1_X1_Y0_Z0_mono0_fix1//test20tig_AVTZ// DONE 4.689720404504576 4.8798752840715265 4.854291847385022 28.375135233875202 2 -0.00273061 0.00057872 0.00057790 -0.00000001 -0.00330850 -0.00323557 -0.00327774
shell0_X0_Y0_Z0_mono0_fix1/shell1_X-1_Y1_Z-1_mono1_fix1/shell1_X0_Y0_Z-1_mono0_fix1/shell1_X0_Y1_Z-1_mono1_fix1//test20tig_AVTZ// DONE 4.689718751012225 4.38165304261412 4.879875191366439 28.375135400070853 2 -0.00273058 0.00057862 0.00057788 -0.00000000 -0.00330845 -0.00323562 -0.00327773
shell0_X0_Y0_Z0_mono0_fix1/shell0_X0_Y0_Z0_mono1_fix1/shell1_X0_Y0_Z1_mono0_fix1/shell1_X-1_Y0_Z0_mono1_fix1//test20tig_AVTZ// DONE 4.689720404504576 4.381653042614121 4.879876783261088 28.375135588919733 2 -0.00273076 0.00057869 0.00057794 -0.00000001 -0.00330869 -0.00323604 -0.00327804
shell0_X0_Y0_Z0_mono0_fix1/shell1_X-1_Y1_Z-1_mono1_fix1/shell1_X0_Y1_Z-1_mono1_fix1/shell1_X0_Y1_Z0_mono1_fix1//test20tig_AVTZ// DONE 4.689718751012225 4.879875191366439 4.689720349898127 29.56007843455345 1 -0.00159695 0.00032886 0.00032727 0.00000000 -0.00192422 -0.00171492 -0.00183592
shell0_X0_Y0_Z0_mono0_fix1/shell0_X0_Y0_Z0_mono1_fix1/shell1_X-1_Y0_Z-1_mono1_fix1/shell1_X0_Y0_Z-1_mono1_fix1//test20tig_AVTZ// DONE 4.689720404504576 4.689718793492955 4.8798752840715265 29.560078624345717 1 -0.00246011 0.00061574 0.00061610 -0.00000000 -0.00307621 -0.00280089 -0.00296006
shell0_X0_Y0_Z0_mono0_fix1/shell1_X-1_Y0_Z-1_mono0_fix1/shell1_X-1_Y1_Z-1_mono1_fix1/shell1_X-1_Y0_Z0_mono0_fix1//test20tig_AVTZ// DONE 6.064820747978854 4.689718751012225 4.854291847385022 29.560079930254787 3 -0.00245944 0.00061566 0.00061601 0.00000000 -0.00307545 -0.00280188 -0.00296004
shell0_X0_Y0_Z0_mono0_fix1/shell1_X-1_Y1_Z-1_mono1_fix1/shell1_X-1_Y1_Z0_mono1_fix1/shell1_X0_Y1_Z0_mono1_fix1//test20tig_AVTZ// DONE 4.689718751012225 4.879876784204481 4.689720349898127 29.560080027391493 1 -0.00245937 0.00061572 0.00061608 -0.00000001 -0.00307544 -0.00280193 -0.00296005
shell0_X0_Y0_Z0_mono0_fix1/shell1_X0_Y0_Z-1_mono0_fix1/shell1_X0_Y0_Z-1_mono1_fix1/shell1_X1_Y0_Z0_mono0_fix1//test20tig_AVTZ// DONE 4.38165304261412 4.8798752840715265 4.854291847385022 29.56008012004705 3 -0.00159707 0.00032876 0.00032714 0.00000000 -0.00192421 -0.00171454 -0.00183575
shell0_X0_Y0_Z0_mono0_fix1/shell0_X0_Y0_Z0_mono1_fix1/shell1_X-1_Y0_Z-1_mono1_fix1/shell1_X-1_Y0_Z0_mono1_fix1//test20tig_AVTZ// DONE 4.689720404504576 4.689718793492955 4.879876783261088 29.56008012353528 1 -0.00159820 0.00032893 0.00032729 -0.00000000 -0.00192549 -0.00171363 -0.00183611
shell0_X0_Y0_Z0_mono0_fix1/shell1_X-1_Y0_Z-1_mono0_fix1/shell1_X-1_Y1_Z-1_mono1_fix1/shell1_X0_Y0_Z-1_mono0_fix1//test20tig_AVTZ// DONE 6.064820747978854 4.689718751012225 4.38165304261412 29.56008152309283 3 -0.00159827 0.00032883 0.00032721 0.00000000 -0.00192548 -0.00171274 -0.00183573
shell0_X0_Y0_Z0_mono0_fix1/shell0_X0_Y0_Z0_mono1_fix1/shell1_X1_Y0_Z1_mono0_fix1/shell1_X1_Y0_Z0_mono0_fix1//test20tig_AVTZ// DONE 4.689720404504576 6.064820747978854 4.854291847385022 29.560081619236612 3 -0.00246147 0.00061562 0.00061603 -0.00000000 -0.00307750 -0.00279916 -0.00296007
shell0_X0_Y0_Z0_mono0_fix1/shell1_X-1_Y1_Z-1_mono1_fix1/shell1_X0_Y1_Z-1_mono1_fix1/shell1_X-1_Y1_Z0_mono1_fix1//test20tig_AVTZ// DONE 4.689718751012225 4.879875191366439 4.879876784204481 30.288215872247488 1 0.00029298 0.00266456 0.00266540 -0.00000000 -0.00237243 -0.00230864 -0.00234552
shell0_X0_Y0_Z0_mono0_fix1/shell1_X-1_Y0_Z-1_mono1_fix1/shell1_X0_Y0_Z-1_mono1_fix1/shell1_X-1_Y0_Z0_mono1_fix1//test20tig_AVTZ// DONE 4.689718793492955 4.8798752840715265 4.879876783261088 30.288216006489915 1 -0.00013793 0.00233505 0.00233542 -0.00000001 -0.00247335 -0.00234733 -0.00242018
shell0_X0_Y0_Z0_mono0_fix1/shell1_X0_Y1_Z-1_mono1_fix1/shell1_X-1_Y1_Z0_mono1_fix1/shell1_X0_Y1_Z0_mono1_fix1//test20tig_AVTZ// DONE 4.879875191366439 4.879876784204481 4.689720349898127 30.288217471133393 1 -0.00013783 0.00233511 0.00233555 0.00000000 -0.00247338 -0.00234727 -0.00242018
shell0_X0_Y0_Z0_mono0_fix1/shell0_X0_Y0_Z0_mono1_fix1/shell1_X0_Y0_Z-1_mono1_fix1/shell1_X-1_Y0_Z0_mono1_fix1//test20tig_AVTZ// DONE 4.689720404504576 4.8798752840715265 4.879876783261088 30.288217617501537 1 0.00029376 0.00266458 0.00266539 0.00000000 -0.00237163 -0.00230958 -0.00234546
shell0_X0_Y0_Z0_mono0_fix1/shell1_X-1_Y1_Z-1_mono1_fix1/shell1_X0_Y0_Z-1_mono0_fix1/shell1_X-1_Y0_Z0_mono0_fix1//test20tig_AVTZ// DONE 4.689718751012225 4.38165304261412 4.854291847385022 30.28821816972169 3 -0.00012985 0.00233514 0.00233555 -0.00000000 -0.00246540 -0.00234732 -0.00241558
shell0_X0_Y0_Z0_mono0_fix1/shell1_X0_Y0_Z-1_mono1_fix1/shell1_X1_Y0_Z-1_mono0_fix1/shell1_X1_Y0_Z0_mono0_fix1//test20tig_AVTZ// DONE 4.8798752840715265 6.602802553139408 4.854291847385022 30.28821830396412 3 0.00029379 0.00266463 0.00266550 -0.00000000 -0.00237170 -0.00230955 -0.00234548
shell0_X0_Y0_Z0_mono0_fix1/shell1_X0_Y0_Z-1_mono0_fix1/shell1_X0_Y1_Z-1_mono1_fix1/shell1_X1_Y0_Z-1_mono0_fix1//test20tig_AVTZ// DONE 4.38165304261412 4.879875191366439 6.602802553139408 30.288219768607597 3 0.00029379 0.00266465 0.00266550 -0.00000000 -0.00237171 -0.00230962 -0.00234551
shell0_X0_Y0_Z0_mono0_fix1/shell1_X0_Y0_Z-1_mono0_fix1/shell1_X0_Y0_Z-1_mono1_fix1/shell1_X1_Y0_Z-1_mono0_fix1//test20tig_AVTZ// DONE 4.38165304261412 4.8798752840715265 6.602802553139408 30.28821991497574 3 -0.00013010 0.00233519 0.00233565 0.00000000 -0.00246576 -0.00234733 -0.00241579
shell0_X0_Y0_Z0_mono0_fix1/shell1_X-1_Y1_Z-1_mono1_fix1/shell1_X-1_Y1_Z0_mono1_fix1/shell1_X0_Y1_Z0_mono0_fix1//test20tig_AVTZ// DONE 4.689718751012225 4.879876784204481 6.810811507043177 30.33165474017396 2 0.00205920 0.00387944 0.00387814 -0.00000000 -0.00181894 -0.00183292 -0.00182484
shell0_X0_Y0_Z0_mono0_fix1/shell0_X0_Y0_Z0_mono1_fix1/shell1_X0_Y0_Z-1_mono1_fix1/shell1_X0_Y-1_Z0_mono0_fix1//test20tig_AVTZ// DONE 4.689720404504576 4.8798752840715265 6.81081150704318 30.331654858043883 2 0.00205743 0.00387949 0.00387823 -0.00000000 -0.00182080 -0.00183299 -0.00182594
shell0_X0_Y0_Z0_mono0_fix1/shell1_X-1_Y0_Z-1_mono1_fix1/shell1_X-1_Y1_Z-1_mono1_fix1/shell1_X0_Y0_Z-1_mono0_fix1//test20tig_AVTZ// DONE 4.689718793492955 4.689718751012225 4.38165304261412 30.331655027721414 2 0.00205098 0.00387941 0.00387815 -0.00000001 -0.00182716 -0.00183281 -0.00182954
shell0_X0_Y0_Z0_mono0_fix1/shell1_X0_Y0_Z-1_mono0_fix1/shell1_X0_Y0_Z-1_mono1_fix1/shell1_X0_Y1_Z-1_mono1_fix1//test20tig_AVTZ// DONE 4.38165304261412 4.8798752840715265 4.879875191366439 30.331655145591338 2 0.00205003 0.00387944 0.00387823 -0.00000000 -0.00182819 -0.00183281 -0.00183014
shell0_X0_Y0_Z0_mono0_fix1/shell1_X-1_Y1_Z-1_mono1_fix1/shell1_X0_Y0_Z-1_mono0_fix1/shell2_X-1_Y1_Z-2_mono1_fix1//test20tig_AVTZ// DONE 4.689718751012225 4.38165304261412 7.3245438676480985 30.347163317651184 2 -0.00118483 -0.00156835 -0.00156777 0.00000000 0.00038294 0.00035445 0.00037092
shell0_X0_Y0_Z0_mono0_fix1/shell1_X-1_Y0_Z-1_mono1_fix1/shell1_X0_Y0_Z-1_mono0_fix1/shell2_X-1_Y0_Z-2_mono1_fix1//test20tig_AVTZ// DONE 4.689718793492955 4.38165304261412 7.324543907536211 30.347163441557363 2 -0.00119473 -0.00156832 -0.00156776 -0.00000000 0.00037303 0.00035783 0.00036662
shell0_X0_Y0_Z0_mono0_fix1/shell1_X0_Y0_Z-1_mono0_fix1/shell1_X0_Y1_Z-1_mono1_fix1/shell1_X0_Y1_Z0_mono1_fix1//test20tig_AVTZ// DONE 4.38165304261412 4.879875191366439 4.689720349898127 30.347167740933806 2 -0.00116922 -0.00156834 -0.00156778 0.00000000 0.00039856 0.00035775 0.00038134
shell0_X0_Y0_Z0_mono0_fix1/shell0_X0_Y0_Z0_mono1_fix1/shell1_X0_Y0_Z-1_mono0_fix1/shell1_X0_Y0_Z-1_mono1_fix1//test20tig_AVTZ// DONE 4.689720404504576 4.38165304261412 4.8798752840715265 30.347167964787314 2 -0.00118686 -0.00156836 -0.00156780 -0.00000001 0.00038094 0.00035437 0.00036973
shell0_X0_Y0_Z0_mono0_fix1/shell1_X0_Y0_Z-1_mono1_fix1/shell1_X0_Y1_Z-1_mono1_fix1/shell1_X1_Y0_Z0_mono0_fix1//test20tig_AVTZ// DONE 4.8798752840715265 4.879875191366439 4.854291847385022 30.80429074046471 2 0.00113072 0.00268893 0.00268856 -0.00000000 -0.00155784 -0.00152900 -0.00154567
shell0_X0_Y0_Z0_mono0_fix1/shell1_X-1_Y1_Z-1_mono1_fix1/shell1_X0_Y1_Z-1_mono1_fix1/shell1_X0_Y1_Z0_mono0_fix1//test20tig_AVTZ// DONE 4.689718751012225 4.879875191366439 6.810811507043177 30.804290807961785 2 0.00112900 0.00268896 0.00268859 -0.00000000 -0.00155959 -0.00152895 -0.00154667
shell0_X0_Y0_Z0_mono0_fix1/shell0_X0_Y0_Z0_mono1_fix1/shell1_X1_Y0_Z0_mono0_fix1/shell1_X0_Y1_Z0_mono1_fix1//test20tig_AVTZ// DONE 4.689720404504576 4.854291847385022 4.689720349898127 30.80429704238984 2 0.00113079 0.00268892 0.00268856 -0.00000000 -0.00155778 -0.00152897 -0.00154562
shell0_X0_Y0_Z0_mono0_fix1/shell0_X0_Y0_Z0_mono1_fix1/shell1_X-1_Y0_Z0_mono1_fix1/shell1_X0_Y-1_Z0_mono0_fix1//test20tig_AVTZ// DONE 4.689720404504576 4.879876783261088 6.81081150704318 30.804297109886914 2 0.00112899 0.00268895 0.00268867 0.00000000 -0.00155968 -0.00152902 -0.00154675
shell0_X0_Y0_Z0_mono0_fix1/shell1_X0_Y0_Z-1_mono0_fix1/shell1_X0_Y1_Z-1_mono1_fix1/shell2_X0_Y1_Z-2_mono1_fix1//test20tig_AVTZ// DONE 4.38165304261412 4.879875191366439 7.646690156232921 30.85946605263808 2 0.00168163 0.00207905 0.00207823 -0.00000000 -0.00039659 -0.00041793 -0.00040559
shell0_X0_Y0_Z0_mono0_fix1/shell1_X0_Y0_Z-1_mono0_fix1/shell1_X0_Y0_Z-1_mono1_fix1/shell2_X0_Y0_Z-2_mono1_fix1//test20tig_AVTZ// DONE 4.38165304261412 4.8798752840715265 7.646690203091247 30.85946633951303 2 0.00168120 0.00207913 0.00207833 -0.00000000 -0.00039712 -0.00041795 -0.00040591
shell0_X0_Y0_Z0_mono0_fix1/shell1_X-1_Y1_Z-1_mono1_fix1/shell1_X0_Y0_Z-1_mono0_fix1/shell1_X-1_Y1_Z0_mono1_fix1//test20tig_AVTZ// DONE 4.689718751012225 4.38165304261412 4.879876784204481 30.85947045310763 2 0.00168083 0.00207916 0.00207833 -0.00000000 -0.00039749 -0.00041744 -0.00040591
shell0_X0_Y0_Z0_mono0_fix1/shell1_X-1_Y0_Z1_mono1_fix1/shell1_X0_Y0_Z1_mono0_fix1/shell1_X-1_Y0_Z0_mono1_fix1//test20tig_AVTZ// DONE 7.646692981710969 4.381653042614121 4.879876783261088 30.859470505500255 2 0.00168066 0.00207909 0.00207829 -0.00000000 -0.00039763 -0.00041660 -0.00040564
shell0_X0_Y0_Z0_mono0_fix1/shell1_X0_Y0_Z-1_mono0_fix1/shell1_X1_Y0_Z-1_mono0_fix1/shell1_X1_Y0_Z0_mono0_fix1//test20tig_AVTZ// DONE 4.38165304261412 6.602802553139408 4.854291847385022 31.139513081116544 4 -0.00096098 0.00216574 0.00216787 -0.00000000 -0.00312885 -0.00284336 -0.00300841
shell0_X0_Y0_Z0_mono0_fix1/shell0_X0_Y0_Z0_mono1_fix1/shell1_X1_Y0_Z1_mono0_fix1/shell1_X0_Y1_Z0_mono1_fix1//test20tig_AVTZ// DONE 4.689720404504576 6.064820747978854 4.689720349898127 31.634509920023284 2 -0.00222354 -0.00049911 -0.00049712 0.00000001 -0.00172643 -0.00155933 -0.00165593
shell0_X0_Y0_Z0_mono0_fix1/shell1_X-1_Y1_Z-1_mono1_fix1/shell1_X0_Y1_Z0_mono0_fix1/shell1_X0_Y1_Z0_mono1_fix1//test20tig_AVTZ// DONE 4.689718751012225 6.810811507043177 4.689720349898127 31.634510546092223 2 -0.00222378 -0.00049910 -0.00049711 0.00000000 -0.00172667 -0.00155937 -0.00165609
shell0_X0_Y0_Z0_mono0_fix1/shell1_X-1_Y0_Z-1_mono1_fix1/shell1_X-1_Y-1_Z0_mono0_fix1/shell1_X-1_Y0_Z0_mono1_fix1//test20tig_AVTZ// DONE 4.689718793492955 8.165893982210706 4.879876783261088 31.68673722138935 2 -0.00081218 -0.00086015 -0.00085770 -0.00000000 0.00004553 0.00009286 0.00006550
shell0_X0_Y0_Z0_mono0_fix1/shell1_X-1_Y1_Z-1_mono1_fix1/shell1_X0_Y0_Z-1_mono0_fix1/shell1_X0_Y0_Z-1_mono1_fix1//test20tig_AVTZ// DONE 4.689718751012225 4.38165304261412 4.8798752840715265 31.68673777135828 2 -0.00081354 -0.00086013 -0.00085766 -0.00000000 0.00004412 0.00009264 0.00006459
shell0_X0_Y0_Z0_mono0_fix1/shell0_X0_Y0_Z0_mono1_fix1/shell1_X0_Y0_Z-1_mono1_fix1/shell1_X1_Y-1_Z0_mono0_fix1//test20tig_AVTZ// DONE 4.689720404504576 4.8798752840715265 8.27527950048686 31.796122845439704 2 -0.00159948 -0.00357181 -0.00357169 0.00000000 0.00197221 0.00186405 0.00192658
shell0_X0_Y0_Z0_mono0_fix1/shell1_X-1_Y0_Z-1_mono1_fix1/shell1_X0_Y0_Z-1_mono0_fix1/shell1_X0_Y1_Z-1_mono1_fix1//test20tig_AVTZ// DONE 4.689718793492955 4.38165304261412 4.879875191366439 31.796123213590096 2 -0.00159923 -0.00357176 -0.00357171 -0.00000000 0.00197248 0.00186412 0.00192677
shell0_X0_Y0_Z0_mono0_fix1/shell1_X-1_Y1_Z-1_mono1_fix1/shell1_X0_Y1_Z-1_mono1_fix1/shell1_X1_Y0_Z0_mono0_fix1//test20tig_AVTZ// DONE 4.689718751012225 4.879875191366439 4.854291847385022 31.904954596838085 2 -0.00060048 -0.00149753 -0.00149803 -0.00000000 0.00089756 0.00084713 0.00087628
shell0_X0_Y0_Z0_mono0_fix1/shell1_X-1_Y0_Z-1_mono1_fix1/shell1_X0_Y0_Z-1_mono1_fix1/shell1_X1_Y0_Z0_mono0_fix1//test20tig_AVTZ// DONE 4.689718793492955 4.8798752840715265 4.854291847385022 31.904954817581075 2 -0.00060028 -0.00149747 -0.00149800 0.00000000 0.00089772 0.00084687 0.00087627
shell0_X0_Y0_Z0_mono0_fix1/shell1_X-1_Y0_Z0_mono0_fix1/shell1_X-1_Y1_Z0_mono1_fix1/shell1_X0_Y1_Z0_mono1_fix1//test20tig_AVTZ// DONE 4.854291847385022 4.879876784204481 4.689720349898127 31.904960263559484 2 -0.00060059 -0.00149746 -0.00149799 -0.00000000 0.00089740 0.00084728 0.00087626
shell0_X0_Y0_Z0_mono0_fix1/shell0_X0_Y0_Z0_mono1_fix1/shell1_X-1_Y0_Z0_mono0_fix1/shell1_X-1_Y0_Z0_mono1_fix1//test20tig_AVTZ// DONE 4.689720404504576 4.854291847385022 4.879876783261088 31.904960386140367 2 -0.00060102 -0.00149750 -0.00149805 0.00000000 0.00089703 0.00084768 0.00087621
shell0_X0_Y0_Z0_mono0_fix1/shell1_X-1_Y1_Z-1_mono1_fix1/shell1_X0_Y1_Z-1_mono0_fix1/shell1_X0_Y1_Z-1_mono1_fix1//test20tig_AVTZ// DONE 4.689718751012225 7.918115177639053 4.879875191366439 31.91159758875885 2 -0.00053819 -0.00057778 -0.00057891 0.00000000 0.00004071 -0.00002658 0.00001232
shell0_X0_Y0_Z0_mono0_fix1/shell1_X0_Y0_Z-1_mono1_fix1/shell1_X1_Y0_Z0_mono0_fix1/shell1_X0_Y1_Z0_mono1_fix1//test20tig_AVTZ// DONE 4.8798752840715265 4.854291847385022 4.689720349898127 31.911597738656383 2 -0.00055834 -0.00057774 -0.00057887 -0.00000000 0.00002053 -0.00000838 0.00000833
shell0_X0_Y0_Z0_mono0_fix1/shell0_X0_Y0_Z0_mono1_fix1/shell1_X0_Y1_Z-1_mono1_fix1/shell1_X1_Y0_Z0_mono0_fix1//test20tig_AVTZ// DONE 4.689720404504576 4.879875191366439 4.854291847385022 31.94133643650654 2 -0.00163208 -0.00157948 -0.00157699 -0.00000000 -0.00005509 -0.00003002 -0.00004451
shell0_X0_Y0_Z0_mono0_fix1/shell1_X-1_Y0_Z-1_mono1_fix1/shell1_X0_Y-1_Z-1_mono0_fix1/shell1_X0_Y0_Z-1_mono1_fix1//test20tig_AVTZ// DONE 4.689718793492955 7.94785401225415 4.8798752840715265 31.941336504896704 2 -0.00162385 -0.00157946 -0.00157697 -0.00000000 -0.00004688 -0.00003021 -0.00003985
shell0_X0_Y0_Z0_mono0_fix1/shell1_X-1_Y0_Z-1_mono0_fix1/shell1_X-1_Y1_Z-1_mono1_fix1/shell2_X-1_Y1_Z-2_mono1_fix1//test20tig_AVTZ// DONE 6.064820747978854 4.689718751012225 7.3245438676480985 32.03033102906378 2 -0.00160103 -0.00238755 -0.00238839 -0.00000000 0.00078736 0.00077934 0.00078397
shell0_X0_Y0_Z0_mono0_fix1/shell0_X0_Y0_Z0_mono1_fix1/shell1_X0_Y0_Z-1_mono1_fix1/shell1_X1_Y0_Z1_mono0_fix1//test20tig_AVTZ// DONE 4.689720404504576 4.8798752840715265 6.064820747978854 32.030331258744155 2 -0.00052295 -0.00095290 -0.00095473 -0.00000001 0.00043179 0.00040493 0.00042045
shell0_X0_Y0_Z0_mono0_fix1/shell1_X-1_Y1_Z-1_mono1_fix1/shell1_X0_Y0_Z1_mono0_fix1/shell1_X0_Y1_Z0_mono1_fix1//test20tig_AVTZ// DONE 4.689718751012225 4.381653042614121 4.689720349898127 32.03033194268017 2 -0.00052312 -0.00095290 -0.00095483 -0.00000001 0.00043172 0.00040495 0.00042042
shell0_X0_Y0_Z0_mono0_fix1/shell1_X0_Y0_Z-1_mono0_fix1/shell1_X0_Y0_Z-1_mono1_fix1/shell2_X-1_Y0_Z-2_mono1_fix1//test20tig_AVTZ// DONE 4.38165304261412 4.8798752840715265 7.324543907536211 32.030332172360545 2 -0.00160091 -0.00238757 -0.00238828 -0.00000001 0.00078737 0.00077957 0.00078408
shell0_X0_Y0_Z0_mono0_fix1/shell1_X-1_Y0_Z-1_mono0_fix1/shell1_X-1_Y1_Z-1_mono1_fix1/shell1_X-1_Y1_Z0_mono1_fix1//test20tig_AVTZ// DONE 6.064820747978854 4.689718751012225 4.879876784204481 32.03033544025068 2 -0.00052421 -0.00095290 -0.00095480 -0.00000000 0.00043059 0.00040665 0.00042049
shell0_X0_Y0_Z0_mono0_fix1/shell0_X0_Y0_Z0_mono1_fix1/shell1_X0_Y0_Z1_mono1_fix1/shell1_X1_Y0_Z1_mono0_fix1//test20tig_AVTZ// DONE 4.689720404504576 7.32454670793248 6.064820747978854 32.03033555832999 2 -0.00160107 -0.00238751 -0.00238831 -0.00000001 0.00078724 0.00077932 0.00078390
shell0_X0_Y0_Z0_mono0_fix1/shell1_X-1_Y1_Z-1_mono1_fix1/shell1_X0_Y0_Z-1_mono0_fix1/shell1_X0_Y1_Z0_mono1_fix1//test20tig_AVTZ// DONE 4.689718751012225 4.38165304261412 4.689720349898127 32.03033635386707 2 -0.00160075 -0.00238753 -0.00238835 -0.00000000 0.00078760 0.00077945 0.00078416
shell0_X0_Y0_Z0_mono0_fix1/shell0_X0_Y0_Z0_mono1_fix1/shell1_X-1_Y0_Z-1_mono1_fix1/shell1_X0_Y0_Z-1_mono0_fix1//test20tig_AVTZ// DONE 4.689720404504576 4.689718793492955 4.38165304261412 32.03033647194638 2 -0.00052285 -0.00095289 -0.00095480 -0.00000000 0.00043196 0.00040497 0.00042057
shell0_X0_Y0_Z0_mono0_fix1/shell1_X-1_Y1_Z-1_mono1_fix1/shell1_X0_Y1_Z-1_mono1_fix1/shell2_X-1_Y1_Z-2_mono1_fix1//test20tig_AVTZ// DONE 4.689718751012225 4.879875191366439 7.3245438676480985 32.194901952303425 1 0.00019354 -0.00020095 -0.00019978 0.00000000 0.00039332 0.00035161 0.00037573
shell0_X0_Y0_Z0_mono0_fix1/shell1_X-1_Y0_Z-1_mono1_fix1/shell1_X0_Y0_Z-1_mono1_fix1/shell2_X-1_Y0_Z-2_mono1_fix1//test20tig_AVTZ// DONE 4.689718793492955 4.8798752840715265 7.324543907536211 32.19490212737735 1 -0.00146610 -0.00237832 -0.00238033 0.00000000 0.00091423 0.00086492 0.00089343
shell0_X0_Y0_Z0_mono0_fix1/shell1_X-1_Y0_Z-1_mono0_fix1/shell1_X0_Y0_Z-1_mono0_fix1/shell2_X-1_Y1_Z-2_mono1_fix1//test20tig_AVTZ// DONE 6.064820747978854 4.38165304261412 7.3245438676480985 32.19490344800476 3 -0.00146638 -0.00237840 -0.00238040 -0.00000000 0.00091402 0.00086403 0.00089293
shell0_X0_Y0_Z0_mono0_fix1/shell1_X-1_Y0_Z-1_mono0_fix1/shell1_X0_Y0_Z-1_mono0_fix1/shell2_X-1_Y0_Z-2_mono1_fix1//test20tig_AVTZ// DONE 6.064820747978854 4.38165304261412 7.324543907536211 32.19490362307869 3 0.00019424 -0.00020097 -0.00019978 -0.00000000 0.00039402 0.00035200 0.00037629
shell0_X0_Y0_Z0_mono0_fix1/shell1_X0_Y1_Z1_mono1_fix1/shell1_X-1_Y1_Z0_mono1_fix1/shell1_X0_Y1_Z0_mono1_fix1//test20tig_AVTZ// DONE 7.324546685996958 4.879876784204481 4.689720349898127 32.19490796237623 1 -0.00147704 -0.00237829 -0.00238031 -0.00000000 0.00090327 0.00087977 0.00089336
shell0_X0_Y0_Z0_mono0_fix1/shell0_X0_Y0_Z0_mono1_fix1/shell1_X0_Y0_Z1_mono1_fix1/shell1_X-1_Y0_Z0_mono1_fix1//test20tig_AVTZ// DONE 4.689720404504576 7.32454670793248 4.879876783261088 32.194908037974805 1 0.00019356 -0.00020092 -0.00019977 -0.00000000 0.00039333 0.00035165 0.00037575
shell0_X0_Y0_Z0_mono0_fix1/shell1_X-1_Y0_Z-1_mono0_fix1/shell1_X-1_Y0_Z0_mono0_fix1/shell1_X-1_Y1_Z0_mono1_fix1//test20tig_AVTZ// DONE 6.064820747978854 4.854291847385022 4.879876784204481 32.19490945807756 3 0.00019393 -0.00020095 -0.00019976 0.00000000 0.00039369 0.00035178 0.00037601
shell0_X0_Y0_Z0_mono0_fix1/shell0_X0_Y0_Z0_mono1_fix1/shell1_X0_Y0_Z-1_mono0_fix1/shell1_X1_Y0_Z0_mono0_fix1//test20tig_AVTZ// DONE 4.689720404504576 4.38165304261412 4.854291847385022 32.19490953367614 3 -0.00146693 -0.00237837 -0.00238036 -0.00000000 0.00091343 0.00086446 0.00089277
shell0_X0_Y0_Z0_mono0_fix1/shell1_X-1_Y1_Z-1_mono1_fix1/shell1_X0_Y1_Z-1_mono1_fix1/shell1_X-1_Y0_Z0_mono0_fix1//test20tig_AVTZ// DONE 4.689718751012225 4.879875191366439 4.854291847385022 32.39091086270705 2 0.00206340 0.00175581 0.00175802 -0.00000001 0.00030539 0.00029414 0.00030064
shell0_X0_Y0_Z0_mono0_fix1/shell1_X-1_Y0_Z-1_mono1_fix1/shell1_X0_Y0_Z-1_mono1_fix1/shell1_X-1_Y0_Z0_mono0_fix1//test20tig_AVTZ// DONE 4.689718793492955 4.8798752840715265 4.854291847385022 32.39091111560882 2 0.00206365 0.00175584 0.00175807 -0.00000001 0.00030560 0.00029379 0.00030062
shell0_X0_Y0_Z0_mono0_fix1/shell1_X-1_Y0_Z0_mono0_fix1/shell1_X-1_Y1_Z0_mono1_fix1/shell2_X-2_Y1_Z0_mono1_fix1//test20tig_AVTZ// DONE 4.854291847385022 4.879876784204481 8.232859489005401 32.39091653567297 2 0.00206317 0.00175580 0.00175801 -0.00000001 0.00030517 0.00029457 0.00030069
shell0_X0_Y0_Z0_mono0_fix1/shell0_X0_Y0_Z0_mono1_fix1/shell1_X-1_Y0_Z0_mono1_fix1/shell1_X1_Y0_Z0_mono0_fix1//test20tig_AVTZ// DONE 4.689720404504576 4.879876783261088 4.854291847385022 32.39091661826252 2 0.00206360 0.00175577 0.00175798 -0.00000001 0.00030562 0.00029391 0.00030068
shell0_X0_Y0_Z0_mono0_fix1/shell1_X-1_Y1_Z-1_mono1_fix1/shell1_X-1_Y1_Z0_mono1_fix1/shell2_X-2_Y1_Z-1_mono1_fix1//test20tig_AVTZ// DONE 4.689718751012225 4.879876784204481 7.9370587750867125 32.80741845258008 1 -0.00112845 -0.00234151 -0.00234131 -0.00000000 0.00121287 0.00112134 0.00117425
shell0_X0_Y0_Z0_mono0_fix1/shell1_X-1_Y0_Z-1_mono1_fix1/shell1_X-1_Y0_Z0_mono1_fix1/shell2_X-2_Y0_Z-1_mono1_fix1//test20tig_AVTZ// DONE 4.689718793492955 4.879876783261088 7.937058818163156 32.807418537193854 1 0.00029761 0.00020739 0.00020816 -0.00000000 0.00008945 0.00003687 0.00006727
shell0_X0_Y0_Z0_mono0_fix1/shell1_X0_Y1_Z-1_mono1_fix1/shell1_X1_Y1_Z0_mono1_fix1/shell1_X0_Y1_Z0_mono1_fix1//test20tig_AVTZ// DONE 4.879875191366439 7.937059651198265 4.689720349898127 32.80741933473949 1 0.00029823 0.00020738 0.00020811 -0.00000000 0.00009012 0.00003651 0.00006751
shell0_X0_Y0_Z0_mono0_fix1/shell0_X0_Y0_Z0_mono1_fix1/shell1_X0_Y0_Z-1_mono1_fix1/shell1_X1_Y0_Z0_mono1_fix1//test20tig_AVTZ// DONE 4.689720404504576 4.8798752840715265 7.937059665509641 32.8074194963624 1 -0.00112550 -0.00234155 -0.00234134 -0.00000000 0.00121585 0.00111747 0.00117435
shell0_X0_Y0_Z0_mono0_fix1/shell1_X-1_Y0_Z-1_mono0_fix1/shell1_X-1_Y0_Z0_mono0_fix1/shell2_X-2_Y1_Z-1_mono1_fix1//test20tig_AVTZ// DONE 6.064820747978854 4.854291847385022 7.9370587750867125 32.807419948281414 3 0.00029851 0.00020740 0.00020816 -0.00000000 0.00009035 0.00003661 0.00006768
shell0_X0_Y0_Z0_mono0_fix1/shell1_X-1_Y0_Z-1_mono0_fix1/shell1_X-1_Y0_Z0_mono0_fix1/shell2_X-2_Y0_Z-1_mono1_fix1//test20tig_AVTZ// DONE 6.064820747978854 4.854291847385022 7.937058818163156 32.807420032895195 3 -0.00112567 -0.00234153 -0.00234132 0.00000000 0.00121565 0.00111819 0.00117453
shell0_X0_Y0_Z0_mono0_fix1/shell1_X-1_Y0_Z-1_mono0_fix1/shell1_X0_Y0_Z-1_mono0_fix1/shell1_X0_Y1_Z-1_mono1_fix1//test20tig_AVTZ// DONE 6.064820747978854 4.38165304261412 4.879875191366439 32.807420830440826 3 -0.00112557 -0.00234158 -0.00234135 -0.00000000 0.00121578 0.00111751 0.00117432
shell0_X0_Y0_Z0_mono0_fix1/shell0_X0_Y0_Z0_mono1_fix1/shell1_X0_Y0_Z1_mono0_fix1/shell1_X-1_Y0_Z0_mono0_fix1//test20tig_AVTZ// DONE 4.689720404504576 4.381653042614121 4.854291847385022 32.80742099206374 3 0.00029810 0.00020737 0.00020812 -0.00000001 0.00008999 0.00003657 0.00006745
shell0_X0_Y0_Z0_mono0_fix1/shell1_X0_Y1_Z-1_mono1_fix1/shell1_X-1_Y1_Z0_mono1_fix1/shell1_X0_Y1_Z0_mono0_fix1//test20tig_AVTZ// DONE 4.879875191366439 4.879876784204481 6.810811507043177 32.93311729347556 2 -0.00425143 -0.00255205 -0.00255175 -0.00000000 -0.00169967 -0.00137631 -0.00156325
shell0_X0_Y0_Z0_mono0_fix1/shell1_X-1_Y0_Z1_mono0_fix1/shell1_X-1_Y0_Z0_mono1_fix1/shell1_X-1_Y1_Z0_mono1_fix1//test20tig_AVTZ// DONE 6.602802553139408 4.879876783261088 4.879876784204481 32.933117469179486 2 -0.00425159 -0.00255203 -0.00255168 -0.00000000 -0.00169991 -0.00137588 -0.00156321
shell0_X0_Y0_Z0_mono0_fix1/shell1_X-1_Y1_Z-1_mono1_fix1/shell1_X0_Y1_Z-1_mono1_fix1/shell2_X0_Y1_Z-2_mono1_fix1//test20tig_AVTZ// DONE 4.689718751012225 4.879875191366439 7.646690156232921 33.05502924427593 1 -0.00047649 -0.00030570 -0.00030534 -0.00000001 -0.00017114 -0.00012928 -0.00015348
shell0_X0_Y0_Z0_mono0_fix1/shell1_X-1_Y0_Z-1_mono1_fix1/shell1_X0_Y0_Z-1_mono1_fix1/shell2_X0_Y0_Z-2_mono1_fix1//test20tig_AVTZ// DONE 4.689718793492955 4.8798752840715265 7.646690203091247 33.055029426320075 1 0.00015384 0.00029432 0.00029418 0.00000000 -0.00014034 -0.00017978 -0.00015698
shell0_X0_Y0_Z0_mono0_fix1/shell1_X-1_Y1_Z-1_mono1_fix1/shell1_X-1_Y0_Z1_mono0_fix1/shell1_X-1_Y0_Z0_mono0_fix1//test20tig_AVTZ// DONE 4.689718751012225 6.602802553139408 4.854291847385022 33.05503154175013 3 0.00019182 0.00029434 0.00029417 -0.00000001 -0.00010235 -0.00018017 -0.00013518
shell0_X0_Y0_Z0_mono0_fix1/shell1_X0_Y0_Z-1_mono1_fix1/shell1_X0_Y0_Z1_mono0_fix1/shell1_X1_Y0_Z0_mono0_fix1//test20tig_AVTZ// DONE 4.8798752840715265 4.381653042614121 4.854291847385022 33.05503172379427 3 -0.00047665 -0.00030567 -0.00030535 -0.00000000 -0.00017129 -0.00012929 -0.00015358
shell0_X0_Y0_Z0_mono0_fix1/shell1_X-1_Y1_Z1_mono1_fix1/shell1_X-1_Y1_Z0_mono1_fix1/shell1_X0_Y1_Z0_mono1_fix1//test20tig_AVTZ// DONE 7.646692969912291 4.879876784204481 4.689720349898127 33.05503524967924 1 0.00015442 0.00029432 0.00029420 0.00000000 -0.00013978 -0.00018005 -0.00015677
shell0_X0_Y0_Z0_mono0_fix1/shell0_X0_Y0_Z0_mono1_fix1/shell1_X-1_Y0_Z1_mono1_fix1/shell1_X-1_Y0_Z0_mono1_fix1//test20tig_AVTZ// DONE 4.689720404504576 7.646692981710969 4.879876783261088 33.055035315140984 1 -0.00049829 -0.00030569 -0.00030535 -0.00000000 -0.00019294 -0.00012703 -0.00016513
shell0_X0_Y0_Z0_mono0_fix1/shell1_X0_Y0_Z-1_mono0_fix1/shell1_X-1_Y0_Z0_mono0_fix1/shell1_X-1_Y1_Z0_mono1_fix1//test20tig_AVTZ// DONE 4.38165304261412 4.854291847385022 4.879876784204481 33.05503754715345 3 -0.00047836 -0.00030565 -0.00030532 -0.00000001 -0.00017302 -0.00012787 -0.00015398
shell0_X0_Y0_Z0_mono0_fix1/shell0_X0_Y0_Z0_mono1_fix1/shell1_X1_Y0_Z-1_mono0_fix1/shell1_X1_Y0_Z0_mono0_fix1//test20tig_AVTZ// DONE 4.689720404504576 6.602802553139408 4.854291847385022 33.05503761261518 3 0.00015738 0.00029434 0.00029419 0.00000000 -0.00013682 -0.00018030 -0.00015516
shell0_X0_Y0_Z0_mono0_fix1/shell1_X-1_Y1_Z-1_mono1_fix1/shell1_X-1_Y0_Z1_mono0_fix1/shell1_X-1_Y1_Z0_mono1_fix1//test20tig_AVTZ// DONE 4.689718751012225 6.602802553139408 4.879876784204481 33.08061555711551 2 0.00102589 0.00121090 0.00120938 0.00000000 -0.00018349 -0.00014115 -0.00016563
shell0_X0_Y0_Z0_mono0_fix1/shell1_X-1_Y1_Z-1_mono1_fix1/shell1_X0_Y0_Z-1_mono0_fix1/shell2_X0_Y1_Z-2_mono1_fix1//test20tig_AVTZ// DONE 4.689718751012225 4.38165304261412 7.646690156232921 33.080615668959034 2 0.00022182 -0.00016601 -0.00016666 -0.00000000 0.00038848 0.00040405 0.00039505
shell0_X0_Y0_Z0_mono0_fix1/shell1_X-1_Y0_Z-1_mono1_fix1/shell1_X-1_Y0_Z1_mono0_fix1/shell1_X-1_Y0_Z0_mono1_fix1//test20tig_AVTZ// DONE 4.689718793492955 6.602802553139408 4.879876783261088 33.08061573821626 2 0.00022355 -0.00016605 -0.00016667 -0.00000001 0.00039024 0.00040179 0.00039511
shell0_X0_Y0_Z0_mono0_fix1/shell1_X-1_Y0_Z-1_mono1_fix1/shell1_X0_Y0_Z-1_mono0_fix1/shell2_X0_Y0_Z-2_mono1_fix1//test20tig_AVTZ// DONE 4.689718793492955 4.38165304261412 7.646690203091247 33.080615850059786 2 0.00102608 0.00121088 0.00120936 0.00000001 -0.00018328 -0.00014034 -0.00016517
shell0_X0_Y0_Z0_mono0_fix1/shell1_X0_Y1_Z-1_mono1_fix1/shell1_X1_Y0_Z-1_mono0_fix1/shell1_X0_Y1_Z0_mono1_fix1//test20tig_AVTZ// DONE 4.879875191366439 6.602802553139408 4.689720349898127 33.08061996968078 2 0.00022190 -0.00016605 -0.00016674 -0.00000001 0.00038865 0.00040402 0.00039513
shell0_X0_Y0_Z0_mono0_fix1/shell1_X0_Y0_Z-1_mono0_fix1/shell1_X0_Y1_Z-1_mono1_fix1/shell1_X-1_Y1_Z0_mono1_fix1//test20tig_AVTZ// DONE 4.38165304261412 4.879875191366439 4.879876784204481 33.08062008152431 2 0.00102955 0.00121089 0.00120930 0.00000001 -0.00017976 -0.00014083 -0.00016334
shell0_X0_Y0_Z0_mono0_fix1/shell0_X0_Y0_Z0_mono1_fix1/shell1_X0_Y0_Z-1_mono1_fix1/shell1_X1_Y0_Z-1_mono0_fix1//test20tig_AVTZ// DONE 4.689720404504576 4.8798752840715265 6.602802553139408 33.0806201278476 2 0.00102928 0.00121091 0.00120940 0.00000000 -0.00018013 -0.00014033 -0.00016334
shell0_X0_Y0_Z0_mono0_fix1/shell0_X0_Y0_Z0_mono1_fix1/shell1_X-1_Y0_Z1_mono1_fix1/shell1_X0_Y0_Z1_mono0_fix1//test20tig_AVTZ// DONE 4.689720404504576 7.646692981710969 4.381653042614121 33.08062023969113 2 0.00022340 -0.00016601 -0.00016664 -0.00000000 0.00039004 0.00040198 0.00039507
shell0_X0_Y0_Z0_mono0_fix1/shell1_X-1_Y0_Z-1_mono0_fix1/shell1_X-1_Y1_Z-1_mono1_fix1/shell1_X0_Y1_Z-1_mono1_fix1//test20tig_AVTZ// DONE 6.064820747978854 4.689718751012225 4.879875191366439 33.115485972429376 2 -0.00108198 -0.00192538 -0.00192314 -0.00000000 0.00084116 0.00091883 0.00087392
shell0_X0_Y0_Z0_mono0_fix1/shell0_X0_Y0_Z0_mono1_fix1/shell1_X1_Y0_Z1_mono0_fix1/shell1_X1_Y0_Z0_mono1_fix1//test20tig_AVTZ// DONE 4.689720404504576 6.064820747978854 7.937059665509641 33.11548617653301 2 -0.00001202 -0.00007364 -0.00007375 0.00000000 0.00006173 -0.00001027 0.00003135
shell0_X0_Y0_Z0_mono0_fix1/shell1_X-1_Y1_Z-1_mono1_fix1/shell1_X-1_Y0_Z0_mono0_fix1/shell1_X0_Y1_Z0_mono1_fix1//test20tig_AVTZ// DONE 4.689718751012225 4.854291847385022 4.689720349898127 33.11548653100124 2 -0.00001204 -0.00007364 -0.00007373 0.00000000 0.00006170 -0.00001044 0.00003126
