shell0_X0_Y0_Z0_mono0_fix1/shell1_X-1_Y1_Z-1_mono1_fix1/shell1_X-1_Y0_Z0_mono0_fix1/shell1_X-1_Y1_Z0_mono1_fix1//test20tig_AVTZ// DONE 4.689718751012225 4.854291847385022 4.879876784204481 28.37513504502633 2    	  0.00699858 -0.04548261 0.01161983 -0.00614102 0.00151977 -0.00092992 0.00048631
shell0_X0_Y0_Z0_mono0_fix1/shell0_X0_Y0_Z0_mono1_fix1/shell1_X0_Y0_Z-1_mono1_fix1/shell1_X1_Y0_Z0_mono0_fix1//test20tig_AVTZ// DONE 4.689720404504576 4.8798752840715265 4.854291847385022 28.375135233875202 2    	  0.00703396 -0.04548277 0.01160046 -0.00611811 0.00155161 -0.00093074 0.00050437
shell0_X0_Y0_Z0_mono0_fix1/shell1_X-1_Y1_Z-1_mono1_fix1/shell1_X0_Y0_Z-1_mono0_fix1/shell1_X0_Y1_Z-1_mono1_fix1//test20tig_AVTZ// DONE 4.689718751012225 4.38165304261412 4.879875191366439 28.375135400070853 2    	  0.00702135 -0.04548269 0.01160942 -0.00612658 0.00153850 -0.00093220 0.00049617
shell0_X0_Y0_Z0_mono0_fix1/shell0_X0_Y0_Z0_mono1_fix1/shell1_X0_Y0_Z1_mono0_fix1/shell1_X-1_Y0_Z0_mono1_fix1//test20tig_AVTZ// DONE 4.689720404504576 4.381653042614121 4.879876783261088 28.375135588919733 2    	  0.00701707 -0.04548249 0.01161105 -0.00612761 0.00153363 -0.00092679 0.00049564
shell0_X0_Y0_Z0_mono0_fix1/shell1_X-1_Y1_Z-1_mono1_fix1/shell1_X0_Y1_Z-1_mono1_fix1/shell1_X0_Y1_Z0_mono1_fix1//test20tig_AVTZ// DONE 4.689718751012225 4.879875191366439 4.689720349898127 29.56007843455345 1    	  0.00609751 -0.04412558 0.01341885 -0.00718933 -0.00013201 -0.00233258 -0.00106037
shell0_X0_Y0_Z0_mono0_fix1/shell0_X0_Y0_Z0_mono1_fix1/shell1_X-1_Y0_Z-1_mono1_fix1/shell1_X0_Y0_Z-1_mono1_fix1//test20tig_AVTZ// DONE 4.689720404504576 4.689718793492955 4.8798752840715265 29.560078624345717 1    	  0.00608426 -0.04660660 0.01390910 -0.00731571 -0.00050913 -0.00263982 -0.00140801
shell0_X0_Y0_Z0_mono0_fix1/shell1_X-1_Y0_Z-1_mono0_fix1/shell1_X-1_Y1_Z-1_mono1_fix1/shell1_X-1_Y0_Z0_mono0_fix1//test20tig_AVTZ// DONE 6.064820747978854 4.689718751012225 4.854291847385022 29.560079930254787 3    	  0.00608920 -0.04660673 0.01390218 -0.00730874 -0.00050424 -0.00262536 -0.00139909
shell0_X0_Y0_Z0_mono0_fix1/shell1_X-1_Y1_Z-1_mono1_fix1/shell1_X-1_Y1_Z0_mono1_fix1/shell1_X0_Y1_Z0_mono1_fix1//test20tig_AVTZ// DONE 4.689718751012225 4.879876784204481 4.689720349898127 29.560080027391493 1    	  0.00612556 -0.04660645 0.01388150 -0.00728330 -0.00047264 -0.00263879 -0.00138649
shell0_X0_Y0_Z0_mono0_fix1/shell1_X0_Y0_Z-1_mono0_fix1/shell1_X0_Y0_Z-1_mono1_fix1/shell1_X1_Y0_Z0_mono0_fix1//test20tig_AVTZ// DONE 4.38165304261412 4.8798752840715265 4.854291847385022 29.56008012004705 3    	  0.00608657 -0.04412584 0.01342523 -0.00719625 -0.00014241 -0.00233212 -0.00106619
shell0_X0_Y0_Z0_mono0_fix1/shell0_X0_Y0_Z0_mono1_fix1/shell1_X-1_Y0_Z-1_mono1_fix1/shell1_X-1_Y0_Z0_mono1_fix1//test20tig_AVTZ// DONE 4.689720404504576 4.689718793492955 4.879876783261088 29.56008012353528 1    	  0.00611358 -0.04412530 0.01341834 -0.00718808 -0.00011668 -0.00235217 -0.00105978
shell0_X0_Y0_Z0_mono0_fix1/shell1_X-1_Y0_Z-1_mono0_fix1/shell1_X-1_Y1_Z-1_mono1_fix1/shell1_X0_Y0_Z-1_mono0_fix1//test20tig_AVTZ// DONE 6.064820747978854 4.689718751012225 4.38165304261412 29.56008152309283 3    	  0.00611330 -0.04412562 0.01342179 -0.00719403 -0.00011446 -0.00236269 -0.00106293
shell0_X0_Y0_Z0_mono0_fix1/shell0_X0_Y0_Z0_mono1_fix1/shell1_X1_Y0_Z1_mono0_fix1/shell1_X1_Y0_Z0_mono0_fix1//test20tig_AVTZ// DONE 4.689720404504576 6.064820747978854 4.854291847385022 29.560081619236612 3    	  0.00611018 -0.04660662 0.01389171 -0.00729653 -0.00048500 -0.00263277 -0.00139109
shell0_X0_Y0_Z0_mono0_fix1/shell1_X-1_Y1_Z-1_mono1_fix1/shell1_X0_Y1_Z-1_mono1_fix1/shell1_X-1_Y1_Z0_mono1_fix1//test20tig_AVTZ// DONE 4.689718751012225 4.879875191366439 4.879876784204481 30.288215872247488 1    	  0.00521599 -0.01067254 0.00571245 -0.00184076 0.00134430 0.00051232 0.00099331
shell0_X0_Y0_Z0_mono0_fix1/shell1_X-1_Y0_Z-1_mono1_fix1/shell1_X0_Y0_Z-1_mono1_fix1/shell1_X-1_Y0_Z0_mono1_fix1//test20tig_AVTZ// DONE 4.689718793492955 4.8798752840715265 4.879876783261088 30.288216006489915 1    	  0.00514156 -0.01173414 0.00568295 -0.00198646 0.00144508 0.00056518 0.00107387
shell0_X0_Y0_Z0_mono0_fix1/shell1_X0_Y1_Z-1_mono1_fix1/shell1_X-1_Y1_Z0_mono1_fix1/shell1_X0_Y1_Z0_mono1_fix1//test20tig_AVTZ// DONE 4.879875191366439 4.879876784204481 4.689720349898127 30.288217471133393 1    	  0.00512428 -0.01173414 0.00569246 -0.00199709 0.00142892 0.00056734 0.00106544
shell0_X0_Y0_Z0_mono0_fix1/shell0_X0_Y0_Z0_mono1_fix1/shell1_X0_Y0_Z-1_mono1_fix1/shell1_X-1_Y0_Z0_mono1_fix1//test20tig_AVTZ// DONE 4.689720404504576 4.8798752840715265 4.879876783261088 30.288217617501537 1    	  0.00523900 -0.01067259 0.00570326 -0.00183224 0.00136798 0.00049949 0.00100159
shell0_X0_Y0_Z0_mono0_fix1/shell1_X-1_Y1_Z-1_mono1_fix1/shell1_X0_Y0_Z-1_mono0_fix1/shell1_X-1_Y0_Z0_mono0_fix1//test20tig_AVTZ// DONE 4.689718751012225 4.38165304261412 4.854291847385022 30.28821816972169 3    	  0.00513434 -0.01173427 0.00568768 -0.00199047 0.00143713 0.00056662 0.00106988
shell0_X0_Y0_Z0_mono0_fix1/shell1_X0_Y0_Z-1_mono1_fix1/shell1_X1_Y0_Z-1_mono0_fix1/shell1_X1_Y0_Z0_mono0_fix1//test20tig_AVTZ// DONE 4.8798752840715265 6.602802553139408 4.854291847385022 30.28821830396412 3    	  0.00522621 -0.01067266 0.00570419 -0.00183274 0.00135476 0.00051630 0.00100103
shell0_X0_Y0_Z0_mono0_fix1/shell1_X0_Y0_Z-1_mono0_fix1/shell1_X0_Y1_Z-1_mono1_fix1/shell1_X1_Y0_Z-1_mono0_fix1//test20tig_AVTZ// DONE 4.38165304261412 4.879875191366439 6.602802553139408 30.288219768607597 3    	  0.00523356 -0.01067272 0.00570631 -0.00183569 0.00136294 0.00050111 0.00099935
shell0_X0_Y0_Z0_mono0_fix1/shell1_X0_Y0_Z-1_mono0_fix1/shell1_X0_Y0_Z-1_mono1_fix1/shell1_X1_Y0_Z-1_mono0_fix1//test20tig_AVTZ// DONE 4.38165304261412 4.8798752840715265 6.602802553139408 30.28821991497574 3    	  0.00513305 -0.01173428 0.00568408 -0.00198733 0.00143630 0.00057274 0.00107198
shell0_X0_Y0_Z0_mono0_fix1/shell1_X-1_Y1_Z-1_mono1_fix1/shell1_X-1_Y1_Z0_mono1_fix1/shell1_X0_Y1_Z0_mono0_fix1//test20tig_AVTZ// DONE 4.689718751012225 4.879876784204481 6.810811507043177 30.33165474017396 2    	  0.00623637 -0.00722711 0.00712223 -0.00179763 0.00091178 0.00011417 0.00057528
shell0_X0_Y0_Z0_mono0_fix1/shell0_X0_Y0_Z0_mono1_fix1/shell1_X0_Y0_Z-1_mono1_fix1/shell1_X0_Y-1_Z0_mono0_fix1//test20tig_AVTZ// DONE 4.689720404504576 4.8798752840715265 6.81081150704318 30.331654858043883 2    	  0.00625337 -0.00722713 0.00711223 -0.00178733 0.00092846 0.00011145 0.00058379
shell0_X0_Y0_Z0_mono0_fix1/shell1_X-1_Y0_Z-1_mono1_fix1/shell1_X-1_Y1_Z-1_mono1_fix1/shell1_X0_Y0_Z-1_mono0_fix1//test20tig_AVTZ// DONE 4.689718793492955 4.689718751012225 4.38165304261412 30.331655027721414 2    	  0.00625188 -0.00722706 0.00710924 -0.00178485 0.00092749 0.00011875 0.00058630
shell0_X0_Y0_Z0_mono0_fix1/shell1_X0_Y0_Z-1_mono0_fix1/shell1_X0_Y0_Z-1_mono1_fix1/shell1_X0_Y1_Z-1_mono1_fix1//test20tig_AVTZ// DONE 4.38165304261412 4.8798752840715265 4.879875191366439 30.331655145591338 2    	  0.00625137 -0.00722709 0.00711289 -0.00178698 0.00092546 0.00011379 0.00058304
shell0_X0_Y0_Z0_mono0_fix1/shell1_X-1_Y1_Z-1_mono1_fix1/shell1_X0_Y0_Z-1_mono0_fix1/shell2_X-1_Y1_Z-2_mono1_fix1//test20tig_AVTZ// DONE 4.689718751012225 4.38165304261412 7.3245438676480985 30.347163317651184 2    	  0.00080341 -0.00478052 0.00102153 -0.00143809 0.00121997 0.00064096 0.00097570
shell0_X0_Y0_Z0_mono0_fix1/shell1_X-1_Y0_Z-1_mono1_fix1/shell1_X0_Y0_Z-1_mono0_fix1/shell2_X-1_Y0_Z-2_mono1_fix1//test20tig_AVTZ// DONE 4.689718793492955 4.38165304261412 7.324543907536211 30.347163441557363 2    	  0.00078140 -0.00478058 0.00103534 -0.00145216 0.00119822 0.00064303 0.00096400
shell0_X0_Y0_Z0_mono0_fix1/shell1_X0_Y0_Z-1_mono0_fix1/shell1_X0_Y1_Z-1_mono1_fix1/shell1_X0_Y1_Z0_mono1_fix1//test20tig_AVTZ// DONE 4.38165304261412 4.879875191366439 4.689720349898127 30.347167740933806 2    	  0.00080689 -0.00478069 0.00101833 -0.00143531 0.00122387 0.00064622 0.00098017
shell0_X0_Y0_Z0_mono0_fix1/shell0_X0_Y0_Z0_mono1_fix1/shell1_X0_Y0_Z-1_mono0_fix1/shell1_X0_Y0_Z-1_mono1_fix1//test20tig_AVTZ// DONE 4.689720404504576 4.38165304261412 4.8798752840715265 30.347167964787314 2    	  0.00079887 -0.00478066 0.00102561 -0.00144254 0.00121580 0.00064109 0.00097335
shell0_X0_Y0_Z0_mono0_fix1/shell1_X0_Y0_Z-1_mono1_fix1/shell1_X0_Y1_Z-1_mono1_fix1/shell1_X1_Y0_Z0_mono0_fix1//test20tig_AVTZ// DONE 4.8798752840715265 4.879875191366439 4.854291847385022 30.80429074046471 2    	  0.00530144 -0.00776416 0.00579296 -0.00175701 0.00126550 0.00047218 0.00093082
shell0_X0_Y0_Z0_mono0_fix1/shell1_X-1_Y1_Z-1_mono1_fix1/shell1_X0_Y1_Z-1_mono1_fix1/shell1_X0_Y1_Z0_mono0_fix1//test20tig_AVTZ// DONE 4.689718751012225 4.879875191366439 6.810811507043177 30.804290807961785 2    	  0.00529800 -0.00776423 0.00579679 -0.00176186 0.00126307 0.00046747 0.00092742
shell0_X0_Y0_Z0_mono0_fix1/shell0_X0_Y0_Z0_mono1_fix1/shell1_X1_Y0_Z0_mono0_fix1/shell1_X0_Y1_Z0_mono1_fix1//test20tig_AVTZ// DONE 4.689720404504576 4.854291847385022 4.689720349898127 30.80429704238984 2    	  0.00530592 -0.00776417 0.00578822 -0.00175350 0.00127121 0.00047362 0.00093472
shell0_X0_Y0_Z0_mono0_fix1/shell0_X0_Y0_Z0_mono1_fix1/shell1_X-1_Y0_Z0_mono1_fix1/shell1_X0_Y-1_Z0_mono0_fix1//test20tig_AVTZ// DONE 4.689720404504576 4.879876783261088 6.81081150704318 30.804297109886914 2    	  0.00529644 -0.00776422 0.00579815 -0.00176410 0.00126239 0.00046593 0.00092638
shell0_X0_Y0_Z0_mono0_fix1/shell1_X0_Y0_Z-1_mono0_fix1/shell1_X0_Y1_Z-1_mono1_fix1/shell2_X0_Y1_Z-2_mono1_fix1//test20tig_AVTZ// DONE 4.38165304261412 4.879875191366439 7.646690156232921 30.85946605263808 2    	  0.00363885 0.00011401 0.00304949 -0.00056075 0.00115011 0.00085924 0.00102740
shell0_X0_Y0_Z0_mono0_fix1/shell1_X0_Y0_Z-1_mono0_fix1/shell1_X0_Y0_Z-1_mono1_fix1/shell2_X0_Y0_Z-2_mono1_fix1//test20tig_AVTZ// DONE 4.38165304261412 4.8798752840715265 7.646690203091247 30.85946633951303 2    	  0.00365024 0.00011406 0.00304234 -0.00055579 0.00116369 0.00085839 0.00103489
shell0_X0_Y0_Z0_mono0_fix1/shell1_X-1_Y1_Z-1_mono1_fix1/shell1_X0_Y0_Z-1_mono0_fix1/shell1_X-1_Y1_Z0_mono1_fix1//test20tig_AVTZ// DONE 4.689718751012225 4.38165304261412 4.879876784204481 30.85947045310763 2    	  0.00365065 0.00011407 0.00303951 -0.00055035 0.00116150 0.00086251 0.00103536
shell0_X0_Y0_Z0_mono0_fix1/shell1_X-1_Y0_Z1_mono1_fix1/shell1_X0_Y0_Z1_mono0_fix1/shell1_X-1_Y0_Z0_mono1_fix1//test20tig_AVTZ// DONE 7.646692981710969 4.381653042614121 4.879876783261088 30.859470505500255 2    	  0.00364809 0.00011403 0.00303981 -0.00054956 0.00115785 0.00086571 0.00103460
shell0_X0_Y0_Z0_mono0_fix1/shell1_X0_Y0_Z-1_mono0_fix1/shell1_X1_Y0_Z-1_mono0_fix1/shell1_X1_Y0_Z0_mono0_fix1//test20tig_AVTZ// DONE 4.38165304261412 6.602802553139408 4.854291847385022 31.139513081116544 4    	  0.00314167 -0.01438021 0.00586185 -0.00234211 -0.00037807 -0.00110216 -0.00068355
shell0_X0_Y0_Z0_mono0_fix1/shell0_X0_Y0_Z0_mono1_fix1/shell1_X1_Y0_Z1_mono0_fix1/shell1_X0_Y1_Z0_mono1_fix1//test20tig_AVTZ// DONE 4.689720404504576 6.064820747978854 4.689720349898127 31.634509920023284 2    	  0.00138399 -0.01365694 0.00333055 -0.00229833 0.00035177 -0.00044272 0.00001660
shell0_X0_Y0_Z0_mono0_fix1/shell1_X-1_Y1_Z-1_mono1_fix1/shell1_X0_Y1_Z0_mono0_fix1/shell1_X0_Y1_Z0_mono1_fix1//test20tig_AVTZ// DONE 4.689718751012225 6.810811507043177 4.689720349898127 31.634510546092223 2    	  0.00137018 -0.01365704 0.00333768 -0.00230732 0.00033982 -0.00044246 0.00000979
shell0_X0_Y0_Z0_mono0_fix1/shell1_X-1_Y0_Z-1_mono1_fix1/shell1_X-1_Y-1_Z0_mono0_fix1/shell1_X-1_Y0_Z0_mono1_fix1//test20tig_AVTZ// DONE 4.689718793492955 8.165893982210706 4.879876783261088 31.68673722138935 2    	  0.00067096 -0.00349862 0.00216174 -0.00146929 -0.00002148 -0.00023783 -0.00011276
shell0_X0_Y0_Z0_mono0_fix1/shell1_X-1_Y1_Z-1_mono1_fix1/shell1_X0_Y0_Z-1_mono0_fix1/shell1_X0_Y0_Z-1_mono1_fix1//test20tig_AVTZ// DONE 4.689718751012225 4.38165304261412 4.8798752840715265 31.68673777135828 2    	  0.00065480 -0.00349863 0.00217893 -0.00148934 -0.00003479 -0.00025232 -0.00012656
shell0_X0_Y0_Z0_mono0_fix1/shell0_X0_Y0_Z0_mono1_fix1/shell1_X0_Y0_Z-1_mono1_fix1/shell1_X1_Y-1_Z0_mono0_fix1//test20tig_AVTZ// DONE 4.689720404504576 4.8798752840715265 8.27527950048686 31.796122845439704 2    	  0.00059766 -0.00269906 -0.00323934 -0.00010227 0.00393926 0.00373647 0.00385371
shell0_X0_Y0_Z0_mono0_fix1/shell1_X-1_Y0_Z-1_mono1_fix1/shell1_X0_Y0_Z-1_mono0_fix1/shell1_X0_Y1_Z-1_mono1_fix1//test20tig_AVTZ// DONE 4.689718793492955 4.38165304261412 4.879875191366439 31.796123213590096 2    	  0.00059298 -0.00269884 -0.00323722 -0.00010402 0.00393421 0.00373989 0.00385223
shell0_X0_Y0_Z0_mono0_fix1/shell1_X-1_Y1_Z-1_mono1_fix1/shell1_X0_Y1_Z-1_mono1_fix1/shell1_X1_Y0_Z0_mono0_fix1//test20tig_AVTZ// DONE 4.689718751012225 4.879875191366439 4.854291847385022 31.904954596838085 2    	  0.00102017 -0.00225394 0.00001114 -0.00071206 0.00172109 0.00135689 0.00156744
shell0_X0_Y0_Z0_mono0_fix1/shell1_X-1_Y0_Z-1_mono1_fix1/shell1_X0_Y0_Z-1_mono1_fix1/shell1_X1_Y0_Z0_mono0_fix1//test20tig_AVTZ// DONE 4.689718793492955 4.8798752840715265 4.854291847385022 31.904954817581075 2    	  0.00099293 -0.00225387 0.00002887 -0.00072822 0.00169228 0.00135590 0.00155037
shell0_X0_Y0_Z0_mono0_fix1/shell1_X-1_Y0_Z0_mono0_fix1/shell1_X-1_Y1_Z0_mono1_fix1/shell1_X0_Y1_Z0_mono1_fix1//test20tig_AVTZ// DONE 4.854291847385022 4.879876784204481 4.689720349898127 31.904960263559484 2    	  0.00102180 -0.00225389 0.00000915 -0.00070619 0.00171884 0.00135204 0.00156410
shell0_X0_Y0_Z0_mono0_fix1/shell0_X0_Y0_Z0_mono1_fix1/shell1_X-1_Y0_Z0_mono0_fix1/shell1_X-1_Y0_Z0_mono1_fix1//test20tig_AVTZ// DONE 4.689720404504576 4.854291847385022 4.879876783261088 31.904960386140367 2    	  0.00103419 -0.00225397 0.00000171 -0.00070302 0.00173550 0.00134973 0.00157275
shell0_X0_Y0_Z0_mono0_fix1/shell1_X-1_Y1_Z-1_mono1_fix1/shell1_X0_Y1_Z-1_mono0_fix1/shell1_X0_Y1_Z-1_mono1_fix1//test20tig_AVTZ// DONE 4.689718751012225 7.918115177639053 4.879875191366439 31.91159758875885 2    	  0.00046911 -0.00207240 0.00070997 -0.00056341 0.00032255 0.00012428 0.00023890
shell0_X0_Y0_Z0_mono0_fix1/shell1_X0_Y0_Z-1_mono1_fix1/shell1_X1_Y0_Z0_mono0_fix1/shell1_X0_Y1_Z0_mono1_fix1//test20tig_AVTZ// DONE 4.8798752840715265 4.854291847385022 4.689720349898127 31.911597738656383 2    	  0.00045412 -0.00207238 0.00071951 -0.00057282 0.00030743 0.00013078 0.00023291
shell0_X0_Y0_Z0_mono0_fix1/shell0_X0_Y0_Z0_mono1_fix1/shell1_X0_Y1_Z-1_mono1_fix1/shell1_X1_Y0_Z0_mono0_fix1//test20tig_AVTZ// DONE 4.689720404504576 4.879875191366439 4.854291847385022 31.94133643650654 2    	  0.00075828 -0.00335339 -0.00121166 -0.00034226 0.00231220 0.00200202 0.00218134
shell0_X0_Y0_Z0_mono0_fix1/shell1_X-1_Y0_Z-1_mono1_fix1/shell1_X0_Y-1_Z-1_mono0_fix1/shell1_X0_Y0_Z-1_mono1_fix1//test20tig_AVTZ// DONE 4.689718793492955 7.94785401225415 4.8798752840715265 31.941336504896704 2    	  0.00076877 -0.00335349 -0.00121567 -0.00033747 0.00232190 0.00200296 0.00218735
shell0_X0_Y0_Z0_mono0_fix1/shell1_X-1_Y0_Z-1_mono0_fix1/shell1_X-1_Y1_Z-1_mono1_fix1/shell2_X-1_Y1_Z-2_mono1_fix1//test20tig_AVTZ// DONE 6.064820747978854 4.689718751012225 7.3245438676480985 32.03033102906378 2    	  0.00034954 -0.00384836 -0.00115215 -0.00059371 0.00209540 0.00178446 0.00196422
shell0_X0_Y0_Z0_mono0_fix1/shell0_X0_Y0_Z0_mono1_fix1/shell1_X0_Y0_Z-1_mono1_fix1/shell1_X1_Y0_Z1_mono0_fix1//test20tig_AVTZ// DONE 4.689720404504576 4.8798752840715265 6.064820747978854 32.030331258744155 2    	  0.00109273 -0.00249866 0.00051558 -0.00078114 0.00135830 0.00111403 0.00125525
shell0_X0_Y0_Z0_mono0_fix1/shell1_X-1_Y1_Z-1_mono1_fix1/shell1_X0_Y0_Z1_mono0_fix1/shell1_X0_Y1_Z0_mono1_fix1//test20tig_AVTZ// DONE 4.689718751012225 4.381653042614121 4.689720349898127 32.03033194268017 2    	  0.00109151 -0.00249858 0.00050447 -0.00076946 0.00135650 0.00113740 0.00126407
shell0_X0_Y0_Z0_mono0_fix1/shell1_X0_Y0_Z-1_mono0_fix1/shell1_X0_Y0_Z-1_mono1_fix1/shell2_X-1_Y0_Z-2_mono1_fix1//test20tig_AVTZ// DONE 4.38165304261412 4.8798752840715265 7.324543907536211 32.030332172360545 2    	  0.00039808 -0.00384837 -0.00118109 -0.00055790 0.00213707 0.00178296 0.00198768
shell0_X0_Y0_Z0_mono0_fix1/shell1_X-1_Y0_Z-1_mono0_fix1/shell1_X-1_Y1_Z-1_mono1_fix1/shell1_X-1_Y1_Z0_mono1_fix1//test20tig_AVTZ// DONE 6.064820747978854 4.689718751012225 4.879876784204481 32.03033544025068 2    	  0.00114906 -0.00249864 0.00048222 -0.00074290 0.00140973 0.00110983 0.00128321
shell0_X0_Y0_Z0_mono0_fix1/shell0_X0_Y0_Z0_mono1_fix1/shell1_X0_Y0_Z1_mono1_fix1/shell1_X1_Y0_Z1_mono0_fix1//test20tig_AVTZ// DONE 4.689720404504576 7.32454670793248 6.064820747978854 32.03033555832999 2    	  0.00040188 -0.00384826 -0.00118437 -0.00055604 0.00214230 0.00178193 0.00199027
shell0_X0_Y0_Z0_mono0_fix1/shell1_X-1_Y1_Z-1_mono1_fix1/shell1_X0_Y0_Z-1_mono0_fix1/shell1_X0_Y1_Z0_mono1_fix1//test20tig_AVTZ// DONE 4.689718751012225 4.38165304261412 4.689720349898127 32.03033635386707 2    	  0.00039726 -0.00384841 -0.00118446 -0.00055450 0.00213622 0.00178868 0.00198960
shell0_X0_Y0_Z0_mono0_fix1/shell0_X0_Y0_Z0_mono1_fix1/shell1_X-1_Y0_Z-1_mono1_fix1/shell1_X0_Y0_Z-1_mono0_fix1//test20tig_AVTZ// DONE 4.689720404504576 4.689718793492955 4.38165304261412 32.03033647194638 2    	  0.00113863 -0.00249861 0.00047850 -0.00074209 0.00140222 0.00111924 0.00128284
shell0_X0_Y0_Z0_mono0_fix1/shell1_X-1_Y1_Z-1_mono1_fix1/shell1_X0_Y1_Z-1_mono1_fix1/shell2_X-1_Y1_Z-2_mono1_fix1//test20tig_AVTZ// DONE 4.689718751012225 4.879875191366439 7.3245438676480985 32.194901952303425 1    	  0.00159422 -0.00182587 0.00131987 -0.00070818 0.00098253 0.00061480 0.00082739
shell0_X0_Y0_Z0_mono0_fix1/shell1_X-1_Y0_Z-1_mono1_fix1/shell1_X0_Y0_Z-1_mono1_fix1/shell2_X-1_Y0_Z-2_mono1_fix1//test20tig_AVTZ// DONE 4.689718793492955 4.8798752840715265 7.324543907536211 32.19490212737735 1    	  0.00054343 -0.00336854 -0.00134356 -0.00045447 0.00234146 0.00199580 0.00219564
shell0_X0_Y0_Z0_mono0_fix1/shell1_X-1_Y0_Z-1_mono0_fix1/shell1_X0_Y0_Z-1_mono0_fix1/shell2_X-1_Y1_Z-2_mono1_fix1//test20tig_AVTZ// DONE 6.064820747978854 4.38165304261412 7.3245438676480985 32.19490344800476 3    	  0.00053617 -0.00336868 -0.00133918 -0.00046048 0.00233583 0.00199966 0.00219401
shell0_X0_Y0_Z0_mono0_fix1/shell1_X-1_Y0_Z-1_mono0_fix1/shell1_X0_Y0_Z-1_mono0_fix1/shell2_X-1_Y0_Z-2_mono1_fix1//test20tig_AVTZ// DONE 6.064820747978854 4.38165304261412 7.324543907536211 32.19490362307869 3    	  0.00159083 -0.00182588 0.00133019 -0.00072054 0.00098118 0.00060201 0.00082122
shell0_X0_Y0_Z0_mono0_fix1/shell1_X0_Y1_Z1_mono1_fix1/shell1_X-1_Y1_Z0_mono1_fix1/shell1_X0_Y1_Z0_mono1_fix1//test20tig_AVTZ// DONE 7.324546685996958 4.879876784204481 4.689720349898127 32.19490796237623 1    	  0.00053369 -0.00336856 -0.00133871 -0.00045967 0.00233206 0.00199860 0.00219138
shell0_X0_Y0_Z0_mono0_fix1/shell0_X0_Y0_Z0_mono1_fix1/shell1_X0_Y0_Z1_mono1_fix1/shell1_X-1_Y0_Z0_mono1_fix1//test20tig_AVTZ// DONE 4.689720404504576 7.32454670793248 4.879876783261088 32.194908037974805 1    	  0.00156195 -0.00182586 0.00133674 -0.00072540 0.00095061 0.00062479 0.00081316
shell0_X0_Y0_Z0_mono0_fix1/shell1_X-1_Y0_Z-1_mono0_fix1/shell1_X-1_Y0_Z0_mono0_fix1/shell1_X-1_Y1_Z0_mono1_fix1//test20tig_AVTZ// DONE 6.064820747978854 4.854291847385022 4.879876784204481 32.19490945807756 3    	  0.00158866 -0.00182592 0.00132585 -0.00071515 0.00097796 0.00061221 0.00082366
shell0_X0_Y0_Z0_mono0_fix1/shell0_X0_Y0_Z0_mono1_fix1/shell1_X0_Y0_Z-1_mono0_fix1/shell1_X1_Y0_Z0_mono0_fix1//test20tig_AVTZ// DONE 4.689720404504576 4.38165304261412 4.854291847385022 32.19490953367614 3    	  0.00052345 -0.00336869 -0.00133008 -0.00047041 0.00232394 0.00199402 0.00218476
shell0_X0_Y0_Z0_mono0_fix1/shell1_X-1_Y1_Z-1_mono1_fix1/shell1_X0_Y1_Z-1_mono1_fix1/shell1_X-1_Y0_Z0_mono0_fix1//test20tig_AVTZ// DONE 4.689718751012225 4.879875191366439 4.854291847385022 32.39091086270705 2    	  0.00334946 0.00167092 0.00202021 0.00005468 0.00127457 0.00094934 0.00113736
shell0_X0_Y0_Z0_mono0_fix1/shell1_X-1_Y0_Z-1_mono1_fix1/shell1_X0_Y0_Z-1_mono1_fix1/shell1_X-1_Y0_Z0_mono0_fix1//test20tig_AVTZ// DONE 4.689718793492955 4.8798752840715265 4.854291847385022 32.39091111560882 2    	  0.00332271 0.00167102 0.00203427 0.00003992 0.00124852 0.00094694 0.00112129
shell0_X0_Y0_Z0_mono0_fix1/shell1_X-1_Y0_Z0_mono0_fix1/shell1_X-1_Y1_Z0_mono1_fix1/shell2_X-2_Y1_Z0_mono1_fix1//test20tig_AVTZ// DONE 4.854291847385022 4.879876784204481 8.232859489005401 32.39091653567297 2    	  0.00334273 0.00167101 0.00202774 0.00004647 0.00126852 0.00093749 0.00112887
shell0_X0_Y0_Z0_mono0_fix1/shell0_X0_Y0_Z0_mono1_fix1/shell1_X-1_Y0_Z0_mono1_fix1/shell1_X1_Y0_Z0_mono0_fix1//test20tig_AVTZ// DONE 4.689720404504576 4.879876783261088 4.854291847385022 32.39091661826252 2    	  0.00348131 0.00167089 0.00194315 0.00014854 0.00138962 0.00094054 0.00120016
shell0_X0_Y0_Z0_mono0_fix1/shell1_X-1_Y1_Z-1_mono1_fix1/shell1_X-1_Y1_Z0_mono1_fix1/shell2_X-2_Y1_Z-1_mono1_fix1//test20tig_AVTZ// DONE 4.689718751012225 4.879876784204481 7.9370587750867125 32.80741845258008 1    	  0.00036504 -0.00196920 -0.00194253 -0.00005923 0.00236680 0.00208354 0.00224730
shell0_X0_Y0_Z0_mono0_fix1/shell1_X-1_Y0_Z-1_mono1_fix1/shell1_X-1_Y0_Z0_mono1_fix1/shell2_X-2_Y0_Z-1_mono1_fix1//test20tig_AVTZ// DONE 4.689718793492955 4.879876783261088 7.937058818163156 32.807418537193854 1    	  0.00157103 -0.00138472 0.00159739 -0.00066921 0.00064284 0.00042855 0.00055244
shell0_X0_Y0_Z0_mono0_fix1/shell1_X0_Y1_Z-1_mono1_fix1/shell1_X1_Y1_Z0_mono1_fix1/shell1_X0_Y1_Z0_mono1_fix1//test20tig_AVTZ// DONE 4.879875191366439 7.937059651198265 4.689720349898127 32.80741933473949 1    	  0.00156629 -0.00138474 0.00162478 -0.00069578 0.00063729 0.00038485 0.00053079
shell0_X0_Y0_Z0_mono0_fix1/shell0_X0_Y0_Z0_mono1_fix1/shell1_X0_Y0_Z-1_mono1_fix1/shell1_X1_Y0_Z0_mono1_fix1//test20tig_AVTZ// DONE 4.689720404504576 4.8798752840715265 7.937059665509641 32.8074194963624 1    	  0.00036593 -0.00196928 -0.00193862 -0.00006278 0.00236733 0.00207594 0.00224440
shell0_X0_Y0_Z0_mono0_fix1/shell1_X-1_Y0_Z-1_mono0_fix1/shell1_X-1_Y0_Z0_mono0_fix1/shell2_X-2_Y1_Z-1_mono1_fix1//test20tig_AVTZ// DONE 6.064820747978854 4.854291847385022 7.9370587750867125 32.807419948281414 3    	  0.00159166 -0.00138466 0.00160504 -0.00067638 0.00066300 0.00039023 0.00054792
shell0_X0_Y0_Z0_mono0_fix1/shell1_X-1_Y0_Z-1_mono0_fix1/shell1_X-1_Y0_Z0_mono0_fix1/shell2_X-2_Y0_Z-1_mono1_fix1//test20tig_AVTZ// DONE 6.064820747978854 4.854291847385022 7.937058818163156 32.807420032895195 3    	  0.00035131 -0.00196923 -0.00193147 -0.00007109 0.00235388 0.00208090 0.00223872
shell0_X0_Y0_Z0_mono0_fix1/shell1_X-1_Y0_Z-1_mono0_fix1/shell1_X0_Y0_Z-1_mono0_fix1/shell1_X0_Y1_Z-1_mono1_fix1//test20tig_AVTZ// DONE 6.064820747978854 4.38165304261412 4.879875191366439 32.807420830440826 3    	  0.00037122 -0.00196931 -0.00194343 -0.00005789 0.00237254 0.00207761 0.00224812
shell0_X0_Y0_Z0_mono0_fix1/shell0_X0_Y0_Z0_mono1_fix1/shell1_X0_Y0_Z1_mono0_fix1/shell1_X-1_Y0_Z0_mono0_fix1//test20tig_AVTZ// DONE 4.689720404504576 4.381653042614121 4.854291847385022 32.80742099206374 3    	  0.00157453 -0.00138470 0.00161082 -0.00068420 0.00064791 0.00039477 0.00054112
shell0_X0_Y0_Z0_mono0_fix1/shell1_X0_Y1_Z-1_mono1_fix1/shell1_X-1_Y1_Z0_mono1_fix1/shell1_X0_Y1_Z0_mono0_fix1//test20tig_AVTZ// DONE 4.879875191366439 4.879876784204481 6.810811507043177 32.93311729347556 2    	  -0.00189061 -0.00925244 -0.00132452 -0.00095298 0.00038689 0.00015973 0.00029106
shell0_X0_Y0_Z0_mono0_fix1/shell1_X-1_Y0_Z1_mono0_fix1/shell1_X-1_Y0_Z0_mono1_fix1/shell1_X-1_Y1_Z0_mono1_fix1//test20tig_AVTZ// DONE 6.602802553139408 4.879876783261088 4.879876784204481 32.933117469179486 2    	  -0.00188770 -0.00925247 -0.00132856 -0.00094851 0.00038937 0.00016231 0.00029358
shell0_X0_Y0_Z0_mono0_fix1/shell1_X-1_Y1_Z-1_mono1_fix1/shell1_X0_Y1_Z-1_mono1_fix1/shell2_X0_Y1_Z-2_mono1_fix1//test20tig_AVTZ// DONE 4.689718751012225 4.879875191366439 7.646690156232921 33.05502924427593 1    	  0.00064875 -0.00164531 0.00032416 -0.00042985 0.00075444 0.00065742 0.00071351
shell0_X0_Y0_Z0_mono0_fix1/shell1_X-1_Y0_Z-1_mono1_fix1/shell1_X0_Y0_Z-1_mono1_fix1/shell2_X0_Y0_Z-2_mono1_fix1//test20tig_AVTZ// DONE 4.689718793492955 4.8798752840715265 7.646690203091247 33.055029426320075 1    	  0.00162159 -0.00124130 0.00059585 -0.00019026 0.00121600 0.00096158 0.00110867
shell0_X0_Y0_Z0_mono0_fix1/shell1_X-1_Y1_Z-1_mono1_fix1/shell1_X-1_Y0_Z1_mono0_fix1/shell1_X-1_Y0_Z0_mono0_fix1//test20tig_AVTZ// DONE 4.689718751012225 6.602802553139408 4.854291847385022 33.05503154175013 3    	  0.00161604 -0.00124136 0.00059572 -0.00019006 0.00121038 0.00096883 0.00110848
shell0_X0_Y0_Z0_mono0_fix1/shell1_X0_Y0_Z-1_mono1_fix1/shell1_X0_Y0_Z1_mono0_fix1/shell1_X1_Y0_Z0_mono0_fix1//test20tig_AVTZ// DONE 4.8798752840715265 4.381653042614121 4.854291847385022 33.05503172379427 3    	  0.00072214 -0.00164532 0.00028129 -0.00038205 0.00082290 0.00065149 0.00075059
shell0_X0_Y0_Z0_mono0_fix1/shell1_X-1_Y1_Z1_mono1_fix1/shell1_X-1_Y1_Z0_mono1_fix1/shell1_X0_Y1_Z0_mono1_fix1//test20tig_AVTZ// DONE 7.646692969912291 4.879876784204481 4.689720349898127 33.05503524967924 1    	  0.00160835 -0.00124130 0.00060278 -0.00019782 0.00120340 0.00096549 0.00110303
shell0_X0_Y0_Z0_mono0_fix1/shell0_X0_Y0_Z0_mono1_fix1/shell1_X-1_Y0_Z1_mono1_fix1/shell1_X-1_Y0_Z0_mono1_fix1//test20tig_AVTZ// DONE 4.689720404504576 7.646692981710969 4.879876783261088 33.055035315140984 1    	  0.00072144 -0.00164527 0.00027284 -0.00037344 0.00082204 0.00066057 0.00075392
shell0_X0_Y0_Z0_mono0_fix1/shell1_X0_Y0_Z-1_mono0_fix1/shell1_X-1_Y0_Z0_mono0_fix1/shell1_X-1_Y1_Z0_mono1_fix1//test20tig_AVTZ// DONE 4.38165304261412 4.854291847385022 4.879876784204481 33.05503754715345 3    	  0.00064030 -0.00164529 0.00032621 -0.00043460 0.00074869 0.00065800 0.00071043
shell0_X0_Y0_Z0_mono0_fix1/shell0_X0_Y0_Z0_mono1_fix1/shell1_X1_Y0_Z-1_mono0_fix1/shell1_X1_Y0_Z0_mono0_fix1//test20tig_AVTZ// DONE 4.689720404504576 6.602802553139408 4.854291847385022 33.05503761261518 3    	  0.00161124 -0.00124134 0.00059854 -0.00019249 0.00120519 0.00097102 0.00110640
shell0_X0_Y0_Z0_mono0_fix1/shell1_X-1_Y1_Z-1_mono1_fix1/shell1_X-1_Y0_Z1_mono0_fix1/shell1_X-1_Y1_Z0_mono1_fix1//test20tig_AVTZ// DONE 4.689718751012225 6.602802553139408 4.879876784204481 33.08061555711551 2    	  0.00211679 -0.00003039 0.00171189 -0.00027793 0.00068283 0.00047338 0.00059447
shell0_X0_Y0_Z0_mono0_fix1/shell1_X-1_Y1_Z-1_mono1_fix1/shell1_X0_Y0_Z-1_mono0_fix1/shell2_X0_Y1_Z-2_mono1_fix1//test20tig_AVTZ// DONE 4.689718751012225 4.38165304261412 7.646690156232921 33.080615668959034 2    	  0.00100953 -0.00007892 0.00006275 -0.00002533 0.00097211 0.00074099 0.00087461
shell0_X0_Y0_Z0_mono0_fix1/shell1_X-1_Y0_Z-1_mono1_fix1/shell1_X-1_Y0_Z1_mono0_fix1/shell1_X-1_Y0_Z0_mono1_fix1//test20tig_AVTZ// DONE 4.689718793492955 6.602802553139408 4.879876783261088 33.08061573821626 2    	  0.00101378 -0.00007896 0.00006131 -0.00002408 0.00097656 0.00074115 0.00087724
shell0_X0_Y0_Z0_mono0_fix1/shell1_X-1_Y0_Z-1_mono1_fix1/shell1_X0_Y0_Z-1_mono0_fix1/shell2_X0_Y0_Z-2_mono1_fix1//test20tig_AVTZ// DONE 4.689718793492955 4.38165304261412 7.646690203091247 33.080615850059786 2    	  0.00212048 -0.00003036 0.00170675 -0.00027213 0.00068587 0.00047909 0.00059863
shell0_X0_Y0_Z0_mono0_fix1/shell1_X0_Y1_Z-1_mono1_fix1/shell1_X1_Y0_Z-1_mono0_fix1/shell1_X0_Y1_Z0_mono1_fix1//test20tig_AVTZ// DONE 4.879875191366439 6.602802553139408 4.689720349898127 33.08061996968078 2    	  0.00098318 -0.00007893 0.00007078 -0.00003322 0.00094562 0.00076174 0.00086804
shell0_X0_Y0_Z0_mono0_fix1/shell1_X0_Y0_Z-1_mono0_fix1/shell1_X0_Y1_Z-1_mono1_fix1/shell1_X-1_Y1_Z0_mono1_fix1//test20tig_AVTZ// DONE 4.38165304261412 4.879875191366439 4.879876784204481 33.08062008152431 2    	  0.00215821 -0.00003035 0.00169087 -0.00025407 0.00072141 0.00045914 0.00061076
shell0_X0_Y0_Z0_mono0_fix1/shell0_X0_Y0_Z0_mono1_fix1/shell1_X0_Y0_Z-1_mono1_fix1/shell1_X1_Y0_Z-1_mono0_fix1//test20tig_AVTZ// DONE 4.689720404504576 4.8798752840715265 6.602802553139408 33.0806201278476 2    	  0.00214155 -0.00003035 0.00169805 -0.00026311 0.00070662 0.00046190 0.00060338
shell0_X0_Y0_Z0_mono0_fix1/shell0_X0_Y0_Z0_mono1_fix1/shell1_X-1_Y0_Z1_mono1_fix1/shell1_X0_Y0_Z1_mono0_fix1//test20tig_AVTZ// DONE 4.689720404504576 7.646692981710969 4.381653042614121 33.08062023969113 2    	  0.00099613 -0.00007890 0.00006626 -0.00002542 0.00095528 0.00075633 0.00087135
shell0_X0_Y0_Z0_mono0_fix1/shell1_X-1_Y0_Z-1_mono0_fix1/shell1_X-1_Y1_Z-1_mono1_fix1/shell1_X0_Y1_Z-1_mono1_fix1//test20tig_AVTZ// DONE 6.064820747978854 4.689718751012225 4.879875191366439 33.115485972429376 2    	  0.00028946 -0.00193775 -0.00138230 -0.00019247 0.00186423 0.00163375 0.00176700
shell0_X0_Y0_Z0_mono0_fix1/shell0_X0_Y0_Z0_mono1_fix1/shell1_X1_Y0_Z1_mono0_fix1/shell1_X1_Y0_Z0_mono1_fix1//test20tig_AVTZ// DONE 4.689720404504576 6.064820747978854 7.937059665509641 33.11548617653301 2    	  0.00113520 -0.00155523 0.00122028 -0.00059516 0.00051008 0.00028542 0.00041530
shell0_X0_Y0_Z0_mono0_fix1/shell1_X-1_Y1_Z-1_mono1_fix1/shell1_X-1_Y0_Z0_mono0_fix1/shell1_X0_Y1_Z0_mono1_fix1//test20tig_AVTZ// DONE 4.689718751012225 4.854291847385022 4.689720349898127 33.11548653100124 2    	  0.00112415 -0.00155528 0.00122505 -0.00059833 0.00049742 0.00028424 0.00040749
