28.37513504502633 -0.00546166 0.00115756 0.001156 0.0 -0.00661766 -0.00647118 -0.00655586
28.375135233875202 -0.01092288 0.0023150000000000002 0.0023118 -2e-08 -0.013234659999999999 -0.01294232 -0.013111339999999999
28.375135400070853 -0.01638404 0.00347224 0.00346756 -2e-08 -0.019851559999999997 -0.01941356 -0.019666799999999998
28.375135588919733 -0.02184556 0.00462962 0.00462344 -4e-08 -0.026468939999999996 -0.02588564 -0.026222879999999997
29.56007843455345 -0.02344251 0.00495848 0.0049507100000000005 -4e-08 -0.028393159999999997 -0.027600560000000003 -0.0280588
29.560078624345717 -0.02590262 0.00557422 0.00556681 -4e-08 -0.031469369999999997 -0.030401450000000003 -0.03101886
29.560079930254787 -0.03328094 0.0074212 0.00741484 -4e-08 -0.04069572 -0.03880709 -0.03989898
29.560080027391493 -0.035740310000000004 0.00803692 0.00803092 -5e-08 -0.043771159999999996 -0.041609020000000004 -0.04285903
29.56008012004705 -0.04053152 0.009023199999999999 0.00901234 -5e-08 -0.04954379 -0.046752640000000005 -0.04836628
29.56008012353528 -0.04212972 0.009352129999999998 0.00933963 -5e-08 -0.05146928 -0.048466270000000006 -0.05020239
29.56008152309283 -0.046924530000000006 0.010338619999999998 0.010321259999999999 -5e-08 -0.05724572 -0.053604490000000005 -0.05570958
29.560081619236612 -0.05430894000000001 0.012185479999999999 0.012169349999999999 -5e-08 -0.06647822 -0.06200197 -0.06458979000000001
30.288215872247488 -0.05401596000000001 0.014850039999999998 0.014834749999999999 -5e-08 -0.06885065 -0.06431061 -0.06693531000000001
30.288216006489915 -0.05415389000000001 0.01718509 0.01717017 -6e-08 -0.071324 -0.06665794 -0.06935549
30.288217471133393 -0.05429172000000001 0.0195202 0.019505719999999997 -6e-08 -0.07379738 -0.06900521 -0.07177567
30.288217617501537 -0.05399796000000001 0.02218478 0.022171109999999997 -6e-08 -0.07616901 -0.07131479 -0.07412113
30.28821816972169 -0.054387510000000014 0.0291902 0.029177759999999997 -6e-08 -0.08356521 -0.07835675 -0.08136787
30.28821830396412 -0.053506140000000015 0.03718409 0.03717426 -6e-08 -0.09068031 -0.0852854 -0.08840431
30.288219768607597 -0.052624770000000015 0.04517804 0.045170760000000004 -6e-08 -0.09779544 -0.09221425999999999 -0.09544084
30.28821991497574 -0.05301507000000002 0.052183610000000005 0.05217771 -6e-08 -0.10519272 -0.09925624999999999 -0.10268821
30.33165474017396 -0.04889667000000002 0.05994249000000001 0.05993399 -6e-08 -0.1088306 -0.10292209 -0.10633789
30.331654858043883 -0.04478181000000002 0.06770147000000001 0.06769045 -6e-08 -0.1124722 -0.10658807 -0.10998977
30.331655027721414 -0.04067985000000002 0.07546029000000001 0.07544674999999999 -8e-08 -0.11612652 -0.11025368999999999 -0.11364885
30.331655145591338 -0.036579790000000015 0.08321917000000001 0.08320321 -8e-08 -0.1197829 -0.11391930999999998 -0.11730913
30.347163317651184 -0.03894945000000002 0.08008247 0.08006767 -8e-08 -0.11901702 -0.11321040999999998 -0.11656729
30.347163441557363 -0.04133891000000002 0.07694583 0.07693214999999999 -8e-08 -0.11827096 -0.11249474999999998 -0.11583405000000001
30.347167740933806 -0.04367735000000002 0.07380915 0.07379659 -8e-08 -0.11747384 -0.11177924999999998 -0.11507137
30.347167964787314 -0.04605107000000002 0.07067243000000001 0.07066098999999999 -1e-07 -0.11671195999999999 -0.11107050999999998 -0.11433191000000001
30.80429074046471 -0.043789630000000024 0.07605029 0.07603810999999999 -1e-07 -0.11982763999999999 -0.11412850999999999 -0.11742325
30.804290807961785 -0.04153163000000002 0.08142821 0.08141528999999999 -1e-07 -0.12294681999999998 -0.11718640999999999 -0.12051659
30.80429704238984 -0.03927005000000002 0.08680605 0.08679240999999999 -1e-07 -0.12606237999999997 -0.12024434999999999 -0.12360783
30.804297109886914 -0.03701207000000002 0.09218395 0.09216974999999998 -1e-07 -0.12918173999999996 -0.12330238999999998 -0.12670133
30.85946605263808 -0.03364881000000002 0.09634205 0.09632620999999998 -1e-07 -0.12997491999999997 -0.12413824999999998 -0.12751251
30.85946633951303 -0.03028641000000002 0.10050031 0.10048286999999999 -1e-07 -0.13076915999999997 -0.12497414999999998 -0.12832433
30.85947045310763 -0.02692475000000002 0.10465863 0.10463953 -1e-07 -0.13156413999999997 -0.12580903 -0.12913614999999998
30.859470505500255 -0.02356343000000002 0.10881681 0.10879611 -1e-07 -0.13235939999999996 -0.12664223 -0.12994742999999997
31.139513081116544 -0.02740735000000002 0.11747977 0.11746759 -1e-07 -0.14487479999999997 -0.13801567 -0.14198107
31.634509920023284 -0.031854430000000024 0.11648155 0.11647335 -8e-08 -0.14832765999999997 -0.14113433 -0.14529293
31.634510546092223 -0.03630199000000002 0.11548335 0.11547913 -8e-08 -0.15178099999999997 -0.14425307 -0.14860510999999998
31.68673722138935 -0.03792635000000002 0.11376305 0.11376373 -8e-08 -0.15168993999999997 -0.14406735 -0.14847411
31.68673777135828 -0.03955343000000002 0.11204279 0.11204840999999999 -8e-08 -0.15160169999999998 -0.14388207 -0.14834492999999999
31.796122845439704 -0.04275239000000002 0.10489917 0.10490502999999998 -8e-08 -0.14765727999999997 -0.14015397 -0.14449177
31.796123213590096 -0.04595085000000002 0.09775565 0.09776160999999998 -8e-08 -0.14371231999999998 -0.13642573 -0.14063823
31.904954596838085 -0.04715181000000002 0.09476059 0.09476554999999999 -8e-08 -0.14191719999999997 -0.13473147 -0.13888567000000002
31.904954817581075 -0.048352370000000026 0.09176565 0.09176954999999999 -8e-08 -0.14012175999999996 -0.13303773 -0.13713313000000002
31.904960263559484 -0.04955355000000003 0.08877073 0.08877357 -8e-08 -0.13832695999999994 -0.13134316999999998 -0.13538061
31.904960386140367 -0.05075559000000003 0.08577573000000001 0.08577747 -8e-08 -0.13653289999999996 -0.12964780999999997 -0.13362819
31.91159758875885 -0.05183197000000003 0.08462017000000001 0.08461964999999999 -8e-08 -0.13645147999999996 -0.12970096999999997 -0.13360355000000002
31.911597738656383 -0.052948650000000035 0.08346469000000001 0.08346190999999999 -8e-08 -0.13641041999999995 -0.12971772999999998 -0.13358689
31.94133643650654 -0.05621281000000004 0.08030573 0.08030792999999999 -8e-08 -0.13652059999999994 -0.12977777 -0.13367591
31.941336504896704 -0.059460510000000036 0.07714681000000001 0.07715398999999999 -8e-08 -0.13661435999999993 -0.12983819 -0.13375561
32.03033102906378 -0.06266257000000004 0.07237171 0.07237721 -8e-08 -0.13503963999999993 -0.12827950999999999 -0.13218767
32.030331258744155 -0.06370847000000004 0.07046591 0.07046775 -1e-07 -0.13417605999999993 -0.12746965 -0.13134677
32.03033194268017 -0.06475471000000005 0.06856011000000001 0.06855809 -1.2e-07 -0.13331261999999994 -0.12665975 -0.13050593
32.030332172360545 -0.06795653000000004 0.06378497000000001 0.06378153 -1.3999999999999998e-07 -0.13173787999999995 -0.12510061 -0.12893776999999998
32.03033544025068 -0.06900495000000004 0.06187917000000001 0.061871930000000006 -1.3999999999999998e-07 -0.13087669999999996 -0.12428731 -0.12809679
32.03033555832999 -0.07220709000000004 0.05710415000000001 0.05709531 -1.5999999999999998e-07 -0.12930221999999997 -0.12272867 -0.12652898999999998
32.03033635386707 -0.07540859000000004 0.052329090000000016 0.05231861 -1.5999999999999998e-07 -0.12772701999999997 -0.12116977 -0.12496066999999998
32.03033647194638 -0.07645429000000004 0.05042331000000001 0.050409010000000004 -1.5999999999999998e-07 -0.12686309999999998 -0.12035983 -0.12411952999999998
32.194901952303425 -0.07626075000000003 0.050222360000000014 0.05020923000000001 -1.5999999999999998e-07 -0.12646977999999998 -0.12000822 -0.12374379999999997
32.19490212737735 -0.07772685000000003 0.04784404000000001 0.04782890000000001 -1.5999999999999998e-07 -0.12555555 -0.1191433 -0.12285036999999997
32.19490344800476 -0.08212599000000002 0.04070884000000001 0.04068770000000001 -1.5999999999999998e-07 -0.12281348999999998 -0.11655120999999999 -0.12017157999999997
32.19490362307869 -0.08154327000000003 0.04010593000000001 0.04008836000000001 -1.5999999999999998e-07 -0.12163142999999998 -0.11549520999999999 -0.11904270999999997
32.19490796237623 -0.08302031000000003 0.037727640000000014 0.03770805000000001 -1.5999999999999998e-07 -0.12072815999999999 -0.11461543999999999 -0.11814934999999997
32.194908037974805 -0.08282675000000003 0.03752672000000001 0.037508280000000005 -1.5999999999999998e-07 -0.12033482999999999 -0.11426378999999999 -0.11777359999999998
32.19490945807756 -0.08224496000000003 0.03692387000000001 0.036909000000000004 -1.5999999999999998e-07 -0.11915375999999998 -0.11320844999999999 -0.11664556999999998
32.19490953367614 -0.08664575000000004 0.02978876000000001 0.029767920000000003 -1.5999999999999998e-07 -0.11641346999999998 -0.11061506999999998 -0.11396725999999997
32.39091086270705 -0.08251895000000004 0.03330038000000001 0.03328396 -1.7999999999999997e-07 -0.11580268999999997 -0.11002678999999999 -0.11336597999999998
32.39091111560882 -0.07839165000000003 0.036812060000000014 0.0368001 -1.9999999999999996e-07 -0.11519148999999997 -0.10943920999999998 -0.11276473999999997
32.39091653567297 -0.07426531000000003 0.04032366000000001 0.040316120000000004 -2.1999999999999996e-07 -0.11458114999999996 -0.10885006999999998 -0.11216335999999998
32.39091661826252 -0.07013811000000003 0.04383520000000001 0.04383208 -2.4e-07 -0.11396990999999997 -0.10826224999999998 -0.11156199999999998
32.80741845258008 -0.07126656000000003 0.041493690000000014 0.04149077 -2.4e-07 -0.11275703999999996 -0.10714090999999998 -0.11038774999999998
32.807418537193854 -0.07096895000000003 0.041701080000000015 0.04169893 -2.4e-07 -0.11266758999999996 -0.10710403999999998 -0.11032047999999998
32.80741933473949 -0.07067072000000003 0.041908460000000015 0.04190704 -2.4e-07 -0.11257746999999996 -0.10706752999999998 -0.11025296999999998
32.8074194963624 -0.07179622000000004 0.03956691000000002 0.0395657 -2.4e-07 -0.11136161999999995 -0.10595005999999998 -0.10907861999999997
32.807419948281414 -0.07090069000000003 0.04018911000000002 0.04019018 -2.4e-07 -0.11109056999999996 -0.10584022999999998 -0.10887557999999997
32.807420032895195 -0.07427770000000003 0.03316452000000002 0.033166219999999996 -2.4e-07 -0.10744361999999996 -0.10248565999999998 -0.10535198999999998
32.807420830440826 -0.07765441000000003 0.026139780000000015 0.026142169999999996 -2.4e-07 -0.10379627999999996 -0.09913312999999997 -0.10182902999999997
32.80742099206374 -0.07676011000000003 0.026761890000000014 0.026766529999999997 -2.6999999999999996e-07 -0.10352630999999997 -0.09902341999999997 -0.10162667999999997
32.93311729347556 -0.08526297000000004 0.021657790000000014 0.021663029999999996 -2.6999999999999996e-07 -0.10692564999999997 -0.10177603999999997 -0.10475317999999997
32.933117469179486 -0.09376615000000003 0.016553730000000013 0.016559669999999995 -2.6999999999999996e-07 -0.11032546999999997 -0.10452779999999998 -0.10787959999999998
33.05502924427593 -0.09424264000000003 0.016248030000000014 0.016254329999999994 -2.7999999999999997e-07 -0.11049660999999997 -0.10465707999999997 -0.10803307999999998
33.055029426320075 -0.09408880000000003 0.016542350000000015 0.016548509999999995 -2.7999999999999997e-07 -0.11063694999999997 -0.10483685999999998 -0.10819005999999998
33.05503154175013 -0.09351334000000003 0.017425370000000016 0.017431019999999995 -3.1e-07 -0.11094399999999997 -0.10537736999999997 -0.10859559999999997
33.05503172379427 -0.09494329000000003 0.016508360000000017 0.016514969999999993 -3.1e-07 -0.11145786999999997 -0.10576523999999997 -0.10905633999999997
33.05503524967924 -0.09478887000000003 0.016802680000000018 0.016809169999999995 -3.1e-07 -0.11159764999999998 -0.10594528999999997 -0.10921310999999997
33.055035315140984 -0.09528716000000002 0.016496990000000017 0.016503819999999995 -3.1e-07 -0.11179058999999998 -0.10607231999999997 -0.10937823999999997
33.05503754715345 -0.09672224000000003 0.015580040000000017 0.015587859999999995 -3.4000000000000003e-07 -0.11230964999999998 -0.10645592999999998 -0.10984017999999997
33.05503761261518 -0.09625010000000003 0.016463060000000015 0.016470429999999994 -3.4000000000000003e-07 -0.11272010999999998 -0.10699682999999997 -0.11030565999999997
33.08061555711551 -0.09419832000000003 0.018884860000000017 0.018889189999999993 -3.4000000000000003e-07 -0.11308708999999999 -0.10727912999999997 -0.11063691999999997
33.080615668959034 -0.09375468000000003 0.01855284000000002 0.01855586999999999 -3.4000000000000003e-07 -0.11231013 -0.10647102999999997 -0.10984681999999997
33.08061573821626 -0.09330758000000003 0.01822074000000002 0.01822252999999999 -3.6000000000000005e-07 -0.11152965 -0.10566744999999997 -0.10905659999999998
33.080615850059786 -0.09125542000000003 0.02064250000000002 0.02064124999999999 -3.4000000000000003e-07 -0.11189621 -0.10594812999999997 -0.10938693999999997
33.08061996968078 -0.09081162000000004 0.02031040000000002 0.02030776999999999 -3.6000000000000005e-07 -0.11111891 -0.10514008999999998 -0.10859667999999997
33.08062008152431 -0.08875252000000004 0.02273218000000002 0.02272636999999999 -3.4000000000000003e-07 -0.11147843 -0.10542174999999998 -0.10892335999999997
33.0806201278476 -0.08669396000000004 0.025154000000000017 0.025145169999999988 -3.4000000000000003e-07 -0.11183869 -0.10570240999999998 -0.10925003999999996
33.08062023969113 -0.08624716000000004 0.024821980000000018 0.02481188999999999 -3.4000000000000003e-07 -0.11105861 -0.10489844999999998 -0.10845989999999997
33.115485972429376 -0.08841112000000005 0.02097122000000002 0.02096560999999999 -3.4000000000000003e-07 -0.10937629 -0.10306078999999997 -0.10671205999999997
33.11548617653301 -0.08843516000000005 0.02082394000000002 0.02081810999999999 -3.4000000000000003e-07 -0.10925283 -0.10308132999999997 -0.10664935999999997
33.11548653100124 -0.08845924000000005 0.02067666000000002 0.020670649999999992 -3.4000000000000003e-07 -0.10912943 -0.10310220999999997 -0.10658683999999997
