28.37513504502633 0.01399716 -0.09096522 0.02323966 -0.01228204 0.00303954 -0.00185984 0.00097262
28.375135233875202 0.02806508 -0.18193076 0.046440579999999995 -0.02451826 0.00614276 -0.00372132 0.0019813599999999997
28.375135400070853 0.04210778 -0.27289614 0.06965942 -0.03677142 0.00921976 -0.005585720000000001 0.0029736999999999997
28.375135588919733 0.05614192 -0.36386112000000004 0.09288152 -0.049026639999999996 0.012287020000000001 -0.007439300000000001 0.00396498
29.56007843455345 0.06223943 -0.40798670000000004 0.10630036999999999 -0.05621597 0.01215501 -0.00977188 0.00290461
29.560078624345717 0.06832368999999999 -0.45459330000000003 0.12020946999999998 -0.06353168 0.01164588 -0.012411700000000001 0.0014966000000000003
29.560079930254787 0.08659128999999999 -0.59441349 0.16191601 -0.08545789999999999 0.01013316 -0.020287780000000002 -0.002700669999999999
29.560080027391493 0.09271684999999999 -0.64101994 0.17579751 -0.0927412 0.00966052 -0.02292657 -0.004087159999999999
29.56008012004705 0.11097655999999999 -0.77339746 0.2160732 -0.11432995 0.00923329 -0.02992293 -0.00728573
29.56008012353528 0.11709013999999998 -0.81752276 0.22949154 -0.12151803 0.00911661 -0.0322751 -0.00834551
29.56008152309283 0.13543003999999997 -0.9498996200000001 0.26975691 -0.14310012 0.00877323 -0.03936317 -0.0115343
29.560081619236612 0.15376057999999998 -1.08971948 0.31143204 -0.16498971 0.00731823 -0.04726148 -0.01570757
30.288215872247488 0.15897656999999998 -1.1003920200000001 0.31714449 -0.16683047 0.00866253 -0.046749160000000005 -0.01471426
30.288216006489915 0.16411812999999997 -1.11212616 0.32282744 -0.16881693 0.01010761 -0.046183980000000006 -0.01364039
30.288217471133393 0.16924240999999998 -1.1238603 0.32851990000000003 -0.17081402 0.01153653 -0.04561664000000001 -0.012574950000000001
30.288217617501537 0.17448140999999998 -1.13453289 0.33422316 -0.17264626000000002 0.01290451 -0.04511715000000001 -0.011573360000000001
30.28821816972169 0.18988442999999997 -1.1697357 0.3512862 -0.17861767000000003 0.0172159 -0.04341729000000001 -0.008363720000000002
30.28821830396412 0.20556305999999996 -1.20175368 0.36839877 -0.18411589000000003 0.02128018 -0.04186839000000001 -0.005360630000000002
30.288219768607597 0.22126373999999996 -1.23377184 0.38551769999999996 -0.18962296000000003 0.025369 -0.040365060000000015 -0.0023625800000000017
30.28821991497574 0.23666288999999996 -1.26897468 0.40256993999999996 -0.19558495000000004 0.0296779 -0.038646840000000016 0.0008533599999999979
30.33165474017396 0.24913562999999997 -1.2834288999999999 0.4168144 -0.19918021000000002 0.03150146 -0.038418500000000015 0.0020039199999999976
30.331654858043883 0.26164236999999996 -1.2978831599999998 0.43103885999999997 -0.20275487000000003 0.03335838 -0.03819560000000002 0.0031714999999999977
30.331655027721414 0.27414612999999993 -1.3123372799999997 0.44525733999999995 -0.20632457000000004 0.03521336 -0.037958100000000015 0.0043440999999999974
30.331655145591338 0.28664886999999994 -1.3267914599999997 0.45948311999999997 -0.20989853000000003 0.03706428 -0.03773052000000002 0.005510179999999997
30.347163317651184 0.28825568999999995 -1.3363524999999996 0.46152617999999995 -0.21277471000000003 0.03950422 -0.03644860000000002 0.007461579999999997
30.347163441557363 0.28981848999999993 -1.3459136599999997 0.46359685999999994 -0.21567903000000002 0.04190066 -0.03516254000000002 0.009389579999999998
30.347167740933806 0.29143226999999994 -1.3554750399999997 0.46563351999999997 -0.21854965 0.044348399999999996 -0.03387010000000002 0.011349919999999998
30.347167964787314 0.29303000999999995 -1.3650363599999997 0.46768474 -0.22143473000000002 0.046779999999999995 -0.03258792000000002 0.013296619999999999
30.80429074046471 0.30363288999999993 -1.3805646799999998 0.47927065999999996 -0.22494875000000003 0.049310999999999994 -0.03164356000000002 0.015158259999999998
30.804290807961785 0.3142288899999999 -1.3960931399999998 0.49086423999999995 -0.22847247000000004 0.05183714 -0.030708620000000023 0.017013099999999996
30.80429704238984 0.3248407299999999 -1.4116214799999998 0.50244068 -0.23197947000000005 0.05437955999999999 -0.029761380000000025 0.018882539999999996
30.804297109886914 0.33543360999999994 -1.4271499199999997 0.51403698 -0.23550767000000006 0.05690433999999999 -0.028829520000000025 0.020735299999999995
30.85946605263808 0.34271130999999994 -1.4269218999999997 0.52013596 -0.23662917000000006 0.05920455999999999 -0.027111040000000024 0.022790099999999994
30.85946633951303 0.35001178999999993 -1.4266937799999997 0.5262206399999999 -0.23774075000000006 0.061531939999999986 -0.025394260000000023 0.024859879999999994
30.85947045310763 0.35731308999999994 -1.4264656399999998 0.53229966 -0.23884145000000007 0.06385493999999999 -0.023669240000000022 0.026930599999999992
30.859470505500255 0.36460926999999993 -1.4262375799999998 0.5383792799999999 -0.23994057000000008 0.06617063999999999 -0.02193782000000002 0.028999799999999992
31.139513081116544 0.3771759499999999 -1.4837584199999998 0.5618266799999999 -0.24930901000000008 0.06465835999999998 -0.026346460000000023 0.026265599999999993
31.634509920023284 0.37994392999999993 -1.5110722999999997 0.5684877799999999 -0.2539056700000001 0.06536189999999999 -0.027231900000000024 0.026298799999999994
31.634510546092223 0.3826842899999999 -1.5383863799999997 0.5751631399999999 -0.2585203100000001 0.06604153999999998 -0.028116820000000025 0.026318379999999995
31.68673722138935 0.3840262099999999 -1.5453836199999997 0.57948662 -0.2614588900000001 0.06599857999999999 -0.028592480000000024 0.026092859999999996
31.68673777135828 0.38533580999999995 -1.5523808799999996 0.58384448 -0.2644375700000001 0.06592899999999999 -0.029097120000000025 0.025839739999999996
31.796122845439704 0.38653112999999995 -1.5577789999999996 0.5773658 -0.2646421100000001 0.07380751999999999 -0.021624180000000024 0.03354716
31.796123213590096 0.38771708999999993 -1.5631766799999995 0.5708913600000001 -0.2648501500000001 0.08167593999999999 -0.014144400000000024 0.04125162
31.904954596838085 0.3897574299999999 -1.5676845599999996 0.5709136400000001 -0.2662742700000001 0.08511811999999999 -0.011430620000000023 0.0443865
31.904954817581075 0.3917432899999999 -1.5721922999999995 0.5709713800000001 -0.2677307100000001 0.08850267999999999 -0.008718820000000023 0.04748724
31.904960263559484 0.3937868899999999 -1.5767000799999995 0.5709896800000002 -0.2691430900000001 0.09194035999999998 -0.006014740000000023 0.05061544
31.904960386140367 0.39585526999999987 -1.5812080199999996 0.5709931000000001 -0.2705491300000001 0.09541135999999999 -0.003315280000000023 0.05376094
31.91159758875885 0.39679348999999986 -1.5853528199999996 0.5724130400000002 -0.27167595000000005 0.09605645999999998 -0.0030667200000000228 0.05423874
31.911597738656383 0.39770172999999986 -1.5894975799999995 0.5738520600000001 -0.27282159000000006 0.09667131999999998 -0.0028051600000000227 0.05470456
31.94133643650654 0.39921828999999986 -1.5962043599999995 0.5714287400000001 -0.2735061100000001 0.10129571999999998 0.0011988799999999777 0.05906724
31.941336504896704 0.40075582999999987 -1.6029113399999995 0.5689974000000001 -0.2741810500000001 0.10593951999999998 0.005204799999999977 0.06344194
32.03033102906378 0.4014549099999999 -1.6106080599999995 0.5666931000000001 -0.2753684700000001 0.11013031999999998 0.008773719999999978 0.06737038000000001
32.030331258744155 0.40364036999999986 -1.6156053799999994 0.5677242600000001 -0.2769307500000001 0.11284691999999998 0.011001779999999978 0.06988088
32.03033194268017 0.40582338999999984 -1.6206025399999995 0.5687332 -0.2784696700000001 0.11555991999999998 0.013276579999999979 0.07240902
32.030332172360545 0.40661954999999983 -1.6282992799999996 0.5663710200000001 -0.2795854700000001 0.11983405999999998 0.01684249999999998 0.07638438
32.03033544025068 0.40891766999999984 -1.6332965599999996 0.56733546 -0.2810712700000001 0.12265351999999997 0.01906215999999998 0.0789508
32.03033555832999 0.40972142999999983 -1.6409930799999997 0.56496672 -0.2821833500000001 0.12693812 0.02262601999999998 0.08293134
32.03033635386707 0.41051594999999985 -1.6486898999999997 0.5625978 -0.28329235000000014 0.13121055999999998 0.026203379999999978 0.08691054000000001
32.03033647194638 0.41279320999999985 -1.6536871199999996 0.5635548 -0.28477653000000014 0.13401499999999997 0.02844185999999998 0.08947622000000001
32.194901952303425 0.41438742999999983 -1.6555129899999996 0.56487467 -0.28548471000000014 0.13499752999999998 0.029056659999999977 0.09030361
32.19490212737735 0.41493085999999985 -1.6588815299999997 0.56353111 -0.2859391800000001 0.13733898999999997 0.031052459999999976 0.09249925
32.19490344800476 0.41653936999999985 -1.6689875699999996 0.55951357 -0.28732062000000014 0.14434647999999997 0.03705143999999998 0.09908128000000001
32.19490362307869 0.42131185999999987 -1.6744652099999997 0.56350414 -0.2894822400000001 0.14729001999999997 0.03885746999999998 0.10154494000000001
32.19490796237623 0.42184554999999985 -1.6778337699999997 0.5621654300000001 -0.28994191000000014 0.14962207999999996 0.04085606999999998 0.10373632000000002
32.194908037974805 0.4234074999999998 -1.6796596299999997 0.56350217 -0.2906673100000001 0.15057268999999995 0.04148085999999998 0.10454948000000001
32.19490945807756 0.42817347999999983 -1.6851373899999997 0.56747972 -0.2928127600000001 0.15350656999999995 0.04331748999999998 0.10702046000000001
32.19490953367614 0.4297438299999998 -1.6952434599999997 0.56348948 -0.2942239900000001 0.16047838999999994 0.04929954999999998 0.11357474000000001
32.39091086270705 0.4364427499999998 -1.6919016199999997 0.5675299 -0.2941146300000001 0.16302752999999995 0.05119822999999998 0.11584946
32.39091111560882 0.44308816999999984 -1.6885595799999997 0.57159844 -0.2940347900000001 0.16552456999999995 0.05309210999999998 0.11809204
32.39091653567297 0.4497736299999998 -1.6852175599999997 0.57565392 -0.2939418500000001 0.16806160999999994 0.054967089999999975 0.12034977999999999
32.39091661826252 0.4567362499999998 -1.6818757799999997 0.57954022 -0.2936447700000001 0.17084084999999993 0.056848169999999976 0.12275009999999999
32.80741845258008 0.45710128999999977 -1.6838449799999997 0.57759769 -0.29370400000000013 0.17320764999999994 0.05893170999999998 0.12499739999999998
32.807418537193854 0.45867231999999974 -1.6852296999999996 0.5791950800000001 -0.2943732100000001 0.17385048999999994 0.05936025999999998 0.12554983999999997
32.80741933473949 0.46023860999999977 -1.6866144399999996 0.5808198600000001 -0.2950689900000001 0.17448777999999995 0.059745109999999976 0.12608062999999997
32.8074194963624 0.4606045399999998 -1.6885837199999996 0.5788812400000001 -0.29513177000000007 0.17685510999999995 0.061821049999999975 0.12832502999999998
32.807419948281414 0.46537951999999977 -1.6927376999999995 0.58369636 -0.29716091000000006 0.17884410999999995 0.06299173999999998 0.12996878999999997
32.807420032895195 0.46643344999999975 -1.6986453899999994 0.57790195 -0.29737418000000004 0.18590574999999995 0.06923443999999998 0.13668494999999997
32.807420830440826 0.46754710999999977 -1.7045533199999994 0.57207166 -0.29754785000000006 0.19302336999999994 0.07546726999999998 0.14342930999999998
32.80742099206374 0.47227069999999977 -1.7087074199999994 0.57690412 -0.2996004500000001 0.19496709999999995 0.07665157999999997 0.14505266999999997
32.93311729347556 0.4684894799999998 -1.7272122999999995 0.57425508 -0.30150641000000006 0.19574087999999995 0.07697103999999996 0.14563478999999996
32.933117469179486 0.4647140799999998 -1.7457172399999994 0.5715979600000001 -0.3034034300000001 0.19651961999999995 0.07729565999999996 0.14622194999999996
33.05502924427593 0.4653628299999998 -1.7473625499999994 0.5719221200000001 -0.3038332800000001 0.19727405999999995 0.07795307999999997 0.14693545999999996
33.055029426320075 0.4669844199999998 -1.7486038499999994 0.57251797 -0.3040235400000001 0.19849005999999994 0.07891465999999997 0.14804412999999997
33.05503154175013 0.4718325399999998 -1.7523279299999994 0.57430513 -0.30459372000000007 0.20212119999999995 0.08182114999999997 0.15136956999999998
33.05503172379427 0.4739989599999998 -1.7572638899999995 0.575149 -0.3057398700000001 0.20458989999999994 0.08377561999999997 0.15362134
33.05503524967924 0.4756073099999998 -1.7585051899999995 0.57575178 -0.3059376900000001 0.20579329999999993 0.08474110999999997 0.15472437
33.055035315140984 0.4763287499999998 -1.7601504599999995 0.5760246200000001 -0.3063111300000001 0.20661533999999993 0.08540167999999997 0.15547829
33.05503754715345 0.4782496499999998 -1.7650863299999995 0.5770032500000001 -0.3076149300000001 0.20886140999999991 0.08737567999999997 0.15760958
33.05503761261518 0.4830833699999998 -1.7688103499999994 0.5787988700000001 -0.30819240000000014 0.21247697999999993 0.09028873999999996 0.16092878
33.08061555711551 0.4873169499999998 -1.7688711299999995 0.5822226500000001 -0.30874826000000016 0.21384263999999992 0.09123549999999997 0.16211772
33.080615668959034 0.4893360099999998 -1.7690289699999995 0.5823481500000001 -0.30879892000000014 0.2157868599999999 0.09271747999999996 0.16386694
33.08061573821626 0.4913635699999998 -1.7691868899999994 0.58247077 -0.30884708000000016 0.21773997999999992 0.09419977999999997 0.16562142
33.080615850059786 0.4956045299999998 -1.7692476099999994 0.58588427 -0.3093913400000002 0.21911171999999993 0.09515795999999997 0.16681868
33.08061996968078 0.4975708899999998 -1.7694054699999995 0.58602583 -0.3094577800000002 0.22100295999999992 0.09668143999999997 0.16855476
33.08062008152431 0.5018873099999999 -1.7694661699999994 0.58940757 -0.3099659200000002 0.22244577999999993 0.09759971999999996 0.16977628
33.0806201278476 0.5061704099999998 -1.7695268699999993 0.59280367 -0.3104921400000002 0.22385901999999994 0.09852351999999996 0.17098304
33.08062023969113 0.5081626699999998 -1.7696846699999993 0.59293619 -0.3105429800000002 0.22576957999999994 0.10003617999999996 0.17272574000000002
33.115485972429376 0.5087415899999999 -1.7735601699999992 0.59017159 -0.3109279200000002 0.22949803999999993 0.10330367999999997 0.17625974000000003
33.11548617653301 0.5110119899999999 -1.7766706299999993 0.59261215 -0.3121182400000002 0.23051819999999992 0.10387451999999997 0.17709034
33.11548653100124 0.5132602899999998 -1.7797811899999993 0.59506225 -0.31331490000000023 0.23151303999999992 0.10444299999999997 0.17790532
