shell0_X0_Y0_Z0_mono0_fix1/shell1_X-1_Y1_Z-1_mono1_fix1/shell1_X-1_Y1_Z0_mono1_fix1//test20tig_AVTZ// DONE 4.689718751012225 4.879876784204481 4.381652121160035 13.95124765637674 2 0.018347467
shell0_X0_Y0_Z0_mono0_fix1/shell1_X0_Y1_Z-1_mono1_fix1/shell1_X0_Y1_Z0_mono1_fix1//test20tig_AVTZ// DONE 4.879875191366439 4.689720349898127 4.381652121160035 13.9512476624246 2 0.020074354
shell0_X0_Y0_Z0_mono0_fix1/shell1_X-1_Y1_Z-1_mono1_fix1/shell1_X0_Y0_Z-1_mono0_fix1//test20tig_AVTZ// DONE 4.689718751012225 4.38165304261412 4.879876784204481 13.951248577830825 4 0.020074349
shell0_X0_Y0_Z0_mono0_fix1/shell1_X0_Y0_Z-1_mono0_fix1/shell1_X0_Y1_Z-1_mono1_fix1//test20tig_AVTZ// DONE 4.38165304261412 4.879875191366439 4.689720349898127 13.951248583878687 4 0.018347426
shell0_X0_Y0_Z0_mono0_fix1/shell1_X-1_Y1_Z-1_mono1_fix1/shell1_X0_Y1_Z-1_mono1_fix1//test20tig_AVTZ// DONE 4.689718751012225 4.879875191366439 4.854291280975464 14.423885223354127 2 0.016163281
shell0_X0_Y0_Z0_mono0_fix1/shell1_X-1_Y0_Z-1_mono1_fix1/shell1_X0_Y0_Z-1_mono1_fix1//test20tig_AVTZ// DONE 4.689718793492955 4.8798752840715265 4.854291280975464 14.423885358539945 2 0.016789994
shell0_X0_Y0_Z0_mono0_fix1/shell1_X-1_Y1_Z-1_mono1_fix1/shell1_X-1_Y0_Z0_mono0_fix1//test20tig_AVTZ// DONE 4.689718751012225 4.854291847385022 4.879875191366439 14.423885789763686 4 0.016789992
shell0_X0_Y0_Z0_mono0_fix1/shell1_X0_Y0_Z-1_mono1_fix1/shell1_X1_Y0_Z0_mono0_fix1//test20tig_AVTZ// DONE 4.8798752840715265 4.854291847385022 4.689718793492955 14.423885924949502 4 0.016163271
shell0_X0_Y0_Z0_mono0_fix1/shell1_X-1_Y0_Z-1_mono0_fix1/shell1_X0_Y0_Z-1_mono0_fix1//test20tig_AVTZ// DONE 6.064820747978854 4.38165304261412 4.854291847385022 15.300765637977996 6 0.011823155
shell0_X0_Y0_Z0_mono0_fix1/shell1_X-1_Y1_Z-1_mono1_fix1/shell1_X0_Y1_Z0_mono1_fix1//test20tig_AVTZ// DONE 4.689718751012225 4.689720349898127 6.064820740141162 15.444259841051514 2 0.010611919
shell0_X0_Y0_Z0_mono0_fix1/shell1_X-1_Y0_Z-1_mono0_fix1/shell1_X-1_Y1_Z-1_mono1_fix1//test20tig_AVTZ// DONE 6.064820747978854 4.689718751012225 4.689720349898127 15.444259848889207 4 0.010611931
shell0_X0_Y0_Z0_mono0_fix1/shell1_X0_Y0_Z-1_mono0_fix1/shell1_X1_Y0_Z-1_mono0_fix1//test20tig_AVTZ// DONE 4.38165304261412 6.602802553139408 4.854291847385022 15.838747443138548 6 0.003141522
shell0_X0_Y0_Z0_mono0_fix1/shell1_X-1_Y0_Z-1_mono1_fix1/shell1_X-1_Y1_Z-1_mono1_fix1//test20tig_AVTZ// DONE 4.689718793492955 4.689718751012225 6.810810873136547 16.190248417641726 2 0.002534165
shell0_X0_Y0_Z0_mono0_fix1/shell1_X-1_Y1_Z-1_mono1_fix1/shell1_X0_Y1_Z0_mono0_fix1//test20tig_AVTZ// DONE 4.689718751012225 6.810811507043177 4.689718793492955 16.190249051548356 4 0.002534179
shell0_X0_Y0_Z0_mono0_fix1/shell1_X0_Y1_Z-1_mono1_fix1/shell1_X-1_Y1_Z0_mono1_fix1//test20tig_AVTZ// DONE 4.879875191366439 4.879876784204481 6.602801743528848 16.36255371909977 2 0.004776656
shell0_X0_Y0_Z0_mono0_fix1/shell1_X0_Y1_Z-1_mono1_fix1/shell1_X1_Y0_Z-1_mono0_fix1//test20tig_AVTZ// DONE 4.879875191366439 6.602802553139408 4.879876784204481 16.362554528710326 4 0.004776658
shell0_X0_Y0_Z0_mono0_fix1/shell1_X-1_Y1_Z-1_mono1_fix1/shell2_X-1_Y1_Z-2_mono1_fix1//test20tig_AVTZ// DONE 4.689718751012225 7.3245438676480985 4.381652121160035 16.39591473982036 2 0.000126034
shell0_X0_Y0_Z0_mono0_fix1/shell1_X-1_Y0_Z-1_mono1_fix1/shell2_X-1_Y0_Z-2_mono1_fix1//test20tig_AVTZ// DONE 4.689718793492955 7.324543907536211 4.381652121160035 16.3959148221892 2 0.002538212
shell0_X0_Y0_Z0_mono0_fix1/shell1_X-1_Y1_Z-1_mono1_fix1/shell1_X0_Y0_Z1_mono0_fix1//test20tig_AVTZ// DONE 4.689718751012225 4.381653042614121 7.3245438676480985 16.395915661274444 4 0.002538216
shell0_X0_Y0_Z0_mono0_fix1/shell1_X-1_Y0_Z-1_mono1_fix1/shell1_X0_Y0_Z1_mono0_fix1//test20tig_AVTZ// DONE 4.689718793492955 4.381653042614121 7.324543907536211 16.395915743643286 4 0.000126034
shell0_X0_Y0_Z0_mono0_fix1/shell1_X0_Y0_Z-1_mono1_fix1/shell1_X0_Y1_Z-1_mono1_fix1//test20tig_AVTZ// DONE 4.8798752840715265 4.879875191366439 6.810810873136547 16.57056134857451 2 0.004599540
shell0_X0_Y0_Z0_mono0_fix1/shell1_X0_Y0_Z-1_mono1_fix1/shell1_X0_Y-1_Z0_mono0_fix1//test20tig_AVTZ// DONE 4.8798752840715265 6.81081150704318 4.879875191366439 16.570561982481145 4 0.004599541
shell0_X0_Y0_Z0_mono0_fix1/shell1_X0_Y1_Z-1_mono1_fix1/shell2_X0_Y1_Z-2_mono1_fix1//test20tig_AVTZ// DONE 4.879875191366439 7.646690156232921 4.381652121160035 16.908217468759396 2 -0.000874024
shell0_X0_Y0_Z0_mono0_fix1/shell1_X0_Y0_Z-1_mono1_fix1/shell2_X0_Y0_Z-2_mono1_fix1//test20tig_AVTZ// DONE 4.8798752840715265 7.646690203091247 4.381652121160035 16.908217608322808 2 -0.001144612
shell0_X0_Y0_Z0_mono0_fix1/shell1_X0_Y0_Z-1_mono0_fix1/shell2_X0_Y1_Z-2_mono1_fix1//test20tig_AVTZ// DONE 4.38165304261412 7.646690156232921 4.879875191366439 16.90821839021348 4 -0.001144615
shell0_X0_Y0_Z0_mono0_fix1/shell1_X0_Y0_Z-1_mono1_fix1/shell1_X0_Y0_Z1_mono0_fix1//test20tig_AVTZ// DONE 4.8798752840715265 4.381653042614121 7.646690203091246 16.908218529776892 4 -0.000874024
shell0_X0_Y0_Z0_mono0_fix1/shell1_X0_Y0_Z-1_mono0_fix1/shell2_X0_Y0_Z-2_mono0_fix1//test20tig_AVTZ// DONE 4.38165304261412 8.293258355384793 4.38165304261412 17.056564440613034 3 -0.007061045
shell0_X0_Y0_Z0_mono0_fix1/shell1_X-1_Y1_Z-1_mono1_fix1/shell2_X-2_Y1_Z-1_mono1_fix1//test20tig_AVTZ// DONE 4.689718751012225 7.9370587750867125 4.854291280975464 17.4810688070744 2 0.001395674
shell0_X0_Y0_Z0_mono0_fix1/shell1_X-1_Y0_Z-1_mono1_fix1/shell2_X-2_Y0_Z-1_mono1_fix1//test20tig_AVTZ// DONE 4.689718793492955 7.937058818163156 4.854291280975464 17.481068892631576 2 -0.001089783
shell0_X0_Y0_Z0_mono0_fix1/shell1_X-1_Y1_Z-1_mono1_fix1/shell1_X1_Y0_Z0_mono0_fix1//test20tig_AVTZ// DONE 4.689718751012225 4.854291847385022 7.9370587750867125 17.481069373483958 4 -0.001089783
shell0_X0_Y0_Z0_mono0_fix1/shell1_X-1_Y0_Z-1_mono1_fix1/shell1_X1_Y0_Z0_mono0_fix1//test20tig_AVTZ// DONE 4.689718793492955 4.854291847385022 7.937058818163156 17.481069459041134 4 0.001395677
shell0_X0_Y0_Z0_mono0_fix1/shell1_X-1_Y0_Z-1_mono1_fix1/shell1_X-1_Y1_Z0_mono1_fix1//test20tig_AVTZ// DONE 4.689718793492955 4.879876784204481 7.9181146796042725 17.487710257301707 2 -0.001065654
shell0_X0_Y0_Z0_mono0_fix1/shell1_X-1_Y1_Z-1_mono1_fix1/shell1_X0_Y1_Z-1_mono0_fix1//test20tig_AVTZ// DONE 4.689718751012225 7.918115177639053 4.879876783261088 17.487710711912367 4 -0.001065647
shell0_X0_Y0_Z0_mono0_fix1/shell1_X-1_Y1_Z-1_mono1_fix1/shell1_X-1_Y0_Z0_mono1_fix1//test20tig_AVTZ// DONE 4.689718751012225 4.879876783261088 7.947853458977189 17.517448993250504 2 -0.001081516
shell0_X0_Y0_Z0_mono0_fix1/shell1_X-1_Y0_Z-1_mono1_fix1/shell1_X0_Y-1_Z-1_mono0_fix1//test20tig_AVTZ// DONE 4.689718793492955 7.94785401225415 4.879876784204481 17.517449589951585 4 -0.001081512
shell0_X0_Y0_Z0_mono0_fix1/shell1_X-1_Y1_Z-1_mono1_fix1/shell1_X0_Y0_Z-1_mono1_fix1//test20tig_AVTZ// DONE 4.689718751012225 4.8798752840715265 8.16589350495135 17.735487540035102 2 -0.000213706
shell0_X0_Y0_Z0_mono0_fix1/shell1_X-1_Y0_Z-1_mono1_fix1/shell1_X-1_Y-1_Z0_mono0_fix1//test20tig_AVTZ// DONE 4.689718793492955 8.165893982210706 4.879875191366439 17.7354879670701 4 -0.000213712
shell0_X0_Y0_Z0_mono0_fix1/shell1_X-1_Y0_Z-1_mono1_fix1/shell1_X0_Y1_Z-1_mono1_fix1//test20tig_AVTZ// DONE 4.689718793492955 4.879875191366439 8.275279052957368 17.84487303781676 2 -0.001051233
shell0_X0_Y0_Z0_mono0_fix1/shell1_X-1_Y1_Z-1_mono1_fix1/shell1_X-1_Y1_Z0_mono0_fix1//test20tig_AVTZ// DONE 4.689718751012225 8.27527950048686 4.879875284071528 17.844873535570613 4 -0.001051231
shell0_X0_Y0_Z0_mono0_fix1/shell1_X0_Y1_Z-1_mono1_fix1/shell1_X1_Y1_Z-1_mono1_fix1//test20tig_AVTZ// DONE 4.879875191366439 8.232858600601466 4.854291280975464 17.96702507294337 2 -0.002282273
shell0_X0_Y0_Z0_mono0_fix1/shell1_X0_Y0_Z-1_mono1_fix1/shell1_X1_Y0_Z-1_mono1_fix1//test20tig_AVTZ// DONE 4.8798752840715265 8.232858625612332 4.854291280975464 17.96702519065932 2 -0.000057240
shell0_X0_Y0_Z0_mono0_fix1/shell1_X0_Y1_Z-1_mono1_fix1/shell1_X-1_Y0_Z0_mono0_fix1//test20tig_AVTZ// DONE 4.879875191366439 4.854291847385022 8.232858600601466 17.967025639352926 4 -0.000057243
shell0_X0_Y0_Z0_mono0_fix1/shell1_X0_Y0_Z-1_mono1_fix1/shell1_X-1_Y0_Z0_mono0_fix1//test20tig_AVTZ// DONE 4.8798752840715265 4.854291847385022 8.232858625612332 17.967025757068882 4 -0.002282286
shell0_X0_Y0_Z0_mono0_fix1/shell1_X0_Y1_Z-1_mono1_fix1/shell2_X-1_Y1_Z-2_mono1_fix1//test20tig_AVTZ// DONE 4.879875191366439 7.3245438676480985 6.064820740141162 18.2692397991557 2 0.002453624
shell0_X0_Y0_Z0_mono0_fix1/shell1_X-1_Y0_Z-1_mono0_fix1/shell2_X-1_Y1_Z-2_mono1_fix1//test20tig_AVTZ// DONE 6.064820747978854 7.3245438676480985 4.879875191366439 18.26923980699339 4 0.002014724
shell0_X0_Y0_Z0_mono0_fix1/shell1_X0_Y0_Z-1_mono1_fix1/shell2_X-1_Y0_Z-2_mono1_fix1//test20tig_AVTZ// DONE 4.8798752840715265 7.324543907536211 6.064820740141162 18.2692399317489 2 0.002014723
shell0_X0_Y0_Z0_mono0_fix1/shell1_X-1_Y0_Z-1_mono0_fix1/shell2_X-1_Y0_Z-2_mono1_fix1//test20tig_AVTZ// DONE 6.064820747978854 7.324543907536211 4.8798752840715265 18.26923993958659 4 0.002453628
shell0_X0_Y0_Z0_mono0_fix1/shell0_X0_Y0_Z0_mono1_fix1/shell1_X-1_Y1_Z-1_mono1_fix1//test20tig_AVTZ// DONE 4.689720404504576 4.689718751012225 8.971985126694959 18.35142428221176 1 -0.005200848
shell0_X0_Y0_Z0_mono0_fix1/shell1_X1_Y1_Z1_mono0_fix1/shell1_X0_Y1_Z0_mono1_fix1//test20tig_AVTZ// DONE 8.971985427673124 4.689720349898127 4.689718793492955 18.351424571064204 2 -0.005200870
shell0_X0_Y0_Z0_mono0_fix1/shell1_X-1_Y0_Z-1_mono1_fix1/shell1_X0_Y1_Z0_mono1_fix1//test20tig_AVTZ// DONE 4.689718793492955 4.689720349898127 9.035176903288958 18.414616046680038 1 -0.003739697
shell0_X0_Y0_Z0_mono0_fix1/shell0_X0_Y0_Z0_mono1_fix1/shell1_X1_Y-1_Z1_mono0_fix1//test20tig_AVTZ// DONE 4.689720404504576 9.035177165497888 4.689718751012225 18.41461632101469 2 -0.003739698
shell0_X0_Y0_Z0_mono0_fix1/shell1_X0_Y1_Z-1_mono1_fix1/shell1_X1_Y1_Z0_mono1_fix1//test20tig_AVTZ// DONE 4.879875191366439 7.937059651198265 6.064820740141162 18.881755582705864 2 0.001577058
shell0_X0_Y0_Z0_mono0_fix1/shell1_X1_Y0_Z1_mono0_fix1/shell1_X1_Y1_Z0_mono1_fix1//test20tig_AVTZ// DONE 6.064820747978854 7.937059651198265 4.879875191366439 18.881755590543555 4 0.001428880
shell0_X0_Y0_Z0_mono0_fix1/shell1_X0_Y0_Z-1_mono1_fix1/shell1_X1_Y0_Z0_mono1_fix1//test20tig_AVTZ// DONE 4.8798752840715265 7.937059665509641 6.064820740141162 18.88175568972233 2 0.001428876
shell0_X0_Y0_Z0_mono0_fix1/shell1_X-1_Y0_Z-1_mono0_fix1/shell1_X0_Y0_Z-1_mono1_fix1//test20tig_AVTZ// DONE 6.064820747978854 4.8798752840715265 7.937059665509641 18.88175569756002 4 0.001577058
shell0_X0_Y0_Z0_mono0_fix1/shell1_X-1_Y1_Z-1_mono1_fix1/shell2_X0_Y1_Z-2_mono1_fix1//test20tig_AVTZ// DONE 4.689718751012225 7.646690156232921 6.602801743528848 18.939210650773994 2 0.001369126
shell0_X0_Y0_Z0_mono0_fix1/shell1_X-1_Y0_Z-1_mono1_fix1/shell2_X0_Y0_Z-2_mono1_fix1//test20tig_AVTZ// DONE 4.689718793492955 7.646690203091247 6.602801743528848 18.93921074011305 2 0.001571634
shell0_X0_Y0_Z0_mono0_fix1/shell1_X-1_Y1_Z-1_mono1_fix1/shell1_X-1_Y0_Z1_mono0_fix1//test20tig_AVTZ// DONE 4.689718751012225 6.602802553139408 7.646690156232921 18.939211460384556 4 0.001571632
shell0_X0_Y0_Z0_mono0_fix1/shell1_X-1_Y0_Z-1_mono1_fix1/shell1_X-1_Y0_Z1_mono0_fix1//test20tig_AVTZ// DONE 4.689718793492955 6.602802553139408 7.646690203091246 18.93921154972361 4 0.001369126
shell0_X0_Y0_Z0_mono0_fix1/shell1_X0_Y0_Z-1_mono1_fix1/shell1_X-1_Y1_Z0_mono1_fix1//test20tig_AVTZ// DONE 4.8798752840715265 4.879876784204481 9.29549001807212 19.05524208634813 1 -0.003722809
shell0_X0_Y0_Z0_mono0_fix1/shell1_X0_Y1_Z-1_mono1_fix1/shell1_X1_Y1_Z-1_mono0_fix1//test20tig_AVTZ// DONE 4.879875191366439 9.295490539077504 4.879876783261088 19.055242513705032 2 -0.003722819
shell0_X0_Y0_Z0_mono0_fix1/shell1_X-1_Y0_Z0_mono0_fix1/shell2_X-2_Y0_Z0_mono0_fix1//test20tig_AVTZ// DONE 4.854291847385022 9.361506889970098 4.854291847385022 19.07009058474014 3 -0.003507637
shell0_X0_Y0_Z0_mono0_fix1/shell1_X0_Y0_Z-1_mono0_fix1/shell1_X0_Y1_Z-1_mono0_fix1//test20tig_AVTZ// DONE 4.38165304261412 7.918115177639053 6.810811507043177 19.11057972729635 6 0.001486836
shell0_X0_Y0_Z0_mono0_fix1/shell1_X0_Y-1_Z-1_mono0_fix1/shell1_X0_Y0_Z-1_mono0_fix1//test20tig_AVTZ// DONE 7.94785401225415 4.38165304261412 6.810811507043177 19.140318561911446 6 0.001233408
shell0_X0_Y0_Z0_mono0_fix1/shell1_X0_Y1_Z-1_mono1_fix1/shell1_X-1_Y0_Z0_mono1_fix1//test20tig_AVTZ// DONE 4.879875191366439 4.879876783261088 9.38737296522935 19.147124939856877 1 -0.002269843
shell0_X0_Y0_Z0_mono0_fix1/shell1_X0_Y0_Z-1_mono1_fix1/shell1_X1_Y-1_Z-1_mono0_fix1//test20tig_AVTZ// DONE 4.8798752840715265 9.3873734873741 4.879876784204481 19.147125555650106 2 -0.002269841
shell0_X0_Y0_Z0_mono0_fix1/shell1_X-1_Y1_Z-1_mono1_fix1/shell2_X-2_Y1_Z0_mono1_fix1//test20tig_AVTZ// DONE 4.689718751012225 8.232859489005401 6.602801743528848 19.525379983546472 2 0.001065712
shell0_X0_Y0_Z0_mono0_fix1/shell1_X-1_Y0_Z-1_mono1_fix1/shell2_X-2_Y0_Z0_mono1_fix1//test20tig_AVTZ// DONE 4.689718793492955 8.232859518875284 6.602801743528848 19.525380055897084 2 0.001158080
shell0_X0_Y0_Z0_mono0_fix1/shell1_X-1_Y1_Z-1_mono1_fix1/shell1_X1_Y0_Z-1_mono0_fix1//test20tig_AVTZ// DONE 4.689718751012225 6.602802553139408 8.232859489005401 19.525380793157034 4 0.001158079
shell0_X0_Y0_Z0_mono0_fix1/shell1_X-1_Y0_Z-1_mono1_fix1/shell1_X1_Y0_Z-1_mono0_fix1//test20tig_AVTZ// DONE 4.689718793492955 6.602802553139408 8.232859518875284 19.525380865507646 4 0.001065712
shell0_X0_Y0_Z0_mono0_fix1/shell1_X-1_Y0_Z-1_mono0_fix1/shell1_X0_Y0_Z1_mono0_fix1//test20tig_AVTZ// DONE 6.064820747978854 4.381653042614121 9.153763844015145 19.60023763460812 6 -0.000568931
shell0_X0_Y0_Z0_mono0_fix1/shell2_X-1_Y1_Z-2_mono1_fix1/shell2_X0_Y1_Z-2_mono1_fix1//test20tig_AVTZ// DONE 7.3245438676480985 7.646690156232921 4.854291280975464 19.825525304856484 2 0.001061846
shell0_X0_Y0_Z0_mono0_fix1/shell2_X-1_Y0_Z-2_mono1_fix1/shell2_X0_Y0_Z-2_mono1_fix1//test20tig_AVTZ// DONE 7.324543907536211 7.646690203091247 4.854291280975464 19.825525391602923 2 0.001141275
shell0_X0_Y0_Z0_mono0_fix1/shell1_X-1_Y0_Z0_mono0_fix1/shell2_X-1_Y1_Z-2_mono1_fix1//test20tig_AVTZ// DONE 4.854291847385022 7.3245438676480985 7.646690156232921 19.82552587126604 4 0.001141276
shell0_X0_Y0_Z0_mono0_fix1/shell1_X-1_Y0_Z0_mono0_fix1/shell2_X-1_Y0_Z-2_mono1_fix1//test20tig_AVTZ// DONE 4.854291847385022 7.324543907536211 7.646690203091247 19.82552595801248 4 0.001061847
shell0_X0_Y0_Z0_mono0_fix1/shell1_X-1_Y-1_Z0_mono0_fix1/shell1_X-1_Y0_Z0_mono0_fix1//test20tig_AVTZ// DONE 8.165893982210706 4.854291847385022 6.810811507043177 19.830997336638905 6 0.001347505
shell0_X0_Y0_Z0_mono0_fix1/shell1_X-1_Y1_Z-1_mono1_fix1/shell2_X-1_Y0_Z-2_mono1_fix1//test20tig_AVTZ// DONE 4.689718751012225 7.324543907536211 7.918114679604272 19.93237733815271 2 0.001084588
shell0_X0_Y0_Z0_mono0_fix1/shell1_X0_Y1_Z-1_mono0_fix1/shell2_X-1_Y1_Z-2_mono1_fix1//test20tig_AVTZ// DONE 7.918115177639053 7.3245438676480985 4.689718793492955 19.932377838780106 4 0.001084588
shell0_X0_Y0_Z0_mono0_fix1/shell1_X-1_Y0_Z0_mono0_fix1/shell1_X-1_Y1_Z0_mono0_fix1//test20tig_AVTZ// DONE 4.854291847385022 8.27527950048686 6.810811507043177 19.940382854915057 6 0.000493234
shell0_X0_Y0_Z0_mono0_fix1/shell1_X-1_Y0_Z-1_mono1_fix1/shell2_X-1_Y1_Z-2_mono1_fix1//test20tig_AVTZ// DONE 4.689718793492955 7.3245438676480985 7.947853458977189 19.962116120118242 2 0.000974583
shell0_X0_Y0_Z0_mono0_fix1/shell1_X-1_Y1_Z-1_mono1_fix1/shell1_X0_Y1_Z1_mono0_fix1//test20tig_AVTZ// DONE 4.689718751012225 7.947854012254151 7.324543907536211 19.962116670802587 4 0.000974583
shell0_X0_Y0_Z0_mono0_fix1/shell1_X-1_Y1_Z-1_mono1_fix1/shell2_X-2_Y1_Z-2_mono1_fix1//test20tig_AVTZ// DONE 4.689718751012225 9.573570512557703 6.064820740141162 20.32811000371109 2 -0.000385577
shell0_X0_Y0_Z0_mono0_fix1/shell1_X-1_Y1_Z-1_mono1_fix1/shell1_X1_Y0_Z1_mono0_fix1//test20tig_AVTZ// DONE 4.689718751012225 6.064820747978854 9.573570512557703 20.32811001154878 4 -0.000957045
shell0_X0_Y0_Z0_mono0_fix1/shell1_X-1_Y0_Z-1_mono1_fix1/shell2_X-2_Y0_Z-2_mono1_fix1//test20tig_AVTZ// DONE 4.689718793492955 9.573570545117207 6.064820740141162 20.328110078751322 2 -0.000957041
shell0_X0_Y0_Z0_mono0_fix1/shell1_X-1_Y0_Z-1_mono0_fix1/shell2_X-2_Y0_Z-2_mono1_fix1//test20tig_AVTZ// DONE 6.064820747978854 9.573570545117207 4.689718793492955 20.328110086589014 4 -0.000385578
shell0_X0_Y0_Z0_mono0_fix1/shell1_X0_Y1_Z-1_mono1_fix1/shell2_X0_Y0_Z-2_mono1_fix1//test20tig_AVTZ// DONE 4.879875191366439 7.646690203091247 7.918114679604272 20.44468007406196 2 0.000851028
shell0_X0_Y0_Z0_mono0_fix1/shell1_X0_Y1_Z-1_mono0_fix1/shell2_X0_Y1_Z-2_mono1_fix1//test20tig_AVTZ// DONE 7.918115177639053 7.646690156232921 4.8798752840715265 20.4446806179435 4 0.000851027
shell0_X0_Y0_Z0_mono0_fix1/shell1_X0_Y0_Z-1_mono1_fix1/shell2_X0_Y1_Z-2_mono1_fix1//test20tig_AVTZ// DONE 4.8798752840715265 7.646690156232921 7.947853458977189 20.474418899281638 2 0.000811133
shell0_X0_Y0_Z0_mono0_fix1/shell1_X0_Y1_Z-1_mono1_fix1/shell1_X0_Y1_Z1_mono0_fix1//test20tig_AVTZ// DONE 4.879875191366439 7.947854012254151 7.646690203091246 20.474419406711835 4 0.000811134
shell0_X0_Y0_Z0_mono0_fix1/shell1_X-1_Y1_Z0_mono1_fix1/shell2_X-1_Y1_Z-2_mono1_fix1//test20tig_AVTZ// DONE 4.879876784204481 7.3245438676480985 8.293257900440306 20.497678552292886 2 0.000739256
shell0_X0_Y0_Z0_mono0_fix1/shell1_X-1_Y0_Z0_mono1_fix1/shell2_X-1_Y0_Z-2_mono1_fix1//test20tig_AVTZ// DONE 4.879876783261088 7.324543907536211 8.293257900440306 20.497678591237605 2 0.000708478
shell0_X0_Y0_Z0_mono0_fix1/shell2_X-1_Y1_Z-2_mono1_fix1/shell2_X0_Y0_Z-2_mono0_fix1//test20tig_AVTZ// DONE 7.3245438676480985 8.293258355384793 4.879876784204481 20.497679007237373 4 0.000708478
shell0_X0_Y0_Z0_mono0_fix1/shell1_X-1_Y0_Z0_mono1_fix1/shell2_X0_Y0_Z2_mono0_fix1//test20tig_AVTZ// DONE 4.879876783261088 8.293258355384795 7.324543907536211 20.497679046182093 4 0.000739256
shell0_X0_Y0_Z0_mono0_fix1/shell1_X1_Y1_Z-1_mono1_fix1/shell1_X1_Y1_Z0_mono1_fix1//test20tig_AVTZ// DONE 8.232858600601466 7.937059651198265 4.381652121160035 20.551570372959763 2 0.000914177
shell0_X0_Y0_Z0_mono0_fix1/shell2_X-2_Y1_Z-1_mono1_fix1/shell2_X-2_Y1_Z0_mono1_fix1//test20tig_AVTZ// DONE 7.9370587750867125 8.232859489005401 4.381652121160035 20.55157038525215 2 0.000781954
shell0_X0_Y0_Z0_mono0_fix1/shell1_X0_Y0_Z-1_mono0_fix1/shell1_X1_Y1_Z-1_mono1_fix1//test20tig_AVTZ// DONE 4.38165304261412 8.232858600601466 7.937059651198265 20.55157129441385 4 0.000781954
shell0_X0_Y0_Z0_mono0_fix1/shell1_X0_Y0_Z1_mono0_fix1/shell2_X-2_Y1_Z0_mono1_fix1//test20tig_AVTZ// DONE 4.381653042614121 8.232859489005401 7.9370587750867125 20.551571306706233 4 0.000914175
shell0_X0_Y0_Z0_mono0_fix1/shell1_X0_Y1_Z0_mono1_fix1/shell2_X0_Y1_Z-2_mono1_fix1//test20tig_AVTZ// DONE 4.689720349898127 7.646690156232921 8.293257900440306 20.629668406571355 2 0.000786433
shell0_X0_Y0_Z0_mono0_fix1/shell0_X0_Y0_Z0_mono1_fix1/shell2_X0_Y0_Z-2_mono1_fix1//test20tig_AVTZ// DONE 4.689720404504576 7.646690203091247 8.293257900440306 20.62966850803613 2 0.000772308
shell0_X0_Y0_Z0_mono0_fix1/shell1_X0_Y1_Z0_mono1_fix1/shell2_X0_Y0_Z2_mono0_fix1//test20tig_AVTZ// DONE 4.689720349898127 8.293258355384795 7.646690156232921 20.629668861515842 4 0.000772309
shell0_X0_Y0_Z0_mono0_fix1/shell0_X0_Y0_Z0_mono1_fix1/shell2_X0_Y0_Z2_mono0_fix1//test20tig_AVTZ// DONE 4.689720404504576 8.293258355384795 7.646690203091246 20.629668962980617 4 0.000786432
shell0_X0_Y0_Z0_mono0_fix1/shell1_X0_Y0_Z-1_mono0_fix1/shell1_X-1_Y0_Z1_mono0_fix1//test20tig_AVTZ// DONE 4.38165304261412 6.602802553139408 9.80780491502408 20.79226051077761 6 -0.000674071
shell0_X0_Y0_Z0_mono0_fix1/shell1_X-1_Y0_Z-1_mono1_fix1/shell2_X-2_Y1_Z-1_mono1_fix1//test20tig_AVTZ// DONE 4.689718793492955 7.9370587750867125 8.16589350495135 20.792671073531018 2 0.000945943
shell0_X0_Y0_Z0_mono0_fix1/shell1_X-1_Y1_Z-1_mono1_fix1/shell1_X1_Y1_Z0_mono0_fix1//test20tig_AVTZ// DONE 4.689718751012225 8.165893982210706 7.937058818163156 20.792671551386086 4 0.000945942
shell0_X0_Y0_Z0_mono0_fix1/shell1_X-1_Y0_Z-1_mono0_fix1/shell2_X-2_Y0_Z-1_mono0_fix1//test20tig_AVTZ// DONE 6.064820747978854 9.903259070833585 4.854291847385022 20.82237166619746 6 -0.000563898
shell0_X0_Y0_Z0_mono0_fix1/shell1_X-1_Y1_Z-1_mono1_fix1/shell2_X-2_Y0_Z-1_mono1_fix1//test20tig_AVTZ// DONE 4.689718751012225 7.937058818163156 8.275279052957368 20.902056622132747 2 0.000606864
shell0_X0_Y0_Z0_mono0_fix1/shell1_X-1_Y0_Z-1_mono1_fix1/shell1_X1_Y-1_Z0_mono0_fix1//test20tig_AVTZ// DONE 4.689718793492955 8.27527950048686 7.9370587750867125 20.902057069066526 4 0.000606864
shell0_X0_Y0_Z0_mono0_fix1/shell1_X-1_Y0_Z-1_mono0_fix1/shell1_X-1_Y0_Z1_mono0_fix1//test20tig_AVTZ// DONE 6.064820747978854 6.602802553139408 8.293258355384795 20.960881656503055 6 0.000565688
shell0_X0_Y0_Z0_mono0_fix1/shell1_X0_Y1_Z0_mono1_fix1/shell2_X-1_Y1_Z-2_mono1_fix1//test20tig_AVTZ// DONE 4.689720349898127 7.3245438676480985 9.153763740124077 21.168027957670304 2 0.000455755
shell0_X0_Y0_Z0_mono0_fix1/shell0_X0_Y0_Z0_mono1_fix1/shell2_X-1_Y0_Z-2_mono1_fix1//test20tig_AVTZ// DONE 4.689720404504576 7.324543907536211 9.153763740124077 21.168028052164864 2 0.000515278
shell0_X0_Y0_Z0_mono0_fix1/shell1_X0_Y1_Z0_mono1_fix1/shell2_X1_Y0_Z2_mono0_fix1//test20tig_AVTZ// DONE 4.689720349898127 9.153763844015145 7.3245438676480985 21.168028061561373 4 0.000515280
shell0_X0_Y0_Z0_mono0_fix1/shell0_X0_Y0_Z0_mono1_fix1/shell2_X1_Y0_Z2_mono0_fix1//test20tig_AVTZ// DONE 4.689720404504576 9.153763844015145 7.324543907536211 21.168028156055932 4 0.000455757
shell0_X0_Y0_Z0_mono0_fix1/shell1_X0_Y0_Z-1_mono1_fix1/shell2_X-1_Y1_Z-2_mono1_fix1//test20tig_AVTZ// DONE 4.8798752840715265 7.3245438676480985 8.971985126694959 21.176404278414584 2 0.000648380
shell0_X0_Y0_Z0_mono0_fix1/shell1_X-1_Y-1_Z-1_mono0_fix1/shell2_X-1_Y0_Z-2_mono1_fix1//test20tig_AVTZ// DONE 8.971985427673124 7.324543907536211 4.879875191366439 21.176404526575773 4 0.000648381
shell0_X0_Y0_Z0_mono0_fix1/shell1_X0_Y1_Z-1_mono1_fix1/shell2_X-1_Y0_Z-2_mono1_fix1//test20tig_AVTZ// DONE 4.879875191366439 7.324543907536211 9.035176903288958 21.23959600219161 2 0.000403395
shell0_X0_Y0_Z0_mono0_fix1/shell1_X-1_Y1_Z-1_mono0_fix1/shell2_X-1_Y1_Z-2_mono1_fix1//test20tig_AVTZ// DONE 9.035177165497888 7.3245438676480985 4.8798752840715265 21.239596317217515 4 0.000403396
shell0_X0_Y0_Z0_mono0_fix1/shell1_X0_Y1_Z-1_mono1_fix1/shell1_X1_Y0_Z-1_mono1_fix1//test20tig_AVTZ// DONE 4.879875191366439 8.232858625612332 8.16589350495135 21.278627321930124 2 0.000723807
shell0_X0_Y0_Z0_mono0_fix1/shell1_X0_Y0_Z-1_mono1_fix1/shell1_X-1_Y-1_Z0_mono0_fix1//test20tig_AVTZ// DONE 4.8798752840715265 8.165893982210706 8.232858600601466 21.278627866883696 4 0.000723807
shell0_X0_Y0_Z0_mono0_fix1/shell1_X0_Y0_Z-1_mono1_fix1/shell1_X1_Y1_Z-1_mono1_fix1//test20tig_AVTZ// DONE 4.8798752840715265 8.232858600601466 8.275279052957368 21.388012937630357 2 0.000510565
shell0_X0_Y0_Z0_mono0_fix1/shell1_X1_Y0_Z-1_mono1_fix1/shell1_X1_Y-1_Z0_mono0_fix1//test20tig_AVTZ// DONE 8.232858625612332 8.27527950048686 4.879875191366439 21.388013317465628 4 0.000510566
shell0_X0_Y0_Z0_mono0_fix1/shell2_X-1_Y0_Z-2_mono1_fix1/shell2_X-1_Y1_Z-2_mono1_fix1//test20tig_AVTZ// DONE 7.324543907536211 7.3245438676480985 6.810810873136547 21.459898648320856 2 0.000497060
shell0_X0_Y0_Z0_mono0_fix1/shell1_X0_Y1_Z0_mono0_fix1/shell2_X-1_Y1_Z-2_mono1_fix1//test20tig_AVTZ// DONE 6.810811507043177 7.3245438676480985 7.324543907536211 21.459899282227486 4 0.000497059
shell0_X0_Y0_Z0_mono0_fix1/shell1_X-1_Y-1_Z-1_mono0_fix1/shell1_X0_Y0_Z-1_mono0_fix1//test20tig_AVTZ// DONE 8.971985427673124 4.38165304261412 8.165893982210706 21.51953245249795 6 0.000579522
shell0_X0_Y0_Z0_mono0_fix1/shell1_X-1_Y1_Z-1_mono1_fix1/shell2_X0_Y0_Z-2_mono1_fix1//test20tig_AVTZ// DONE 4.689718751012225 7.646690203091247 9.29549001807212 21.63189897217559 2 0.000511703
shell0_X0_Y0_Z0_mono0_fix1/shell1_X-1_Y0_Z-1_mono1_fix1/shell1_X-1_Y-1_Z1_mono0_fix1//test20tig_AVTZ// DONE 4.689718793492955 9.295490539077504 7.646690156232921 21.63189948880338 4 0.000511703
shell0_X0_Y0_Z0_mono0_fix1/shell1_X-1_Y1_Z-1_mono0_fix1/shell1_X0_Y0_Z-1_mono0_fix1//test20tig_AVTZ// DONE 9.035177165497888 4.38165304261412 8.27527950048686 21.69210970859887 6 0.000515701
shell0_X0_Y0_Z0_mono0_fix1/shell1_X-1_Y0_Z-1_mono1_fix1/shell2_X0_Y1_Z-2_mono1_fix1//test20tig_AVTZ// DONE 4.689718793492955 7.646690156232921 9.38737296522935 21.723781914955225 2 0.000273799
shell0_X0_Y0_Z0_mono0_fix1/shell1_X-1_Y1_Z-1_mono1_fix1/shell1_X-1_Y1_Z1_mono0_fix1//test20tig_AVTZ// DONE 4.689718751012225 9.3873734873741 7.646690203091246 21.72378244147757 4 0.000273799
shell0_X0_Y0_Z0_mono0_fix1/shell2_X-2_Y1_Z-2_mono1_fix1/shell2_X-1_Y1_Z-2_mono1_fix1//test20tig_AVTZ// DONE 9.573570512557703 7.3245438676480985 4.854291280975464 21.752405661181264 2 0.000406967
shell0_X0_Y0_Z0_mono0_fix1/shell2_X-2_Y0_Z-2_mono1_fix1/shell2_X-1_Y0_Z-2_mono1_fix1//test20tig_AVTZ// DONE 9.573570545117207 7.324543907536211 4.854291280975464 21.75240573362888 2 0.000311907
shell0_X0_Y0_Z0_mono0_fix1/shell1_X-1_Y0_Z0_mono0_fix1/shell2_X-2_Y1_Z-2_mono1_fix1//test20tig_AVTZ// DONE 4.854291847385022 9.573570512557703 7.3245438676480985 21.752406227590825 4 0.000311907
shell0_X0_Y0_Z0_mono0_fix1/shell1_X-1_Y0_Z0_mono0_fix1/shell2_X-2_Y0_Z-2_mono1_fix1//test20tig_AVTZ// DONE 4.854291847385022 9.573570545117207 7.324543907536211 21.752406300038437 4 0.000406968
shell0_X0_Y0_Z0_mono0_fix1/shell1_X0_Y1_Z-1_mono1_fix1/shell2_X1_Y1_Z-2_mono1_fix1//test20tig_AVTZ// DONE 4.879875191366439 10.272462453065986 6.602801743528848 21.755139387961272 2 -0.000463419
shell0_X0_Y0_Z0_mono0_fix1/shell1_X0_Y0_Z-1_mono1_fix1/shell2_X1_Y0_Z-2_mono1_fix1//test20tig_AVTZ// DONE 4.8798752840715265 10.272462479830054 6.602801743528848 21.755139507430428 2 -0.000248047
shell0_X0_Y0_Z0_mono0_fix1/shell1_X0_Y1_Z-1_mono1_fix1/shell1_X-1_Y0_Z1_mono0_fix1//test20tig_AVTZ// DONE 4.879875191366439 6.602802553139408 10.272462453065986 21.755140197571833 4 -0.000248047
shell0_X0_Y0_Z0_mono0_fix1/shell1_X0_Y0_Z-1_mono1_fix1/shell1_X-1_Y0_Z1_mono0_fix1//test20tig_AVTZ// DONE 4.8798752840715265 6.602802553139408 10.272462479830054 21.75514031704099 4 -0.000463419
shell0_X0_Y0_Z0_mono0_fix1/shell1_X-1_Y-1_Z-1_mono0_fix1/shell1_X0_Y-1_Z-1_mono0_fix1//test20tig_AVTZ// DONE 8.971985427673124 7.94785401225415 4.854291847385022 21.774131287312294 6 0.000565183
shell0_X0_Y0_Z0_mono0_fix1/shell1_X0_Y1_Z-1_mono1_fix1/shell1_X1_Y0_Z0_mono1_fix1//test20tig_AVTZ// DONE 4.879875191366439 7.937059665509641 8.971985126694959 21.78891998357104 2 0.000499445
shell0_X0_Y0_Z0_mono0_fix1/shell1_X-1_Y-1_Z-1_mono0_fix1/shell1_X0_Y0_Z-1_mono1_fix1//test20tig_AVTZ// DONE 8.971985427673124 4.8798752840715265 7.937059651198265 21.788920362942914 4 0.000499445
shell0_X0_Y0_Z0_mono0_fix1/shell1_X-1_Y1_Z-1_mono0_fix1/shell1_X0_Y1_Z-1_mono0_fix1//test20tig_AVTZ// DONE 9.035177165497888 7.918115177639053 4.854291847385022 21.80758419052196 6 0.000365294
shell0_X0_Y0_Z0_mono0_fix1/shell1_X0_Y0_Z-1_mono0_fix1/shell1_X1_Y1_Z-1_mono0_fix1//test20tig_AVTZ// DONE 4.38165304261412 9.295490539077504 8.165893982210706 21.843037563902328 6 0.000433028
shell0_X0_Y0_Z0_mono0_fix1/shell1_X-1_Y-1_Z-1_mono0_fix1/shell1_X-1_Y0_Z-1_mono0_fix1//test20tig_AVTZ// DONE 8.971985427673124 6.064820747978854 6.810811507043177 21.847617682695155 6 0.000452973
shell0_X0_Y0_Z0_mono0_fix1/shell1_X0_Y0_Z-1_mono1_fix1/shell1_X1_Y1_Z0_mono1_fix1//test20tig_AVTZ// DONE 4.8798752840715265 7.937059651198265 9.035176903288958 21.85211183855875 2 0.000374263
shell0_X0_Y0_Z0_mono0_fix1/shell1_X1_Y-1_Z1_mono0_fix1/shell1_X1_Y0_Z0_mono1_fix1//test20tig_AVTZ// DONE 9.035177165497888 7.937059665509641 4.879875191366439 21.852112022373966 4 0.000374264
shell0_X0_Y0_Z0_mono0_fix1/shell2_X-1_Y1_Z-2_mono1_fix1/shell2_X-2_Y1_Z-1_mono1_fix1//test20tig_AVTZ// DONE 7.3245438676480985 7.9370587750867125 6.602801743528848 21.864404386263658 2 0.000411706
shell0_X0_Y0_Z0_mono0_fix1/shell2_X-1_Y0_Z-2_mono1_fix1/shell2_X-2_Y0_Z-1_mono1_fix1//test20tig_AVTZ// DONE 7.324543907536211 7.937058818163156 6.602801743528848 21.864404469228216 2 0.000439428
shell0_X0_Y0_Z0_mono0_fix1/shell1_X1_Y0_Z-1_mono0_fix1/shell2_X-1_Y1_Z-2_mono1_fix1//test20tig_AVTZ// DONE 6.602802553139408 7.3245438676480985 7.9370587750867125 21.86440519587422 4 0.000439428
shell0_X0_Y0_Z0_mono0_fix1/shell1_X1_Y0_Z-1_mono0_fix1/shell2_X-1_Y0_Z-2_mono1_fix1//test20tig_AVTZ// DONE 6.602802553139408 7.324543907536211 7.937058818163156 21.864405278838774 4 0.000411706
shell0_X0_Y0_Z0_mono0_fix1/shell2_X-2_Y1_Z-2_mono1_fix1/shell2_X-2_Y1_Z-1_mono1_fix1//test20tig_AVTZ// DONE 9.573570512557703 7.9370587750867125 4.381652121160035 21.89228140880445 2 0.000340920
shell0_X0_Y0_Z0_mono0_fix1/shell2_X-2_Y0_Z-2_mono1_fix1/shell2_X-2_Y0_Z-1_mono1_fix1//test20tig_AVTZ// DONE 9.573570545117207 7.937058818163156 4.381652121160035 21.892281484440396 2 0.000450254
shell0_X0_Y0_Z0_mono0_fix1/shell1_X0_Y0_Z-1_mono0_fix1/shell2_X-2_Y1_Z-2_mono1_fix1//test20tig_AVTZ// DONE 4.38165304261412 9.573570512557703 7.9370587750867125 21.892282330258535 4 0.000450254
shell0_X0_Y0_Z0_mono0_fix1/shell1_X0_Y0_Z-1_mono0_fix1/shell2_X-2_Y0_Z-2_mono1_fix1//test20tig_AVTZ// DONE 4.38165304261412 9.573570545117207 7.937058818163156 21.892282405894484 4 0.000340920
shell0_X0_Y0_Z0_mono0_fix1/shell1_X-1_Y0_Z-1_mono0_fix1/shell1_X-1_Y1_Z-1_mono0_fix1//test20tig_AVTZ// DONE 6.064820747978854 9.035177165497888 6.810811507043177 21.910809420519918 6 0.000266842
shell0_X0_Y0_Z0_mono0_fix1/shell1_X1_Y1_Z-1_mono1_fix1/shell2_X0_Y1_Z-2_mono1_fix1//test20tig_AVTZ// DONE 8.232858600601466 7.646690156232921 6.064820740141162 21.944369496975547 2 0.000469643
shell0_X0_Y0_Z0_mono0_fix1/shell1_X-1_Y0_Z-1_mono0_fix1/shell2_X0_Y1_Z-2_mono1_fix1//test20tig_AVTZ// DONE 6.064820747978854 7.646690156232921 8.232858600601466 21.94436950481324 4 0.000416962
shell0_X0_Y0_Z0_mono0_fix1/shell1_X1_Y0_Z-1_mono1_fix1/shell2_X0_Y0_Z-2_mono1_fix1//test20tig_AVTZ// DONE 8.232858625612332 7.646690203091247 6.064820740141162 21.944369568844742 2 0.000416961
shell0_X0_Y0_Z0_mono0_fix1/shell1_X-1_Y0_Z-1_mono0_fix1/shell2_X0_Y0_Z-2_mono1_fix1//test20tig_AVTZ// DONE 6.064820747978854 7.646690203091247 8.232858625612332 21.944369576682433 4 0.000469644
shell0_X0_Y0_Z0_mono0_fix1/shell1_X1_Y0_Z-1_mono0_fix1/shell1_X-1_Y0_Z0_mono0_fix1//test20tig_AVTZ// DONE 6.602802553139408 4.854291847385022 10.506825541052299 21.963919941576727 6 -0.000512827
shell0_X0_Y0_Z0_mono0_fix1/shell1_X-1_Y1_Z-1_mono1_fix1/shell2_X-1_Y2_Z-1_mono1_fix1//test20tig_AVTZ// DONE 4.689718751012225 10.479836115247128 6.810810873136547 21.9803657393959 2 -0.000415554
shell0_X0_Y0_Z0_mono0_fix1/shell1_X-1_Y-1_Z-1_mono1_fix1/shell1_X-1_Y0_Z-1_mono1_fix1//test20tig_AVTZ// DONE 10.479836186966654 4.689718793492955 6.810810873136547 21.980365853596155 2 -0.000564958
shell0_X0_Y0_Z0_mono0_fix1/shell1_X0_Y1_Z0_mono0_fix1/shell2_X-1_Y2_Z-1_mono1_fix1//test20tig_AVTZ// DONE 6.810811507043177 10.479836115247128 4.689718751012225 21.98036637330253 4 -0.000564957
shell0_X0_Y0_Z0_mono0_fix1/shell1_X-1_Y0_Z-1_mono1_fix1/shell1_X0_Y1_Z0_mono0_fix1//test20tig_AVTZ// DONE 4.689718793492955 6.810811507043177 10.479836186966654 21.980366487502785 4 -0.000415554
shell0_X0_Y0_Z0_mono0_fix1/shell1_X-1_Y0_Z-1_mono0_fix1/shell1_X1_Y0_Z-1_mono0_fix1//test20tig_AVTZ// DONE 6.064820747978854 6.602802553139408 9.361506889970098 22.02913019108836 6 0.000305429
shell0_X0_Y0_Z0_mono0_fix1/shell1_X-1_Y1_Z1_mono0_fix1/shell1_X-1_Y1_Z0_mono0_fix1//test20tig_AVTZ// DONE 9.3873734873741 8.27527950048686 4.38165304261412 22.044306030475077 6 0.000332501
shell0_X0_Y0_Z0_mono0_fix1/shell1_X0_Y1_Z-1_mono0_fix1/shell1_X1_Y1_Z-1_mono0_fix1//test20tig_AVTZ// DONE 7.918115177639053 9.295490539077504 4.854291847385022 22.067897564101578 6 0.000461416
shell0_X0_Y0_Z0_mono0_fix1/shell2_X0_Y0_Z-2_mono1_fix1/shell2_X0_Y1_Z-2_mono1_fix1//test20tig_AVTZ// DONE 7.646690203091247 7.646690156232921 6.810810873136547 22.104191232460714 2 0.000339126
shell0_X0_Y0_Z0_mono0_fix1/shell1_X0_Y1_Z0_mono0_fix1/shell2_X0_Y1_Z-2_mono1_fix1//test20tig_AVTZ// DONE 6.810811507043177 7.646690156232921 7.646690203091247 22.104191866367344 4 0.000339125
shell0_X0_Y0_Z0_mono0_fix1/shell1_X-1_Y0_Z-1_mono0_fix1/shell1_X0_Y1_Z-1_mono0_fix1//test20tig_AVTZ// DONE 6.064820747978854 7.918115177639053 8.165893982210706 22.148829907828613 6 0.000452943
shell0_X0_Y0_Z0_mono0_fix1/shell1_X0_Y1_Z-1_mono1_fix1/shell2_X-2_Y1_Z-1_mono1_fix1//test20tig_AVTZ// DONE 4.879875191366439 7.9370587750867125 9.361506629507653 22.178440595960808 2 0.000339263
shell0_X0_Y0_Z0_mono0_fix1/shell1_X0_Y0_Z-1_mono1_fix1/shell2_X-2_Y0_Z-1_mono1_fix1//test20tig_AVTZ// DONE 4.8798752840715265 7.937058818163156 9.361506629507653 22.178440731742334 2 0.000372978
shell0_X0_Y0_Z0_mono0_fix1/shell1_X0_Y1_Z-1_mono1_fix1/shell2_X2_Y0_Z0_mono0_fix1//test20tig_AVTZ// DONE 4.879875191366439 9.361506889970098 7.9370587750867125 22.17844085642325 4 0.000372979
shell0_X0_Y0_Z0_mono0_fix1/shell1_X0_Y0_Z-1_mono1_fix1/shell2_X2_Y0_Z0_mono0_fix1//test20tig_AVTZ// DONE 4.8798752840715265 9.361506889970098 7.937058818163156 22.17844099220478 4 0.000339264
shell0_X0_Y0_Z0_mono0_fix1/shell1_X0_Y-1_Z-1_mono0_fix1/shell1_X1_Y-1_Z-1_mono0_fix1//test20tig_AVTZ// DONE 7.94785401225415 9.3873734873741 4.854291847385022 22.18951934701327 6 0.000182098
shell0_X0_Y0_Z0_mono0_fix1/shell1_X-1_Y0_Z-1_mono1_fix1/shell2_X-2_Y1_Z0_mono1_fix1//test20tig_AVTZ// DONE 4.689718793492955 8.232859489005401 9.29549001807212 22.21806830057048 2 0.000415330
shell0_X0_Y0_Z0_mono0_fix1/shell1_X-1_Y1_Z-1_mono1_fix1/shell1_X1_Y1_Z-1_mono0_fix1//test20tig_AVTZ// DONE 4.689718751012225 9.295490539077504 8.232859518875284 22.21806880896501 4 0.000415329
shell0_X0_Y0_Z0_mono0_fix1/shell1_X0_Y1_Z-1_mono1_fix1/shell2_X0_Y2_Z-1_mono1_fix1//test20tig_AVTZ// DONE 4.879875191366439 10.552270310097942 6.810810873136547 22.24295637460093 2 -0.000372426
shell0_X0_Y0_Z0_mono0_fix1/shell1_X0_Y-1_Z-1_mono1_fix1/shell1_X0_Y0_Z-1_mono1_fix1//test20tig_AVTZ// DONE 10.552270378746126 4.8798752840715265 6.810810873136547 22.2429565359542 2 -0.000210566
shell0_X0_Y0_Z0_mono0_fix1/shell1_X0_Y1_Z-1_mono1_fix1/shell1_X0_Y-1_Z0_mono0_fix1//test20tig_AVTZ// DONE 4.879875191366439 6.81081150704318 10.55227031009794 22.24295700850756 4 -0.000210566
shell0_X0_Y0_Z0_mono0_fix1/shell1_X0_Y0_Z-1_mono1_fix1/shell1_X0_Y1_Z0_mono0_fix1//test20tig_AVTZ// DONE 4.8798752840715265 6.810811507043177 10.552270378746126 22.24295716986083 4 -0.000372425
shell0_X0_Y0_Z0_mono0_fix1/shell1_X-1_Y1_Z-1_mono1_fix1/shell1_X1_Y1_Z-1_mono1_fix1//test20tig_AVTZ// DONE 4.689718751012225 8.232858600601466 9.361506629507653 22.28408398112134 2 0.000414989
shell0_X0_Y0_Z0_mono0_fix1/shell1_X-1_Y0_Z-1_mono1_fix1/shell1_X1_Y0_Z-1_mono1_fix1//test20tig_AVTZ// DONE 4.689718793492955 8.232858625612332 9.361506629507653 22.28408404861294 2 0.000397989
shell0_X0_Y0_Z0_mono0_fix1/shell1_X1_Y1_Z-1_mono1_fix1/shell2_X2_Y0_Z0_mono0_fix1//test20tig_AVTZ// DONE 8.232858600601466 9.361506889970098 4.689718751012225 22.284084241583788 4 0.000397989
shell0_X0_Y0_Z0_mono0_fix1/shell1_X-1_Y0_Z-1_mono1_fix1/shell2_X-2_Y0_Z0_mono0_fix1//test20tig_AVTZ// DONE 4.689718793492955 9.361506889970098 8.232858625612332 22.284084309075382 4 0.000414991
shell0_X0_Y0_Z0_mono0_fix1/shell1_X-1_Y0_Z-1_mono0_fix1/shell1_X0_Y-1_Z-1_mono0_fix1//test20tig_AVTZ// DONE 6.064820747978854 7.94785401225415 8.27527950048686 22.287954260719864 6 0.000351450
shell0_X0_Y0_Z0_mono0_fix1/shell1_X-1_Y0_Z0_mono0_fix1/shell2_X-1_Y0_Z-2_mono0_fix1//test20tig_AVTZ// DONE 4.854291847385022 9.153763844015145 8.293258355384793 22.30131404678496 6 0.000431480
shell0_X0_Y0_Z0_mono0_fix1/shell1_X-1_Y1_Z-1_mono1_fix1/shell2_X-2_Y0_Z0_mono1_fix1//test20tig_AVTZ// DONE 4.689718751012225 8.232859518875284 9.38737296522935 22.30995123511686 2 0.000269863
shell0_X0_Y0_Z0_mono0_fix1/shell1_X-1_Y0_Z-1_mono1_fix1/shell1_X1_Y-1_Z-1_mono0_fix1//test20tig_AVTZ// DONE 4.689718793492955 9.3873734873741 8.232859489005401 22.309951769872455 4 0.000269863
shell0_X0_Y0_Z0_mono0_fix1/shell1_X-1_Y1_Z0_mono1_fix1/shell2_X0_Y1_Z-2_mono1_fix1//test20tig_AVTZ// DONE 4.879876784204481 7.646690156232921 9.807804358429697 22.334371298867097 2 0.000173379
shell0_X0_Y0_Z0_mono0_fix1/shell1_X-1_Y0_Z0_mono1_fix1/shell2_X0_Y0_Z-2_mono1_fix1//test20tig_AVTZ// DONE 4.879876783261088 7.646690203091247 9.807804358429697 22.334371344782035 2 0.000142446
shell0_X0_Y0_Z0_mono0_fix1/shell2_X0_Y1_Z-2_mono1_fix1/shell2_X1_Y0_Z-2_mono0_fix1//test20tig_AVTZ// DONE 7.646690156232921 9.80780491502408 4.879876784204481 22.33437185546148 4 0.000142446
shell0_X0_Y0_Z0_mono0_fix1/shell1_X-1_Y0_Z0_mono1_fix1/shell2_X-1_Y0_Z2_mono0_fix1//test20tig_AVTZ// DONE 4.879876783261088 9.80780491502408 7.646690203091246 22.334371901376414 4 0.000173379
shell0_X0_Y0_Z0_mono0_fix1/shell1_X-1_Y1_Z-1_mono1_fix1/shell1_X1_Y1_Z0_mono1_fix1//test20tig_AVTZ// DONE 4.689718751012225 7.937059651198265 9.903259030824282 22.53003743303477 2 0.000250849
shell0_X0_Y0_Z0_mono0_fix1/shell1_X-1_Y1_Z-1_mono1_fix1/shell2_X-2_Y0_Z-1_mono0_fix1//test20tig_AVTZ// DONE 4.689718751012225 9.903259070833585 7.937059651198265 22.530037473044075 4 0.000275778
shell0_X0_Y0_Z0_mono0_fix1/shell1_X-1_Y0_Z-1_mono1_fix1/shell1_X1_Y0_Z0_mono1_fix1//test20tig_AVTZ// DONE 4.689718793492955 7.937059665509641 9.903259030824282 22.530037489826878 2 0.000275777
shell0_X0_Y0_Z0_mono0_fix1/shell1_X-1_Y0_Z-1_mono1_fix1/shell2_X-2_Y0_Z-1_mono0_fix1//test20tig_AVTZ// DONE 4.689718793492955 9.903259070833585 7.937059665509641 22.53003752983618 4 0.000250850
shell0_X0_Y0_Z0_mono0_fix1/shell2_X-1_Y1_Z-2_mono1_fix1/shell3_X-1_Y1_Z-3_mono1_fix1//test20tig_AVTZ// DONE 7.3245438676480985 10.88405459527898 4.381652121160035 22.590250584087112 2 -0.000447962
shell0_X0_Y0_Z0_mono0_fix1/shell2_X-1_Y0_Z-2_mono1_fix1/shell3_X-1_Y0_Z-3_mono1_fix1//test20tig_AVTZ// DONE 7.324543907536211 10.88405462313503 4.381652121160035 22.590250651831276 2 -0.000375979
shell0_X0_Y0_Z0_mono0_fix1/shell1_X0_Y0_Z-1_mono0_fix1/shell3_X-1_Y1_Z-3_mono1_fix1//test20tig_AVTZ// DONE 4.38165304261412 10.88405459527898 7.3245438676480985 22.5902515055412 4 -0.000375978
shell0_X0_Y0_Z0_mono0_fix1/shell1_X0_Y0_Z-1_mono0_fix1/shell3_X-1_Y0_Z-3_mono1_fix1//test20tig_AVTZ// DONE 4.38165304261412 10.88405462313503 7.324543907536211 22.59025157328536 4 -0.000447962
shell0_X0_Y0_Z0_mono0_fix1/shell2_X-2_Y0_Z-1_mono1_fix1/shell2_X-2_Y1_Z-1_mono1_fix1//test20tig_AVTZ// DONE 7.937058818163156 7.9370587750867125 6.810810873136547 22.684928466386417 2 0.000315631
shell0_X0_Y0_Z0_mono0_fix1/shell1_X0_Y-1_Z0_mono0_fix1/shell2_X-2_Y0_Z-1_mono1_fix1//test20tig_AVTZ// DONE 6.81081150704318 7.937058818163156 7.9370587750867125 22.684929100293047 4 0.000315631
shell0_X0_Y0_Z0_mono0_fix1/shell1_X1_Y0_Z-1_mono0_fix1/shell1_X1_Y1_Z-1_mono0_fix1//test20tig_AVTZ// DONE 6.602802553139408 9.295490539077504 6.810811507043177 22.709104599260087 6 0.000271205
shell0_X0_Y0_Z0_mono0_fix1/shell1_X0_Y-1_Z-1_mono0_fix1/shell1_X1_Y0_Z-1_mono0_fix1//test20tig_AVTZ// DONE 7.94785401225415 6.602802553139408 8.165893982210706 22.716550547604264 6 0.000293946
shell0_X0_Y0_Z0_mono0_fix1/shell2_X0_Y1_Z-2_mono1_fix1/shell2_X1_Y1_Z-2_mono1_fix1//test20tig_AVTZ// DONE 7.646690156232921 10.272462453065986 4.854291280975464 22.77344389027437 2 -0.000048830
shell0_X0_Y0_Z0_mono0_fix1/shell2_X0_Y0_Z-2_mono1_fix1/shell2_X1_Y0_Z-2_mono1_fix1//test20tig_AVTZ// DONE 7.646690203091247 10.272462479830054 4.854291280975464 22.773443963896764 2 0.000067056
shell0_X0_Y0_Z0_mono0_fix1/shell1_X-1_Y0_Z0_mono0_fix1/shell2_X0_Y1_Z-2_mono1_fix1//test20tig_AVTZ// DONE 4.854291847385022 7.646690156232921 10.272462453065986 22.773444456683926 4 0.000067055
shell0_X0_Y0_Z0_mono0_fix1/shell1_X-1_Y0_Z0_mono0_fix1/shell2_X0_Y0_Z-2_mono1_fix1//test20tig_AVTZ// DONE 4.854291847385022 7.646690203091247 10.272462479830054 22.77344453030632 4 -0.000048832
shell0_X0_Y0_Z0_mono0_fix1/shell1_X0_Y1_Z-1_mono0_fix1/shell1_X1_Y0_Z-1_mono0_fix1//test20tig_AVTZ// DONE 7.918115177639053 6.602802553139408 8.27527950048686 22.79619723126532 6 0.000245450
shell0_X0_Y0_Z0_mono0_fix1/shell1_X1_Y-1_Z-1_mono0_fix1/shell1_X1_Y0_Z-1_mono0_fix1//test20tig_AVTZ// DONE 9.3873734873741 6.602802553139408 6.810811507043177 22.800987547556684 6 0.000152028
shell0_X0_Y0_Z0_mono0_fix1/shell1_X-1_Y1_Z0_mono1_fix1/shell2_X-1_Y0_Z-2_mono1_fix1//test20tig_AVTZ// DONE 4.879876784204481 7.324543907536211 10.597767545050122 22.802188236790812 2 -0.000160858
shell0_X0_Y0_Z0_mono0_fix1/shell1_X-1_Y0_Z0_mono1_fix1/shell2_X0_Y-1_Z2_mono0_fix1//test20tig_AVTZ// DONE 4.879876783261088 10.597767900119495 7.3245438676480985 22.80218855102868 4 -0.000160858
shell0_X0_Y0_Z0_mono0_fix1/shell1_X-1_Y0_Z0_mono1_fix1/shell2_X-1_Y1_Z-2_mono1_fix1//test20tig_AVTZ// DONE 4.879876783261088 7.3245438676480985 10.621615275561464 22.826035926470652 2 -0.000178638
shell0_X0_Y0_Z0_mono0_fix1/shell1_X-1_Y1_Z0_mono1_fix1/shell2_X0_Y1_Z2_mono0_fix1//test20tig_AVTZ// DONE 4.879876784204481 10.621615668329172 7.324543907536211 22.826036360069864 4 -0.000178637
shell0_X0_Y0_Z0_mono0_fix1/shell1_X1_Y1_Z-1_mono1_fix1/shell2_X1_Y1_Z-2_mono1_fix1//test20tig_AVTZ// DONE 8.232858600601466 10.272462453065986 4.381652121160035 22.886973174827485 2 0.000052878
shell0_X0_Y0_Z0_mono0_fix1/shell1_X1_Y0_Z-1_mono1_fix1/shell2_X1_Y0_Z-2_mono1_fix1//test20tig_AVTZ// DONE 8.232858625612332 10.272462479830054 4.381652121160035 22.886973226602418 2 0.000032493
shell0_X0_Y0_Z0_mono0_fix1/shell1_X0_Y0_Z-1_mono0_fix1/shell2_X1_Y1_Z-2_mono1_fix1//test20tig_AVTZ// DONE 4.38165304261412 10.272462453065986 8.232858600601466 22.88697409628157 4 0.000032493
shell0_X0_Y0_Z0_mono0_fix1/shell1_X0_Y0_Z-1_mono0_fix1/shell2_X1_Y0_Z-2_mono1_fix1//test20tig_AVTZ// DONE 4.38165304261412 10.272462479830054 8.232858625612332 22.886974148056506 4 0.000052877
shell0_X0_Y0_Z0_mono0_fix1/shell1_X0_Y0_Z-1_mono0_fix1/shell2_X0_Y1_Z-2_mono0_fix1//test20tig_AVTZ// DONE 4.38165304261412 10.597767900119495 7.918115177639053 22.897536120372667 6 -0.000008004
shell0_X0_Y0_Z0_mono0_fix1/shell1_X0_Y1_Z0_mono1_fix1/shell2_X0_Y0_Z-2_mono1_fix1//test20tig_AVTZ// DONE 4.689720349898127 7.646690203091247 10.597767545050122 22.934178098039496 2 -0.000081794
shell0_X0_Y0_Z0_mono0_fix1/shell0_X0_Y0_Z0_mono1_fix1/shell2_X0_Y-1_Z2_mono0_fix1//test20tig_AVTZ// DONE 4.689720404504576 10.597767900119495 7.646690156232921 22.93417846085699 4 -0.000081793
shell0_X0_Y0_Z0_mono0_fix1/shell1_X0_Y-1_Z-1_mono0_fix1/shell1_X0_Y0_Z1_mono0_fix1//test20tig_AVTZ// DONE 7.94785401225415 4.381653042614121 10.621615668329172 22.951122723197443 6 -0.000065534
shell0_X0_Y0_Z0_mono0_fix1/shell1_X-1_Y0_Z0_mono0_fix1/shell2_X0_Y0_Z-2_mono0_fix1//test20tig_AVTZ// DONE 4.854291847385022 8.293258355384793 9.80780491502408 22.955355117793893 6 0.000183938
shell0_X0_Y0_Z0_mono0_fix1/shell0_X0_Y0_Z0_mono1_fix1/shell2_X0_Y1_Z-2_mono1_fix1//test20tig_AVTZ// DONE 4.689720404504576 7.646690156232921 10.621615275561464 22.95802583629896 2 -0.000047406
shell0_X0_Y0_Z0_mono0_fix1/shell1_X0_Y1_Z0_mono1_fix1/shell2_X0_Y1_Z2_mono0_fix1//test20tig_AVTZ// DONE 4.689720349898127 10.621615668329172 7.646690203091246 22.958026221318544 4 -0.000047406
shell0_X0_Y0_Z0_mono0_fix1/shell2_X-1_Y1_Z-2_mono1_fix1/shell2_X0_Y0_Z-2_mono1_fix1//test20tig_AVTZ// DONE 7.3245438676480985 7.646690203091247 8.16589350495135 23.137127575690698 2 0.000269008
shell0_X0_Y0_Z0_mono0_fix1/shell1_X-1_Y-1_Z0_mono0_fix1/shell2_X-1_Y0_Z-2_mono1_fix1//test20tig_AVTZ// DONE 8.165893982210706 7.324543907536211 7.646690156232921 23.13712804597984 4 0.000269009
shell0_X0_Y0_Z0_mono0_fix1/shell1_X-1_Y1_Z-1_mono1_fix1/shell2_X-1_Y2_Z0_mono1_fix1//test20tig_AVTZ// DONE 4.689718751012225 10.55227099737296 7.9181146796042725 23.160104427989456 2 0.000004671
shell0_X0_Y0_Z0_mono0_fix1/shell1_X-1_Y0_Z-1_mono1_fix1/shell1_X0_Y1_Z-1_mono0_fix1//test20tig_AVTZ// DONE 4.689718793492955 7.918115177639053 10.552271056865095 23.160105027997105 4 0.000004670
shell0_X0_Y0_Z0_mono0_fix1/shell1_X-1_Y0_Z-1_mono1_fix1/shell1_X-1_Y-1_Z0_mono1_fix1//test20tig_AVTZ// DONE 4.689718793492955 10.552271056865095 7.947853458977189 23.189843309335238 2 0.000009169
shell0_X0_Y0_Z0_mono0_fix1/shell1_X-1_Y1_Z-1_mono1_fix1/shell1_X0_Y-1_Z-1_mono0_fix1//test20tig_AVTZ// DONE 4.689718751012225 7.94785401225415 10.55227099737296 23.189843760639334 4 0.000009169
shell0_X0_Y0_Z0_mono0_fix1/shell1_X-1_Y0_Z-1_mono1_fix1/shell2_X-2_Y1_Z-2_mono1_fix1//test20tig_AVTZ// DONE 4.689718793492955 9.573570512557703 8.971985126694959 23.23527443274562 2 0.000336623
shell0_X0_Y0_Z0_mono0_fix1/shell1_X-1_Y1_Z-1_mono1_fix1/shell1_X1_Y1_Z1_mono0_fix1//test20tig_AVTZ// DONE 4.689718751012225 8.971985427673124 9.573570545117207 23.235274723802554 4 0.000336622
shell0_X0_Y0_Z0_mono0_fix1/shell2_X-1_Y0_Z-2_mono1_fix1/shell2_X0_Y1_Z-2_mono1_fix1//test20tig_AVTZ// DONE 7.324543907536211 7.646690156232921 8.275279052957368 23.246513116726497 2 0.000196425
shell0_X0_Y0_Z0_mono0_fix1/shell1_X-1_Y1_Z0_mono0_fix1/shell2_X-1_Y1_Z-2_mono1_fix1//test20tig_AVTZ// DONE 8.27527950048686 7.3245438676480985 7.646690203091247 23.246513571226206 4 0.000196425
shell0_X0_Y0_Z0_mono0_fix1/shell2_X0_Y1_Z-2_mono1_fix1/shell3_X0_Y1_Z-3_mono1_fix1//test20tig_AVTZ// DONE 7.646690156232921 11.227186363707675 4.381652121160035 23.25552864110063 2 -0.000373235
shell0_X0_Y0_Z0_mono0_fix1/shell2_X0_Y0_Z-2_mono1_fix1/shell3_X0_Y0_Z-3_mono1_fix1//test20tig_AVTZ// DONE 7.646690203091247 11.22718639110945 4.381652121160035 23.255528715360732 2 -0.000354651
shell0_X0_Y0_Z0_mono0_fix1/shell1_X0_Y0_Z-1_mono0_fix1/shell3_X0_Y1_Z-3_mono1_fix1//test20tig_AVTZ// DONE 4.38165304261412 11.227186363707675 7.646690156232921 23.255529562554717 4 -0.000354650
shell0_X0_Y0_Z0_mono0_fix1/shell1_X0_Y0_Z-1_mono0_fix1/shell3_X0_Y0_Z-3_mono1_fix1//test20tig_AVTZ// DONE 4.38165304261412 11.22718639110945 7.646690203091247 23.255529636814817 4 -0.000373235
shell0_X0_Y0_Z0_mono0_fix1/shell1_X1_Y0_Z-1_mono1_fix1/shell1_X1_Y1_Z-1_mono1_fix1//test20tig_AVTZ// DONE 8.232858625612332 8.232858600601466 6.810810873136547 23.276528099350344 2 0.000227284
shell0_X0_Y0_Z0_mono0_fix1/shell1_X1_Y1_Z-1_mono1_fix1/shell1_X0_Y1_Z0_mono0_fix1//test20tig_AVTZ// DONE 8.232858600601466 6.810811507043177 8.232858625612332 23.276528733256974 4 0.000227284
shell0_X0_Y0_Z0_mono0_fix1/shell1_X0_Y1_Z-1_mono1_fix1/shell2_X0_Y2_Z0_mono1_fix1//test20tig_AVTZ// DONE 4.879875191366439 10.479836785889324 7.9181146796042725 23.277826656860036 2 0.000104244
shell0_X0_Y0_Z0_mono0_fix1/shell1_X0_Y0_Z-1_mono1_fix1/shell1_X0_Y1_Z-1_mono0_fix1//test20tig_AVTZ// DONE 4.8798752840715265 7.918115177639053 10.479836843290185 23.277827305000763 4 0.000104244
shell0_X0_Y0_Z0_mono0_fix1/shell1_X-1_Y1_Z-1_mono1_fix1/shell2_X-2_Y0_Z-2_mono1_fix1//test20tig_AVTZ// DONE 4.689718751012225 9.573570545117207 9.035176903288958 23.298466199418392 2 0.000278136
shell0_X0_Y0_Z0_mono0_fix1/shell1_X-1_Y0_Z-1_mono1_fix1/shell1_X1_Y-1_Z1_mono0_fix1//test20tig_AVTZ// DONE 4.689718793492955 9.035177165497888 9.573570512557703 23.298466471548544 4 0.000278136
shell0_X0_Y0_Z0_mono0_fix1/shell1_X0_Y0_Z-1_mono1_fix1/shell1_X0_Y-1_Z0_mono1_fix1//test20tig_AVTZ// DONE 4.8798752840715265 10.479836843290181 7.947853458977189 23.307565586338896 2 0.000101845
shell0_X0_Y0_Z0_mono0_fix1/shell1_X0_Y-1_Z-1_mono0_fix1/shell1_X0_Y1_Z-1_mono1_fix1//test20tig_AVTZ// DONE 7.94785401225415 4.879875191366439 10.479836785889324 23.30756598950991 4 0.000101846
shell0_X0_Y0_Z0_mono0_fix1/shell0_X0_Y0_Z0_mono1_fix1/shell2_X-1_Y1_Z-2_mono1_fix1//test20tig_AVTZ// DONE 4.689720404504576 7.3245438676480985 11.294246105787236 23.30851037793991 2 -0.000372129
shell0_X0_Y0_Z0_mono0_fix1/shell1_X0_Y1_Z0_mono1_fix1/shell2_X1_Y1_Z2_mono0_fix1//test20tig_AVTZ// DONE 4.689720349898127 11.29424631152965 7.324543907536211 23.308510568963985 4 -0.000372130
shell0_X0_Y0_Z0_mono0_fix1/shell1_X0_Y1_Z0_mono1_fix1/shell2_X-1_Y0_Z-2_mono1_fix1//test20tig_AVTZ// DONE 4.689720349898127 7.324543907536211 11.316443371727567 23.330707629161907 2 -0.000348755
shell0_X0_Y0_Z0_mono0_fix1/shell0_X0_Y0_Z0_mono1_fix1/shell2_X1_Y-1_Z2_mono0_fix1//test20tig_AVTZ// DONE 4.689720404504576 11.31644354548893 7.3245438676480985 23.330707817641606 4 -0.000348755
shell0_X0_Y0_Z0_mono0_fix1/shell1_X-1_Y0_Z-1_mono1_fix1/shell1_X0_Y-1_Z-1_mono1_fix1//test20tig_AVTZ// DONE 4.689718793492955 10.552270378746126 8.16589350495135 23.40788267719043 2 -0.000023715
shell0_X0_Y0_Z0_mono0_fix1/shell1_X-1_Y1_Z-1_mono1_fix1/shell1_X-1_Y-1_Z0_mono0_fix1//test20tig_AVTZ// DONE 4.689718751012225 8.165893982210706 10.55227031009794 23.407883043320872 4 -0.000023716
shell0_X0_Y0_Z0_mono0_fix1/shell1_X-1_Y1_Z-1_mono1_fix1/shell2_X0_Y2_Z-1_mono1_fix1//test20tig_AVTZ// DONE 4.689718751012225 10.552270310097942 8.275279052957368 23.517268114067534 2 0.000053738
shell0_X0_Y0_Z0_mono0_fix1/shell1_X-1_Y0_Z-1_mono1_fix1/shell1_X-1_Y1_Z0_mono0_fix1//test20tig_AVTZ// DONE 4.689718793492955 8.27527950048686 10.552270378746126 23.51726867272594 4 0.000053738
shell0_X0_Y0_Z0_mono0_fix1/shell1_X0_Y1_Z-1_mono1_fix1/shell2_X-1_Y2_Z-1_mono1_fix1//test20tig_AVTZ// DONE 4.879875191366439 10.479836115247128 8.16589350495135 23.525604811564918 2 0.000082803
shell0_X0_Y0_Z0_mono0_fix1/shell1_X0_Y0_Z-1_mono1_fix1/shell1_X1_Y1_Z0_mono0_fix1//test20tig_AVTZ// DONE 4.8798752840715265 8.165893982210706 10.479836186966654 23.525605453248886 4 0.000082803
shell0_X0_Y0_Z0_mono0_fix1/shell1_X-1_Y1_Z0_mono1_fix1/shell2_X-2_Y1_Z-2_mono1_fix1//test20tig_AVTZ// DONE 4.879876784204481 9.573570512557703 9.153763740124077 23.607211036886262 2 0.000248180
shell0_X0_Y0_Z0_mono0_fix1/shell1_X-1_Y0_Z0_mono1_fix1/shell2_X-2_Y0_Z-2_mono1_fix1//test20tig_AVTZ// DONE 4.879876783261088 9.573570545117207 9.153763740124077 23.607211068502373 2 0.000279516
shell0_X0_Y0_Z0_mono0_fix1/shell2_X-2_Y1_Z-2_mono1_fix1/shell2_X-1_Y0_Z-2_mono0_fix1//test20tig_AVTZ// DONE 9.573570512557703 9.153763844015145 4.879876784204481 23.607211140777327 4 0.000279516
shell0_X0_Y0_Z0_mono0_fix1/shell1_X-1_Y0_Z0_mono1_fix1/shell2_X1_Y0_Z2_mono0_fix1//test20tig_AVTZ// DONE 4.879876783261088 9.153763844015145 9.573570545117207 23.60721117239344 4 0.000248180
shell0_X0_Y0_Z0_mono0_fix1/shell1_X0_Y1_Z-1_mono1_fix1/shell2_X-2_Y1_Z0_mono1_fix1//test20tig_AVTZ// DONE 4.879875191366439 8.232859489005401 10.506825110816445 23.619559791188287 2 0.000093975
shell0_X0_Y0_Z0_mono0_fix1/shell1_X0_Y0_Z-1_mono1_fix1/shell2_X-2_Y0_Z0_mono1_fix1//test20tig_AVTZ// DONE 4.8798752840715265 8.232859518875284 10.506825110816445 23.619559913763254 2 0.000088714
shell0_X0_Y0_Z0_mono0_fix1/shell1_X0_Y1_Z-1_mono1_fix1/shell2_X2_Y0_Z-1_mono0_fix1//test20tig_AVTZ// DONE 4.879875191366439 10.506825541052299 8.232859489005401 23.619560221424138 4 0.000088714
shell0_X0_Y0_Z0_mono0_fix1/shell1_X0_Y0_Z-1_mono1_fix1/shell2_X2_Y0_Z-1_mono0_fix1//test20tig_AVTZ// DONE 4.8798752840715265 10.506825541052299 8.232859518875284 23.619560343999108 4 0.000093975
shell0_X0_Y0_Z0_mono0_fix1/shell1_X-1_Y-1_Z-1_mono1_fix1/shell1_X0_Y0_Z-1_mono1_fix1//test20tig_AVTZ// DONE 10.479836186966654 4.8798752840715265 8.275279052957368 23.634990523995548 2 0.000110076
shell0_X0_Y0_Z0_mono0_fix1/shell1_X0_Y1_Z-1_mono1_fix1/shell1_X1_Y-1_Z0_mono0_fix1//test20tig_AVTZ// DONE 4.879875191366439 8.27527950048686 10.479836115247128 23.63499080710043 4 0.000110076
shell0_X0_Y0_Z0_mono0_fix1/shell1_X0_Y0_Z-1_mono0_fix1/shell2_X-2_Y0_Z-1_mono0_fix1//test20tig_AVTZ// DONE 4.38165304261412 9.903259070833585 9.361506889970098 23.646419003417805 6 0.000278916
shell0_X0_Y0_Z0_mono0_fix1/shell1_X-1_Y1_Z-1_mono1_fix1/shell3_X-1_Y1_Z-3_mono1_fix1//test20tig_AVTZ// DONE 4.689718751012225 10.88405459527898 8.293257900440306 23.86703124673151 2 0.000021986
shell0_X0_Y0_Z0_mono0_fix1/shell1_X-1_Y0_Z-1_mono1_fix1/shell3_X-1_Y0_Z-3_mono1_fix1//test20tig_AVTZ// DONE 4.689718793492955 10.88405462313503 8.293257900440306 23.867031317068292 2 0.000068776
shell0_X0_Y0_Z0_mono0_fix1/shell1_X-1_Y1_Z-1_mono1_fix1/shell2_X0_Y0_Z2_mono0_fix1//test20tig_AVTZ// DONE 4.689718751012225 8.293258355384795 10.88405459527898 23.867031701675998 4 0.000068776
shell0_X0_Y0_Z0_mono0_fix1/shell2_X0_Y0_Z-2_mono0_fix1/shell3_X-1_Y0_Z-3_mono1_fix1//test20tig_AVTZ// DONE 8.293258355384793 10.88405462313503 4.689718793492955 23.867031772012776 4 0.000021986
shell0_X0_Y0_Z0_mono0_fix1/shell1_X-1_Y0_Z-1_mono0_fix1/shell1_X1_Y0_Z1_mono0_fix1//test20tig_AVTZ// DONE 6.064820747978854 6.064820747978854 11.9138079772099 24.04344947316761 3 -0.000461403
shell0_X0_Y0_Z0_mono0_fix1/shell1_X1_Y0_Z-1_mono1_fix1/shell1_X1_Y1_Z0_mono1_fix1//test20tig_AVTZ// DONE 8.232858625612332 7.937059651198265 7.9181146796042725 24.08803295641487 2 0.000172619
shell0_X0_Y0_Z0_mono0_fix1/shell1_X0_Y1_Z-1_mono0_fix1/shell1_X1_Y1_Z-1_mono1_fix1//test20tig_AVTZ// DONE 7.918115177639053 8.232858600601466 7.937059665509641 24.08803344375016 4 0.000172619
shell0_X0_Y0_Z0_mono0_fix1/shell1_X1_Y1_Z-1_mono1_fix1/shell1_X1_Y0_Z0_mono1_fix1//test20tig_AVTZ// DONE 8.232858600601466 7.937059665509641 7.947853458977189 24.117771725088296 2 0.000163295
shell0_X0_Y0_Z0_mono0_fix1/shell1_X0_Y-1_Z-1_mono0_fix1/shell1_X1_Y0_Z-1_mono1_fix1//test20tig_AVTZ// DONE 7.94785401225415 8.232858625612332 7.937059651198265 24.117772289064746 4 0.000163295
shell0_X0_Y0_Z0_mono0_fix1/shell1_X-1_Y0_Z-1_mono1_fix1/shell1_X0_Y-1_Z0_mono1_fix1//test20tig_AVTZ// DONE 4.689718793492955 10.479836843290181 8.971985126694959 24.141540763478098 2 0.000121223
shell0_X0_Y0_Z0_mono0_fix1/shell1_X-1_Y-1_Z-1_mono0_fix1/shell1_X-1_Y1_Z-1_mono1_fix1//test20tig_AVTZ// DONE 8.971985427673124 4.689718751012225 10.479836785889324 24.141540964574673 4 0.000121222
shell0_X0_Y0_Z0_mono0_fix1/shell1_X0_Y-1_Z-1_mono0_fix1/shell2_X0_Y0_Z-2_mono0_fix1//test20tig_AVTZ// DONE 7.94785401225415 8.293258355384793 7.918115177639053 24.159227545277997 6 0.000149130
shell0_X0_Y0_Z0_mono0_fix1/shell1_X-1_Y1_Z-1_mono1_fix1/shell2_X0_Y2_Z0_mono1_fix1//test20tig_AVTZ// DONE 4.689718751012225 10.479836785889324 9.035176903288958 24.204732440190504 2 0.000127139
shell0_X0_Y0_Z0_mono0_fix1/shell1_X1_Y-1_Z1_mono0_fix1/shell1_X0_Y-1_Z0_mono1_fix1//test20tig_AVTZ// DONE 9.035177165497888 10.479836843290181 4.689718793492955 24.204732802281026 4 0.000127139
shell0_X0_Y0_Z0_mono0_fix1/shell1_X0_Y0_Z-1_mono1_fix1/shell2_X-2_Y1_Z-1_mono1_fix1//test20tig_AVTZ// DONE 4.8798752840715265 7.9370587750867125 11.431705622063314 24.248639681221555 2 -0.000134365
shell0_X0_Y0_Z0_mono0_fix1/shell1_X0_Y1_Z-1_mono1_fix1/shell2_X2_Y1_Z0_mono0_fix1//test20tig_AVTZ// DONE 4.879875191366439 11.43170590071705 7.937058818163156 24.248639910246645 4 -0.000134364
shell0_X0_Y0_Z0_mono0_fix1/shell1_X0_Y0_Z-1_mono0_fix1/shell2_X-2_Y0_Z0_mono0_fix1//test20tig_AVTZ// DONE 4.38165304261412 9.361506889970098 10.506825541052299 24.249985473636517 6 0.000133992
shell0_X0_Y0_Z0_mono0_fix1/shell1_X-1_Y1_Z0_mono1_fix1/shell2_X0_Y0_Z-2_mono1_fix1//test20tig_AVTZ// DONE 4.879876784204481 7.646690203091247 11.801089420744178 24.327656408039907 2 -0.000277880
shell0_X0_Y0_Z0_mono0_fix1/shell1_X-1_Y0_Z0_mono1_fix1/shell2_X-1_Y-1_Z2_mono0_fix1//test20tig_AVTZ// DONE 4.879876783261088 11.801089846871278 7.646690156232921 24.32765678636529 4 -0.000277881
shell0_X0_Y0_Z0_mono0_fix1/shell1_X0_Y1_Z-1_mono1_fix1/shell2_X-2_Y0_Z-1_mono1_fix1//test20tig_AVTZ// DONE 4.879875191366439 7.937058818163156 11.511985037242072 24.328919046771667 2 -0.000109574
shell0_X0_Y0_Z0_mono0_fix1/shell1_X0_Y0_Z-1_mono1_fix1/shell2_X2_Y-1_Z0_mono0_fix1//test20tig_AVTZ// DONE 4.8798752840715265 11.511985300913402 7.9370587750867125 24.32891936007164 4 -0.000109574
shell0_X0_Y0_Z0_mono0_fix1/shell1_X-1_Y1_Z-1_mono1_fix1/shell1_X1_Y0_Z-1_mono1_fix1//test20tig_AVTZ// DONE 4.689718751012225 8.232858625612332 11.431705622063314 24.35428299868787 2 -0.000056734
shell0_X0_Y0_Z0_mono0_fix1/shell1_X1_Y1_Z-1_mono1_fix1/shell2_X2_Y1_Z0_mono0_fix1//test20tig_AVTZ// DONE 8.232858600601466 11.43170590071705 4.689718793492955 24.35428329481147 4 -0.000056734
shell0_X0_Y0_Z0_mono0_fix1/shell1_X0_Y1_Z-1_mono1_fix1/shell2_X-2_Y1_Z-2_mono1_fix1//test20tig_AVTZ// DONE 4.879875191366439 9.573570512557703 9.903259030824282 24.356704734748426 2 0.000194533
shell0_X0_Y0_Z0_mono0_fix1/shell2_X-2_Y1_Z-2_mono1_fix1/shell2_X-2_Y0_Z-1_mono0_fix1//test20tig_AVTZ// DONE 9.573570512557703 9.903259070833585 4.879875191366439 24.356704774757723 4 0.000209927
shell0_X0_Y0_Z0_mono0_fix1/shell1_X0_Y0_Z-1_mono1_fix1/shell2_X-2_Y0_Z-2_mono1_fix1//test20tig_AVTZ// DONE 4.8798752840715265 9.573570545117207 9.903259030824282 24.356704860013018 2 0.000209926
shell0_X0_Y0_Z0_mono0_fix1/shell1_X0_Y0_Z-1_mono1_fix1/shell2_X2_Y0_Z1_mono0_fix1//test20tig_AVTZ// DONE 4.8798752840715265 9.903259070833585 9.573570545117207 24.35670490002232 4 0.000194534
shell0_X0_Y0_Z0_mono0_fix1/shell1_X-1_Y0_Z0_mono1_fix1/shell2_X0_Y1_Z-2_mono1_fix1//test20tig_AVTZ// DONE 4.879876783261088 7.646690156232921 11.854552583694998 24.381119523189007 2 -0.000235347
shell0_X0_Y0_Z0_mono0_fix1/shell1_X-1_Y1_Z0_mono1_fix1/shell2_X-1_Y1_Z2_mono0_fix1//test20tig_AVTZ// DONE 4.879876784204481 11.854553024155814 7.646690203091246 24.381120011451543 4 -0.000235347
shell0_X0_Y0_Z0_mono0_fix1/shell1_X0_Y1_Z-1_mono1_fix1/shell3_X0_Y1_Z-3_mono1_fix1//test20tig_AVTZ// DONE 4.879875191366439 11.227186363707675 8.293257900440306 24.40031945551442 2 -0.000017813
shell0_X0_Y0_Z0_mono0_fix1/shell1_X0_Y0_Z-1_mono1_fix1/shell3_X0_Y0_Z-3_mono1_fix1//test20tig_AVTZ// DONE 4.8798752840715265 11.22718639110945 8.293257900440306 24.400319575621282 2 -0.000036138
shell0_X0_Y0_Z0_mono0_fix1/shell2_X0_Y0_Z-2_mono0_fix1/shell3_X0_Y1_Z-3_mono1_fix1//test20tig_AVTZ// DONE 8.293258355384793 11.227186363707675 4.879875191366439 24.400319910458904 4 -0.000036138
shell0_X0_Y0_Z0_mono0_fix1/shell1_X0_Y0_Z-1_mono1_fix1/shell2_X0_Y0_Z2_mono0_fix1//test20tig_AVTZ// DONE 4.8798752840715265 8.293258355384795 11.227186391109448 24.40032003056577 4 -0.000017813
shell0_X0_Y0_Z0_mono0_fix1/shell1_X-1_Y0_Z-1_mono1_fix1/shell1_X1_Y1_Z-1_mono1_fix1//test20tig_AVTZ// DONE 4.689718793492955 8.232858600601466 11.511985037242072 24.434562431336495 2 -0.000063894
shell0_X0_Y0_Z0_mono0_fix1/shell1_X1_Y0_Z-1_mono1_fix1/shell2_X2_Y-1_Z0_mono0_fix1//test20tig_AVTZ// DONE 8.232858625612332 11.511985300913402 4.689718751012225 24.434562677537958 4 -0.000063894
shell0_X0_Y0_Z0_mono0_fix1/shell1_X0_Y1_Z-1_mono1_fix1/shell2_X1_Y0_Z-2_mono1_fix1//test20tig_AVTZ// DONE 4.879875191366439 10.272462479830054 9.29549001807212 24.447827689268614 2 0.000172670
shell0_X0_Y0_Z0_mono0_fix1/shell1_X0_Y0_Z-1_mono1_fix1/shell1_X-1_Y-1_Z1_mono0_fix1//test20tig_AVTZ// DONE 4.8798752840715265 9.295490539077504 10.272462453065986 24.447828276215013 4 0.000172670
shell0_X0_Y0_Z0_mono0_fix1/shell1_X-1_Y-1_Z0_mono0_fix1/shell2_X-2_Y-1_Z0_mono0_fix1//test20tig_AVTZ// DONE 8.165893982210706 11.43170590071705 4.854291847385022 24.451891730312777 6 0.000014425
shell0_X0_Y0_Z0_mono0_fix1/shell1_X-1_Y0_Z-1_mono1_fix1/shell2_X-1_Y-1_Z-2_mono1_fix1//test20tig_AVTZ// DONE 4.689718793492955 11.892728317075902 7.918114679604272 24.50056179017313 2 -0.000296253
shell0_X0_Y0_Z0_mono0_fix1/shell1_X0_Y1_Z-1_mono0_fix1/shell2_X-1_Y2_Z-2_mono1_fix1//test20tig_AVTZ// DONE 7.918115177639053 11.892728247980974 4.689718751012225 24.500562176632254 4 -0.000296253
shell0_X0_Y0_Z0_mono0_fix1/shell1_X-1_Y1_Z-1_mono1_fix1/shell1_X1_Y0_Z0_mono1_fix1//test20tig_AVTZ// DONE 4.689718751012225 7.937059665509641 11.891151506273106 24.51792992279497 2 -0.000290480
shell0_X0_Y0_Z0_mono0_fix1/shell1_X-1_Y0_Z-1_mono1_fix1/shell2_X-2_Y-1_Z-1_mono0_fix1//test20tig_AVTZ// DONE 4.689718793492955 11.891151656917737 7.937059651198265 24.517930101608957 4 -0.000290481
shell0_X0_Y0_Z0_mono0_fix1/shell1_X-1_Y1_Z-1_mono1_fix1/shell2_X-1_Y2_Z-2_mono1_fix1//test20tig_AVTZ// DONE 4.689718751012225 11.892728247980974 7.947853458977189 24.530300457970387 2 -0.000230341
shell0_X0_Y0_Z0_mono0_fix1/shell1_X-1_Y0_Z-1_mono1_fix1/shell1_X0_Y1_Z1_mono0_fix1//test20tig_AVTZ// DONE 4.689718793492955 7.947854012254151 11.892728317075902 24.530301122823005 4 -0.000230341
shell0_X0_Y0_Z0_mono0_fix1/shell1_X0_Y0_Z-1_mono1_fix1/shell2_X1_Y1_Z-2_mono1_fix1//test20tig_AVTZ// DONE 4.8798752840715265 10.272462453065986 9.38737296522935 24.53971070236686 2 0.000146226
shell0_X0_Y0_Z0_mono0_fix1/shell1_X1_Y-1_Z-1_mono0_fix1/shell2_X1_Y0_Z-2_mono1_fix1//test20tig_AVTZ// DONE 9.3873734873741 10.272462479830054 4.879875191366439 24.53971115857059 4 0.000146226
shell0_X0_Y0_Z0_mono0_fix1/shell2_X-1_Y0_Z-2_mono1_fix1/shell2_X-2_Y1_Z-1_mono1_fix1//test20tig_AVTZ// DONE 7.324543907536211 7.9370587750867125 9.29549001807212 24.557092700695044 2 0.000146365
shell0_X0_Y0_Z0_mono0_fix1/shell1_X1_Y1_Z-1_mono0_fix1/shell2_X-1_Y1_Z-2_mono1_fix1//test20tig_AVTZ// DONE 9.295490539077504 7.3245438676480985 7.937058818163156 24.557093224888757 4 0.000146365
shell0_X0_Y0_Z0_mono0_fix1/shell1_X-1_Y0_Z-1_mono1_fix1/shell1_X1_Y1_Z0_mono1_fix1//test20tig_AVTZ// DONE 4.689718793492955 7.937059651198265 11.954352626741994 24.581131071433212 2 -0.000213410
shell0_X0_Y0_Z0_mono0_fix1/shell1_X-1_Y1_Z-1_mono1_fix1/shell2_X-2_Y1_Z-1_mono0_fix1//test20tig_AVTZ// DONE 4.689718751012225 11.9543527609583 7.937059665509641 24.581131177480163 4 -0.000213410
shell0_X0_Y0_Z0_mono0_fix1/shell2_X0_Y1_Z-2_mono1_fix1/shell3_X-1_Y1_Z-3_mono1_fix1//test20tig_AVTZ// DONE 7.646690156232921 10.88405459527898 6.064820740141162 24.595565491653065 2 0.000061550
shell0_X0_Y0_Z0_mono0_fix1/shell1_X1_Y0_Z1_mono0_fix1/shell2_X0_Y1_Z-2_mono1_fix1//test20tig_AVTZ// DONE 6.064820747978854 7.646690156232921 10.88405459527898 24.595565499490753 4 0.000033432
shell0_X0_Y0_Z0_mono0_fix1/shell2_X0_Y0_Z-2_mono1_fix1/shell3_X-1_Y0_Z-3_mono1_fix1//test20tig_AVTZ// DONE 7.646690203091247 10.88405462313503 6.064820740141162 24.59556556636744 2 0.000033432
shell0_X0_Y0_Z0_mono0_fix1/shell1_X-1_Y0_Z-1_mono0_fix1/shell3_X-1_Y0_Z-3_mono1_fix1//test20tig_AVTZ// DONE 6.064820747978854 10.88405462313503 7.646690203091247 24.595565574205132 4 0.000061550
shell0_X0_Y0_Z0_mono0_fix1/shell1_X-1_Y0_Z0_mono0_fix1/shell1_X1_Y-1_Z0_mono0_fix1//test20tig_AVTZ// DONE 4.854291847385022 8.27527950048686 11.511985300913402 24.641556648785283 6 -0.000117104
shell0_X0_Y0_Z0_mono0_fix1/shell1_X-1_Y-1_Z-1_mono0_fix1/shell1_X0_Y0_Z1_mono0_fix1//test20tig_AVTZ// DONE 8.971985427673124 4.381653042614121 11.29424631152965 24.64788478181689 6 0.000010759
shell0_X0_Y0_Z0_mono0_fix1/shell2_X-1_Y1_Z-2_mono1_fix1/shell2_X-2_Y0_Z-1_mono1_fix1//test20tig_AVTZ// DONE 7.3245438676480985 7.937058818163156 9.38737296522935 24.648975651040605 2 0.000109891
shell0_X0_Y0_Z0_mono0_fix1/shell1_X1_Y-1_Z-1_mono0_fix1/shell2_X-1_Y0_Z-2_mono1_fix1//test20tig_AVTZ// DONE 9.3873734873741 7.324543907536211 7.9370587750867125 24.648976169997024 4 0.000109891
shell0_X0_Y0_Z0_mono0_fix1/shell1_X0_Y1_Z-1_mono1_fix1/shell2_X-1_Y2_Z0_mono1_fix1//test20tig_AVTZ// DONE 4.879875191366439 10.55227099737296 9.29549001807212 24.727636206811518 2 0.000155219
shell0_X0_Y0_Z0_mono0_fix1/shell1_X0_Y0_Z-1_mono1_fix1/shell1_X1_Y1_Z-1_mono0_fix1//test20tig_AVTZ// DONE 4.8798752840715265 9.295490539077504 10.552271056865095 24.727636880014124 4 0.000155219
shell0_X0_Y0_Z0_mono0_fix1/shell1_X-1_Y1_Z-1_mono0_fix1/shell1_X0_Y0_Z1_mono0_fix1//test20tig_AVTZ// DONE 9.035177165497888 4.381653042614121 11.31644354548893 24.73327375360094 6 0.000078812
shell0_X0_Y0_Z0_mono0_fix1/shell1_X1_Y1_Z0_mono1_fix1/shell2_X0_Y1_Z-2_mono1_fix1//test20tig_AVTZ// DONE 7.937059651198265 7.646690156232921 9.153763740124077 24.737513547555263 2 0.000132629
shell0_X0_Y0_Z0_mono0_fix1/shell1_X1_Y0_Z0_mono1_fix1/shell2_X0_Y0_Z-2_mono1_fix1//test20tig_AVTZ// DONE 7.937059665509641 7.646690203091247 9.153763740124077 24.737513608724967 2 0.000124768
shell0_X0_Y0_Z0_mono0_fix1/shell1_X1_Y1_Z0_mono1_fix1/shell2_X1_Y0_Z2_mono0_fix1//test20tig_AVTZ// DONE 7.937059651198265 9.153763844015145 7.646690156232921 24.73751365144633 4 0.000124768
shell0_X0_Y0_Z0_mono0_fix1/shell1_X1_Y0_Z0_mono1_fix1/shell2_X1_Y0_Z2_mono0_fix1//test20tig_AVTZ// DONE 7.937059665509641 9.153763844015145 7.646690203091246 24.737513712616032 4 0.000132629
shell0_X0_Y0_Z0_mono0_fix1/shell1_X0_Y1_Z0_mono1_fix1/shell2_X1_Y1_Z-2_mono1_fix1//test20tig_AVTZ// DONE 4.689720349898127 10.272462453065986 9.807804358429697 24.769987161393807 2 0.000189003
shell0_X0_Y0_Z0_mono0_fix1/shell0_X0_Y0_Z0_mono1_fix1/shell2_X1_Y0_Z-2_mono1_fix1//test20tig_AVTZ// DONE 4.689720404504576 10.272462479830054 9.807804358429697 24.76998724276433 2 0.000169684
shell0_X0_Y0_Z0_mono0_fix1/shell1_X0_Y1_Z0_mono1_fix1/shell2_X-1_Y0_Z2_mono0_fix1//test20tig_AVTZ// DONE 4.689720349898127 9.80780491502408 10.272462453065986 24.769987717988194 4 0.000169684
shell0_X0_Y0_Z0_mono0_fix1/shell0_X0_Y0_Z0_mono1_fix1/shell2_X-1_Y0_Z2_mono0_fix1//test20tig_AVTZ// DONE 4.689720404504576 9.80780491502408 10.272462479830054 24.76998779935871 4 0.000189003
shell0_X0_Y0_Z0_mono0_fix1/shell1_X0_Y0_Z-1_mono1_fix1/shell1_X-1_Y-1_Z0_mono1_fix1//test20tig_AVTZ// DONE 4.8798752840715265 10.552271056865095 9.38737296522935 24.819519306165972 2 0.000133292
shell0_X0_Y0_Z0_mono0_fix1/shell1_X0_Y1_Z-1_mono1_fix1/shell1_X1_Y-1_Z-1_mono0_fix1//test20tig_AVTZ// DONE 4.879875191366439 9.3873734873741 10.55227099737296 24.8195196761135 4 0.000133292
shell0_X0_Y0_Z0_mono0_fix1/shell1_X1_Y0_Z-1_mono1_fix1/shell2_X0_Y1_Z-2_mono1_fix1//test20tig_AVTZ// DONE 8.232858625612332 7.646690156232921 8.971985126694959 24.851533908540212 2 0.000129275
shell0_X0_Y0_Z0_mono0_fix1/shell1_X1_Y1_Z-1_mono1_fix1/shell1_X1_Y1_Z1_mono0_fix1//test20tig_AVTZ// DONE 8.232858600601466 8.971985427673124 7.646690203091246 24.851534231365836 4 0.000129275
shell0_X0_Y0_Z0_mono0_fix1/shell1_X0_Y0_Z-1_mono1_fix1/shell2_X0_Y-1_Z-2_mono1_fix1//test20tig_AVTZ// DONE 4.8798752840715265 12.081056597548146 7.918114679604272 24.879046561223944 2 -0.000190143
shell0_X0_Y0_Z0_mono0_fix1/shell1_X0_Y1_Z-1_mono0_fix1/shell2_X0_Y2_Z-2_mono1_fix1//test20tig_AVTZ// DONE 7.918115177639053 12.081056531222636 4.879875191366439 24.879046900228126 4 -0.000190143
shell0_X0_Y0_Z0_mono0_fix1/shell1_X0_Y1_Z-1_mono1_fix1/shell2_X0_Y2_Z-2_mono1_fix1//test20tig_AVTZ// DONE 4.879875191366439 12.081056531222636 7.947853458977189 24.908785181566262 2 -0.000239924
shell0_X0_Y0_Z0_mono0_fix1/shell1_X0_Y0_Z-1_mono1_fix1/shell1_X0_Y1_Z1_mono0_fix1//test20tig_AVTZ// DONE 4.8798752840715265 7.947854012254151 12.081056597548143 24.90878589387382 4 -0.000239924
shell0_X0_Y0_Z0_mono0_fix1/shell1_X1_Y1_Z-1_mono1_fix1/shell2_X0_Y0_Z-2_mono1_fix1//test20tig_AVTZ// DONE 8.232858600601466 7.646690203091247 9.035176903288958 24.91472570698167 2 0.000106684
shell0_X0_Y0_Z0_mono0_fix1/shell1_X-1_Y1_Z-1_mono0_fix1/shell2_X0_Y1_Z-2_mono1_fix1//test20tig_AVTZ// DONE 9.035177165497888 7.646690156232921 8.232858625612332 24.914725947343143 4 0.000106684
shell0_X0_Y0_Z0_mono0_fix1/shell1_X0_Y1_Z-1_mono1_fix1/shell3_X-1_Y1_Z-3_mono1_fix1//test20tig_AVTZ// DONE 4.879875191366439 10.88405459527898 9.153763740124077 24.917693526769497 2 0.000098084
shell0_X0_Y0_Z0_mono0_fix1/shell1_X0_Y1_Z-1_mono1_fix1/shell2_X1_Y0_Z2_mono0_fix1//test20tig_AVTZ// DONE 4.879875191366439 9.153763844015145 10.88405459527898 24.917693630660565 4 0.000076773
shell0_X0_Y0_Z0_mono0_fix1/shell1_X0_Y0_Z-1_mono1_fix1/shell3_X-1_Y0_Z-3_mono1_fix1//test20tig_AVTZ// DONE 4.8798752840715265 10.88405462313503 9.153763740124077 24.917693647330633 2 0.000076774
shell0_X0_Y0_Z0_mono0_fix1/shell2_X-1_Y0_Z-2_mono0_fix1/shell3_X-1_Y0_Z-3_mono1_fix1//test20tig_AVTZ// DONE 9.153763844015145 10.88405462313503 4.8798752840715265 24.9176937512217 4 0.000098084
shell0_X0_Y0_Z0_mono0_fix1/shell2_X-2_Y1_Z-1_mono1_fix1/shell3_X-3_Y1_Z-1_mono1_fix1//test20tig_AVTZ// DONE 7.9370587750867125 12.129643244138835 4.854291280975464 24.920993300201012 2 -0.000174808
shell0_X0_Y0_Z0_mono0_fix1/shell2_X-2_Y0_Z-1_mono1_fix1/shell3_X-3_Y0_Z-1_mono1_fix1//test20tig_AVTZ// DONE 7.937058818163156 12.129643268335897 4.854291280975464 24.920993367474516 2 -0.000269387
shell0_X0_Y0_Z0_mono0_fix1/shell1_X-1_Y0_Z0_mono0_fix1/shell3_X-3_Y1_Z-1_mono1_fix1//test20tig_AVTZ// DONE 4.854291847385022 12.129643244138835 7.9370587750867125 24.92099386661057 4 -0.000269387
shell0_X0_Y0_Z0_mono0_fix1/shell1_X-1_Y0_Z0_mono0_fix1/shell3_X-3_Y0_Z-1_mono1_fix1//test20tig_AVTZ// DONE 4.854291847385022 12.129643268335897 7.937058818163156 24.920993933884073 4 -0.000174808
shell0_X0_Y0_Z0_mono0_fix1/shell1_X0_Y0_Z-1_mono0_fix1/shell3_X0_Y0_Z-3_mono0_fix1//test20tig_AVTZ// DONE 4.38165304261412 12.307337373733752 8.293258355384793 24.982248771732664 6 -0.000299381
shell0_X0_Y0_Z0_mono0_fix1/shell2_X-2_Y1_Z-2_mono1_fix1/shell2_X-1_Y0_Z-2_mono1_fix1//test20tig_AVTZ// DONE 9.573570512557703 7.324543907536211 8.16589350495135 25.064007925045267 2 0.000125909
shell0_X0_Y0_Z0_mono0_fix1/shell1_X-1_Y-1_Z0_mono0_fix1/shell2_X-2_Y0_Z-2_mono1_fix1//test20tig_AVTZ// DONE 8.165893982210706 9.573570545117207 7.3245438676480985 25.06400839497601 4 0.000125908
shell0_X0_Y0_Z0_mono0_fix1/shell1_X-1_Y1_Z-1_mono1_fix1/shell2_X-2_Y2_Z-1_mono1_fix1//test20tig_AVTZ// DONE 4.689718751012225 12.288125498378834 8.16589350495135 25.14373775434241 2 -0.000235631
shell0_X0_Y0_Z0_mono0_fix1/shell1_X-1_Y-1_Z0_mono0_fix1/shell2_X-2_Y-1_Z-1_mono1_fix1//test20tig_AVTZ// DONE 8.165893982210706 12.288125561514361 4.689718793492955 25.14373833721802 4 -0.000235631
shell0_X0_Y0_Z0_mono0_fix1/shell2_X-1_Y1_Z-2_mono1_fix1/shell3_X0_Y1_Z-3_mono1_fix1//test20tig_AVTZ// DONE 7.3245438676480985 11.227186363707675 6.602801743528848 25.15453197488462 2 0.000002718
shell0_X0_Y0_Z0_mono0_fix1/shell2_X-1_Y0_Z-2_mono1_fix1/shell3_X0_Y0_Z-3_mono1_fix1//test20tig_AVTZ// DONE 7.324543907536211 11.22718639110945 6.602801743528848 25.15453204217451 2 0.000022615
shell0_X0_Y0_Z0_mono0_fix1/shell1_X1_Y0_Z-1_mono0_fix1/shell3_X0_Y1_Z-3_mono1_fix1//test20tig_AVTZ// DONE 6.602802553139408 11.227186363707675 7.3245438676480985 25.15453278449518 4 0.000022615
shell0_X0_Y0_Z0_mono0_fix1/shell1_X1_Y0_Z-1_mono0_fix1/shell3_X0_Y0_Z-3_mono1_fix1//test20tig_AVTZ// DONE 6.602802553139408 11.22718639110945 7.324543907536211 25.154532851785067 4 0.000002718
shell0_X0_Y0_Z0_mono0_fix1/shell2_X-2_Y0_Z-2_mono1_fix1/shell2_X-1_Y1_Z-2_mono1_fix1//test20tig_AVTZ// DONE 9.573570545117207 7.3245438676480985 8.275279052957368 25.173393465722675 2 0.000100698
shell0_X0_Y0_Z0_mono0_fix1/shell1_X-1_Y1_Z0_mono0_fix1/shell2_X-2_Y1_Z-2_mono1_fix1//test20tig_AVTZ// DONE 8.27527950048686 9.573570512557703 7.324543907536211 25.17339392058077 4 0.000100698
shell0_X0_Y0_Z0_mono0_fix1/shell1_X-1_Y0_Z-1_mono1_fix1/shell2_X-2_Y-1_Z-1_mono1_fix1//test20tig_AVTZ// DONE 4.689718793492955 12.288125561514361 8.275279052957368 25.253123407964686 2 -0.000199178
shell0_X0_Y0_Z0_mono0_fix1/shell1_X-1_Y1_Z0_mono0_fix1/shell2_X-2_Y2_Z-1_mono1_fix1//test20tig_AVTZ// DONE 8.27527950048686 12.288125498378834 4.689718751012225 25.25312374987792 4 -0.000199177
shell0_X0_Y0_Z0_mono0_fix1/shell1_X-1_Y0_Z-1_mono0_fix1/shell2_X-1_Y1_Z-2_mono0_fix1//test20tig_AVTZ// DONE 6.064820747978854 11.31644354548893 7.918115177639053 25.299379471106835 6 -0.000001743
shell0_X0_Y0_Z0_mono0_fix1/shell1_X-1_Y0_Z-1_mono0_fix1/shell1_X0_Y1_Z1_mono0_fix1//test20tig_AVTZ// DONE 6.064820747978854 7.947854012254151 11.29424631152965 25.306921071762652 6 0.000059324
shell0_X0_Y0_Z0_mono0_fix1/shell2_X-1_Y1_Z-2_mono1_fix1/shell2_X-2_Y1_Z0_mono1_fix1//test20tig_AVTZ// DONE 7.3245438676480985 8.232859489005401 9.807804358429697 25.365207715083194 2 0.000088143
shell0_X0_Y0_Z0_mono0_fix1/shell2_X-1_Y0_Z-2_mono1_fix1/shell2_X-2_Y0_Z0_mono1_fix1//test20tig_AVTZ// DONE 7.324543907536211 8.232859518875284 9.807804358429697 25.36520778484119 2 0.000089706
shell0_X0_Y0_Z0_mono0_fix1/shell2_X-1_Y1_Z-2_mono1_fix1/shell2_X1_Y0_Z-2_mono0_fix1//test20tig_AVTZ// DONE 7.3245438676480985 9.80780491502408 8.232859489005401 25.36520827167758 4 0.000089706
shell0_X0_Y0_Z0_mono0_fix1/shell2_X-1_Y0_Z-2_mono1_fix1/shell2_X1_Y0_Z-2_mono0_fix1//test20tig_AVTZ// DONE 7.324543907536211 9.80780491502408 8.232859518875284 25.365208341435576 4 0.000088143
shell0_X0_Y0_Z0_mono0_fix1/shell2_X0_Y2_Z-1_mono1_fix1/shell2_X0_Y2_Z0_mono1_fix1//test20tig_AVTZ// DONE 10.552270310097942 10.479836785889324 4.381652121160035 25.413759217147298 2 0.000159319
shell0_X0_Y0_Z0_mono0_fix1/shell2_X-1_Y2_Z-1_mono1_fix1/shell2_X-1_Y2_Z0_mono1_fix1//test20tig_AVTZ// DONE 10.479836115247128 10.55227099737296 4.381652121160035 25.413759233780123 2 0.000144861
shell0_X0_Y0_Z0_mono0_fix1/shell1_X0_Y0_Z-1_mono0_fix1/shell2_X0_Y2_Z-1_mono1_fix1//test20tig_AVTZ// DONE 4.38165304261412 10.552270310097942 10.479836785889324 25.413760138601386 4 0.000144860
shell0_X0_Y0_Z0_mono0_fix1/shell1_X0_Y0_Z-1_mono0_fix1/shell2_X-1_Y2_Z-1_mono1_fix1//test20tig_AVTZ// DONE 4.38165304261412 10.479836115247128 10.55227099737296 25.413760155234208 4 0.000159319
shell0_X0_Y0_Z0_mono0_fix1/shell2_X-2_Y0_Z-2_mono1_fix1/shell2_X-2_Y1_Z-1_mono1_fix1//test20tig_AVTZ// DONE 9.573570545117207 7.9370587750867125 7.9181146796042725 25.42874399980819 2 0.000100755
shell0_X0_Y0_Z0_mono0_fix1/shell1_X0_Y1_Z-1_mono0_fix1/shell2_X-2_Y1_Z-2_mono1_fix1//test20tig_AVTZ// DONE 7.918115177639053 9.573570512557703 7.937058818163156 25.428744508359912 4 0.000100754
shell0_X0_Y0_Z0_mono0_fix1/shell2_X-2_Y1_Z-2_mono1_fix1/shell2_X-2_Y0_Z-1_mono1_fix1//test20tig_AVTZ// DONE 9.573570512557703 7.937058818163156 7.947853458977189 25.45848278969805 2 0.000100029
shell0_X0_Y0_Z0_mono0_fix1/shell1_X0_Y-1_Z-1_mono0_fix1/shell2_X-2_Y0_Z-2_mono1_fix1//test20tig_AVTZ// DONE 7.94785401225415 9.573570545117207 7.9370587750867125 25.45848333245807 4 0.000100029
shell0_X0_Y0_Z0_mono0_fix1/shell1_X1_Y1_Z-1_mono1_fix1/shell2_X-1_Y1_Z-2_mono1_fix1//test20tig_AVTZ// DONE 8.232858600601466 7.3245438676480985 9.903259030824282 25.460661499073844 2 0.000100219
shell0_X0_Y0_Z0_mono0_fix1/shell2_X-1_Y1_Z-2_mono1_fix1/shell2_X-2_Y0_Z-1_mono0_fix1//test20tig_AVTZ// DONE 7.3245438676480985 9.903259070833585 8.232858600601466 25.460661539083148 4 0.000097359
shell0_X0_Y0_Z0_mono0_fix1/shell1_X1_Y0_Z-1_mono1_fix1/shell2_X-1_Y0_Z-2_mono1_fix1//test20tig_AVTZ// DONE 8.232858625612332 7.324543907536211 9.903259030824282 25.460661563972828 2 0.000097359
shell0_X0_Y0_Z0_mono0_fix1/shell1_X1_Y0_Z-1_mono1_fix1/shell2_X2_Y0_Z1_mono0_fix1//test20tig_AVTZ// DONE 8.232858625612332 9.903259070833585 7.324543907536211 25.460661603982125 4 0.000100219
shell0_X0_Y0_Z0_mono0_fix1/shell1_X-1_Y1_Z-1_mono1_fix1/shell2_X1_Y1_Z-2_mono1_fix1//test20tig_AVTZ// DONE 4.689718751012225 10.272462453065986 10.506825110816445 25.469006314894656 2 0.000149366
shell0_X0_Y0_Z0_mono0_fix1/shell1_X-1_Y0_Z-1_mono1_fix1/shell2_X1_Y0_Z-2_mono1_fix1//test20tig_AVTZ// DONE 4.689718793492955 10.272462479830054 10.506825110816445 25.469006384139455 2 0.000140954
shell0_X0_Y0_Z0_mono0_fix1/shell1_X-1_Y1_Z-1_mono1_fix1/shell2_X-2_Y0_Z1_mono0_fix1//test20tig_AVTZ// DONE 4.689718751012225 10.506825541052299 10.272462453065986 25.469006745130507 4 0.000140954
shell0_X0_Y0_Z0_mono0_fix1/shell1_X-1_Y0_Z-1_mono1_fix1/shell2_X-2_Y0_Z1_mono0_fix1//test20tig_AVTZ// DONE 4.689718793492955 10.506825541052299 10.272462479830054 25.46900681437531 4 0.000149367
shell0_X0_Y0_Z0_mono0_fix1/shell1_X0_Y0_Z-1_mono0_fix1/shell1_X-1_Y-1_Z1_mono0_fix1//test20tig_AVTZ// DONE 4.38165304261412 9.295490539077504 11.801089846871278 25.478233428562902 6 -0.000027918
shell0_X0_Y0_Z0_mono0_fix1/shell1_X0_Y0_Z-1_mono1_fix1/shell2_X-2_Y1_Z0_mono1_fix1//test20tig_AVTZ// DONE 4.8798752840715265 8.232859489005401 12.382809519383654 25.49554429246058 2 -0.000216011
shell0_X0_Y0_Z0_mono0_fix1/shell1_X0_Y1_Z-1_mono1_fix1/shell2_X2_Y1_Z-1_mono0_fix1//test20tig_AVTZ// DONE 4.879875191366439 12.382809884255245 8.232859518875284 25.495544594496966 4 -0.000216012
shell0_X0_Y0_Z0_mono0_fix1/shell1_X0_Y0_Z-1_mono1_fix1/shell1_X1_Y-1_Z-1_mono1_fix1//test20tig_AVTZ// DONE 4.8798752840715265 12.470205005668648 8.16589350495135 25.515973794691526 2 -0.000183833
shell0_X0_Y0_Z0_mono0_fix1/shell1_X0_Y1_Z-1_mono1_fix1/shell1_X-1_Y-1_Z0_mono0_fix1//test20tig_AVTZ// DONE 4.879875191366439 8.165893982210706 12.470204952125622 25.51597412570277 4 -0.000183834
shell0_X0_Y0_Z0_mono0_fix1/shell1_X1_Y1_Z-1_mono1_fix1/shell2_X2_Y1_Z-1_mono1_fix1//test20tig_AVTZ// DONE 8.232858600601466 12.436584155887973 4.854291280975464 25.5237340374649 2 -0.000238762
shell0_X0_Y0_Z0_mono0_fix1/shell1_X1_Y0_Z-1_mono1_fix1/shell2_X2_Y0_Z-1_mono1_fix1//test20tig_AVTZ// DONE 8.232858625612332 12.436584171531699 4.854291280975464 25.523734078119492 2 -0.000158911
shell0_X0_Y0_Z0_mono0_fix1/shell1_X1_Y1_Z-1_mono1_fix1/shell1_X-1_Y0_Z0_mono0_fix1//test20tig_AVTZ// DONE 8.232858600601466 4.854291847385022 12.436584155887973 25.52373460387446 4 -0.000158911
shell0_X0_Y0_Z0_mono0_fix1/shell1_X1_Y0_Z0_mono0_fix1/shell2_X2_Y0_Z-1_mono1_fix1//test20tig_AVTZ// DONE 4.854291847385022 12.436584171531699 8.232858625612332 25.52373464452905 4 -0.000238762
shell0_X0_Y0_Z0_mono0_fix1/shell1_X0_Y1_Z-1_mono1_fix1/shell2_X-2_Y0_Z0_mono1_fix1//test20tig_AVTZ// DONE 4.879875191366439 8.232859518875284 12.453271105140063 25.566005815381786 2 -0.000154548
shell0_X0_Y0_Z0_mono0_fix1/shell2_X-2_Y1_Z0_mono1_fix1/shell2_X-2_Y1_Z1_mono0_fix1//test20tig_AVTZ// DONE 8.232859489005401 12.453271462979721 4.879875284071528 25.566006236056648 4 -0.000154548
shell0_X0_Y0_Z0_mono0_fix1/shell1_X0_Y0_Z-1_mono0_fix1/shell1_X-1_Y1_Z1_mono0_fix1//test20tig_AVTZ// DONE 4.38165304261412 9.3873734873741 11.854553024155814 25.623579554144037 6 -0.000008455
shell0_X0_Y0_Z0_mono0_fix1/shell1_X0_Y1_Z-1_mono1_fix1/shell2_X1_Y2_Z-1_mono1_fix1//test20tig_AVTZ// DONE 4.879875191366439 12.470204952125622 8.275279052957368 25.62535919644943 2 -0.000172174
shell0_X0_Y0_Z0_mono0_fix1/shell1_X1_Y-1_Z-1_mono1_fix1/shell1_X1_Y-1_Z0_mono0_fix1//test20tig_AVTZ// DONE 12.470205005668648 8.27527950048686 4.879875284071528 25.625359790227034 4 -0.000172174
shell0_X0_Y0_Z0_mono0_fix1/shell1_X1_Y0_Z-1_mono0_fix1/shell2_X-1_Y0_Z-2_mono0_fix1//test20tig_AVTZ// DONE 6.602802553139408 9.153763844015145 9.903259070833585 25.65982546798814 6 0.000096058
shell0_X0_Y0_Z0_mono0_fix1/shell2_X0_Y0_Z-2_mono0_fix1/shell2_X0_Y1_Z-2_mono0_fix1//test20tig_AVTZ// DONE 8.293258355384793 10.597767900119495 6.810811507043177 25.701837762547463 6 0.000072598
shell0_X0_Y0_Z0_mono0_fix1/shell1_X-1_Y-1_Z-1_mono0_fix1/shell1_X1_Y0_Z0_mono0_fix1//test20tig_AVTZ// DONE 8.971985427673124 4.854291847385022 11.891151656917737 25.71742893197588 6 0.000054795
shell0_X0_Y0_Z0_mono0_fix1/shell2_X-1_Y1_Z-2_mono1_fix1/shell2_X-1_Y2_Z-1_mono1_fix1//test20tig_AVTZ// DONE 7.3245438676480985 10.479836115247128 7.9181146796042725 25.7224946624995 2 0.000072312
shell0_X0_Y0_Z0_mono0_fix1/shell1_X-1_Y-1_Z-1_mono1_fix1/shell1_X0_Y-1_Z1_mono0_fix1//test20tig_AVTZ// DONE 10.479836186966654 7.918115177639056 7.324543907536211 25.72249527214192 4 0.000072312
shell0_X0_Y0_Z0_mono0_fix1/shell1_X-1_Y1_Z-1_mono1_fix1/shell3_X0_Y1_Z-3_mono1_fix1//test20tig_AVTZ// DONE 4.689718751012225 11.227186363707675 9.807804358429697 25.724709473149595 2 0.000087721
shell0_X0_Y0_Z0_mono0_fix1/shell1_X-1_Y0_Z-1_mono1_fix1/shell3_X0_Y0_Z-3_mono1_fix1//test20tig_AVTZ// DONE 4.689718793492955 11.22718639110945 9.807804358429697 25.724709543032105 2 0.000102699
shell0_X0_Y0_Z0_mono0_fix1/shell1_X-1_Y1_Z-1_mono1_fix1/shell2_X-1_Y0_Z2_mono0_fix1//test20tig_AVTZ// DONE 4.689718751012225 9.80780491502408 11.227186363707675 25.72471002974398 4 0.000102699
shell0_X0_Y0_Z0_mono0_fix1/shell1_X-1_Y0_Z-1_mono1_fix1/shell2_X-1_Y0_Z2_mono0_fix1//test20tig_AVTZ// DONE 4.689718793492955 9.80780491502408 11.227186391109448 25.724710099626485 4 0.000087721
shell0_X0_Y0_Z0_mono0_fix1/shell2_X0_Y0_Z2_mono0_fix1/shell2_X0_Y1_Z2_mono0_fix1//test20tig_AVTZ// DONE 8.293258355384795 10.621615668329172 6.810811507043177 25.725685530757143 6 0.000066798
shell0_X0_Y0_Z0_mono0_fix1/shell1_X0_Y1_Z-1_mono1_fix1/shell2_X-1_Y2_Z-2_mono1_fix1//test20tig_AVTZ// DONE 4.879875191366439 11.892728247980974 8.971985126694959 25.744588566042374 2 -0.000033489
shell0_X0_Y0_Z0_mono0_fix1/shell1_X0_Y0_Z-1_mono1_fix1/shell1_X1_Y1_Z1_mono0_fix1//test20tig_AVTZ// DONE 4.8798752840715265 8.971985427673124 11.892728317075902 25.74458902882055 4 -0.000033489
shell0_X0_Y0_Z0_mono0_fix1/shell1_X-1_Y0_Z0_mono1_fix1/shell2_X-2_Y1_Z-2_mono1_fix1//test20tig_AVTZ// DONE 4.879876783261088 9.573570512557703 11.294246105787236 25.74769340160603 2 0.000070063
shell0_X0_Y0_Z0_mono0_fix1/shell2_X-2_Y0_Z-2_mono1_fix1/shell2_X-1_Y-1_Z-2_mono0_fix1//test20tig_AVTZ// DONE 9.573570545117207 11.29424631152965 4.879876784204481 25.747693640851335 4 0.000070063
shell0_X0_Y0_Z0_mono0_fix1/shell1_X-1_Y-1_Z-1_mono1_fix1/shell2_X-1_Y0_Z-2_mono1_fix1//test20tig_AVTZ// DONE 10.479836186966654 7.324543907536211 7.947853458977189 25.752233553480053 2 0.000071803
shell0_X0_Y0_Z0_mono0_fix1/shell1_X0_Y-1_Z-1_mono0_fix1/shell2_X-1_Y1_Z-2_mono1_fix1//test20tig_AVTZ// DONE 7.94785401225415 7.3245438676480985 10.479836115247128 25.752233995149375 4 0.000071803
shell0_X0_Y0_Z0_mono0_fix1/shell1_X-1_Y1_Z0_mono1_fix1/shell2_X-2_Y0_Z-2_mono1_fix1//test20tig_AVTZ// DONE 4.879876784204481 9.573570545117207 11.316443371727567 25.769890701049256 2 0.000063039
shell0_X0_Y0_Z0_mono0_fix1/shell1_X-1_Y0_Z0_mono1_fix1/shell2_X1_Y-1_Z2_mono0_fix1//test20tig_AVTZ// DONE 4.879876783261088 11.31644354548893 9.573570512557703 25.76989084130772 4 0.000063039
shell0_X0_Y0_Z0_mono0_fix1/shell2_X-1_Y1_Z-2_mono1_fix1/shell3_X-2_Y1_Z-3_mono1_fix1//test20tig_AVTZ// DONE 7.3245438676480985 12.394697932541886 6.064820740141162 25.784062540331146 2 -0.000088622
shell0_X0_Y0_Z0_mono0_fix1/shell1_X-1_Y0_Z-1_mono0_fix1/shell3_X-2_Y1_Z-3_mono1_fix1//test20tig_AVTZ// DONE 6.064820747978854 12.394697932541886 7.3245438676480985 25.78406254816884 4 -0.000127128
shell0_X0_Y0_Z0_mono0_fix1/shell2_X-1_Y0_Z-2_mono1_fix1/shell3_X-2_Y0_Z-3_mono1_fix1//test20tig_AVTZ// DONE 7.324543907536211 12.394697956586858 6.064820740141162 25.784062604264232 2 -0.000127128
shell0_X0_Y0_Z0_mono0_fix1/shell1_X-1_Y0_Z-1_mono0_fix1/shell3_X-2_Y0_Z-3_mono1_fix1//test20tig_AVTZ// DONE 6.064820747978854 12.394697956586858 7.324543907536211 25.784062612101923 4 -0.000088622
shell0_X0_Y0_Z0_mono0_fix1/shell1_X-1_Y-1_Z0_mono0_fix1/shell1_X1_Y-1_Z0_mono0_fix1//test20tig_AVTZ// DONE 8.165893982210706 8.27527950048686 9.361506889970098 25.802680372667663 6 0.000087918
shell0_X0_Y0_Z0_mono0_fix1/shell1_X0_Y0_Z-1_mono1_fix1/shell2_X-1_Y-1_Z-2_mono1_fix1//test20tig_AVTZ// DONE 4.8798752840715265 11.892728317075902 9.035176903288958 25.807780504436387 2 -0.000004637
shell0_X0_Y0_Z0_mono0_fix1/shell1_X-1_Y1_Z-1_mono0_fix1/shell2_X-1_Y2_Z-2_mono1_fix1//test20tig_AVTZ// DONE 9.035177165497888 11.892728247980974 4.879875191366439 25.8077806048453 4 -0.000004638
shell0_X0_Y0_Z0_mono0_fix1/shell1_X-1_Y1_Z-1_mono0_fix1/shell1_X1_Y0_Z0_mono0_fix1//test20tig_AVTZ// DONE 9.035177165497888 4.854291847385022 11.9543527609583 25.843821773841206 6 -0.000030833
shell0_X0_Y0_Z0_mono0_fix1/shell2_X-1_Y2_Z-1_mono1_fix1/shell2_X0_Y2_Z-1_mono1_fix1//test20tig_AVTZ// DONE 10.479836115247128 10.552270310097942 4.854291280975464 25.886397706320533 2 0.000118803
shell0_X0_Y0_Z0_mono0_fix1/shell1_X-1_Y-1_Z-1_mono1_fix1/shell1_X0_Y-1_Z-1_mono1_fix1//test20tig_AVTZ// DONE 10.479836186966654 10.552270378746126 4.854291280975464 25.886397846688244 2 0.000121847
shell0_X0_Y0_Z0_mono0_fix1/shell1_X-1_Y0_Z0_mono0_fix1/shell2_X-1_Y2_Z-1_mono1_fix1//test20tig_AVTZ// DONE 4.854291847385022 10.479836115247128 10.552270310097942 25.88639827273009 4 0.000121848
shell0_X0_Y0_Z0_mono0_fix1/shell1_X-1_Y-1_Z-1_mono1_fix1/shell1_X-1_Y0_Z0_mono0_fix1//test20tig_AVTZ// DONE 10.479836186966654 4.854291847385022 10.552270378746126 25.8863984130978 4 0.000118803
shell0_X0_Y0_Z0_mono0_fix1/shell1_X-1_Y0_Z0_mono0_fix1/shell2_X1_Y0_Z2_mono0_fix1//test20tig_AVTZ// DONE 4.854291847385022 9.153763844015145 11.9138079772099 25.921863668610065 6 0.000041513
shell0_X0_Y0_Z0_mono0_fix1/shell2_X-2_Y0_Z-2_mono1_fix1/shell2_X-2_Y1_Z-2_mono1_fix1//test20tig_AVTZ// DONE 9.573570545117207 9.573570512557703 6.810810873136547 25.957951930811454 2 0.000087544
shell0_X0_Y0_Z0_mono0_fix1/shell1_X0_Y1_Z0_mono0_fix1/shell2_X-2_Y1_Z-2_mono1_fix1//test20tig_AVTZ// DONE 6.810811507043177 9.573570512557703 9.573570545117207 25.957952564718088 4 0.000087544
shell0_X0_Y0_Z0_mono0_fix1/shell1_X1_Y1_Z-1_mono0_fix1/shell2_X0_Y1_Z-2_mono0_fix1//test20tig_AVTZ// DONE 9.295490539077504 10.597767900119495 6.064820747978854 25.95807918717585 6 0.000080182
shell0_X0_Y0_Z0_mono0_fix1/shell2_X-1_Y1_Z-2_mono1_fix1/shell2_X-1_Y2_Z-2_mono1_fix1//test20tig_AVTZ// DONE 7.3245438676480985 11.892728247980974 6.810810873136547 26.028082988765618 2 -0.000000905
shell0_X0_Y0_Z0_mono0_fix1/shell2_X-1_Y-1_Z-2_mono1_fix1/shell2_X-1_Y0_Z-2_mono1_fix1//test20tig_AVTZ// DONE 11.892728317075902 7.324543907536211 6.810810873136547 26.02808309774866 2 -0.000004985
shell0_X0_Y0_Z0_mono0_fix1/shell1_X0_Y1_Z0_mono0_fix1/shell2_X-1_Y2_Z-2_mono1_fix1//test20tig_AVTZ// DONE 6.810811507043177 11.892728247980974 7.3245438676480985 26.028083622672252 4 -0.000004985
shell0_X0_Y0_Z0_mono0_fix1/shell1_X0_Y1_Z0_mono0_fix1/shell2_X-1_Y0_Z-2_mono1_fix1//test20tig_AVTZ// DONE 6.810811507043177 7.324543907536211 11.892728317075902 26.02808373165529 4 -0.000000905
shell0_X0_Y0_Z0_mono0_fix1/shell1_X-1_Y-1_Z-1_mono0_fix1/shell1_X0_Y-1_Z1_mono0_fix1//test20tig_AVTZ// DONE 8.971985427673124 7.918115177639056 9.153763844015145 26.043864449327323 6 0.000082934
shell0_X0_Y0_Z0_mono0_fix1/shell1_X-1_Y0_Z-1_mono1_fix1/shell2_X0_Y-1_Z-2_mono1_fix1//test20tig_AVTZ// DONE 4.689718793492955 12.081056597548146 9.29549001807212 26.06626540911322 2 -0.000036306
shell0_X0_Y0_Z0_mono0_fix1/shell1_X-1_Y1_Z-1_mono1_fix1/shell1_X-1_Y-1_Z1_mono0_fix1//test20tig_AVTZ// DONE 4.689718751012225 9.295490539077504 12.081056531222638 26.066265821312363 4 -0.000036306
shell0_X0_Y0_Z0_mono0_fix1/shell1_X-1_Y0_Z-1_mono0_fix1/shell1_X-1_Y1_Z1_mono0_fix1//test20tig_AVTZ// DONE 6.064820747978854 9.3873734873741 10.621615668329172 26.073809903682125 6 0.000086342
shell0_X0_Y0_Z0_mono0_fix1/shell2_X0_Y1_Z-2_mono1_fix1/shell2_X1_Y0_Z-2_mono1_fix1//test20tig_AVTZ// DONE 7.646690156232921 10.272462479830054 8.16589350495135 26.085046141014324 2 0.000073146
shell0_X0_Y0_Z0_mono0_fix1/shell1_X1_Y1_Z0_mono0_fix1/shell2_X1_Y1_Z-2_mono1_fix1//test20tig_AVTZ// DONE 8.165893982210706 10.272462453065986 7.646690203091247 26.08504663836794 4 0.000073146
shell0_X0_Y0_Z0_mono0_fix1/shell2_X0_Y1_Z-2_mono1_fix1/shell2_X-2_Y1_Z-1_mono1_fix1//test20tig_AVTZ// DONE 7.646690156232921 7.9370587750867125 10.506825110816445 26.090574042136076 2 0.000064958
shell0_X0_Y0_Z0_mono0_fix1/shell2_X0_Y0_Z-2_mono1_fix1/shell2_X-2_Y0_Z-1_mono1_fix1//test20tig_AVTZ// DONE 7.646690203091247 7.937058818163156 10.506825110816445 26.09057413207085 2 0.000065335
shell0_X0_Y0_Z0_mono0_fix1/shell2_X0_Y1_Z-2_mono1_fix1/shell2_X2_Y0_Z-1_mono0_fix1//test20tig_AVTZ// DONE 7.646690156232921 10.506825541052299 7.9370587750867125 26.090574472371934 4 0.000065335
shell0_X0_Y0_Z0_mono0_fix1/shell2_X0_Y0_Z-2_mono1_fix1/shell2_X2_Y0_Z-1_mono0_fix1//test20tig_AVTZ// DONE 7.646690203091247 10.506825541052299 7.937058818163156 26.090574562306703 4 0.000064958
shell0_X0_Y0_Z0_mono0_fix1/shell1_X1_Y0_Z-1_mono0_fix1/shell1_X-1_Y0_Z1_mono0_fix1//test20tig_AVTZ// DONE 6.602802553139408 6.602802553139408 12.885391568406023 26.09099667468484 3 -0.000147988
shell0_X0_Y0_Z0_mono0_fix1/shell2_X-2_Y1_Z-2_mono1_fix1/shell2_X-2_Y1_Z0_mono1_fix1//test20tig_AVTZ// DONE 9.573570512557703 8.232859489005401 8.293257900440306 26.09968790200341 2 0.000074840
shell0_X0_Y0_Z0_mono0_fix1/shell2_X-2_Y0_Z-2_mono1_fix1/shell2_X-2_Y0_Z0_mono1_fix1//test20tig_AVTZ// DONE 9.573570545117207 8.232859518875284 8.293257900440306 26.099687964432796 2 0.000079025
shell0_X0_Y0_Z0_mono0_fix1/shell2_X-2_Y1_Z-2_mono1_fix1/shell2_X0_Y0_Z-2_mono0_fix1//test20tig_AVTZ// DONE 9.573570512557703 8.293258355384793 8.232859489005401 26.099688356947894 4 0.000079025
shell0_X0_Y0_Z0_mono0_fix1/shell2_X-2_Y0_Z-2_mono1_fix1/shell2_X0_Y0_Z-2_mono0_fix1//test20tig_AVTZ// DONE 9.573570545117207 8.293258355384793 8.232859518875284 26.099688419377284 4 0.000074840
shell0_X0_Y0_Z0_mono0_fix1/shell2_X0_Y1_Z-2_mono1_fix1/shell2_X0_Y2_Z-1_mono1_fix1//test20tig_AVTZ// DONE 7.646690156232921 10.552270310097942 7.9181146796042725 26.117075145935136 2 0.000065362
shell0_X0_Y0_Z0_mono0_fix1/shell1_X0_Y-1_Z-1_mono1_fix1/shell1_X0_Y-1_Z1_mono0_fix1//test20tig_AVTZ// DONE 10.552270378746126 7.918115177639056 7.646690203091246 26.11707575947643 4 0.000065362
shell0_X0_Y0_Z0_mono0_fix1/shell1_X-1_Y0_Z-1_mono0_fix1/shell1_X1_Y1_Z0_mono0_fix1//test20tig_AVTZ// DONE 6.064820747978854 8.165893982210706 11.891151656917737 26.121866387107296 6 0.000023234
shell0_X0_Y0_Z0_mono0_fix1/shell2_X-1_Y1_Z-2_mono1_fix1/shell3_X-1_Y0_Z-3_mono1_fix1//test20tig_AVTZ// DONE 7.3245438676480985 10.88405462313503 7.918114679604272 26.1267131703874 2 0.000055225
shell0_X0_Y0_Z0_mono0_fix1/shell1_X0_Y1_Z-1_mono0_fix1/shell3_X-1_Y1_Z-3_mono1_fix1//test20tig_AVTZ// DONE 7.918115177639053 10.88405459527898 7.324543907536211 26.126713680454245 4 0.000055225
shell0_X0_Y0_Z0_mono0_fix1/shell1_X-1_Y1_Z-1_mono0_fix1/shell1_X0_Y1_Z1_mono0_fix1//test20tig_AVTZ// DONE 9.035177165497888 7.947854012254151 9.153763844015145 26.136795021767185 6 0.000072325
shell0_X0_Y0_Z0_mono0_fix1/shell1_X0_Y0_Z-1_mono1_fix1/shell1_X1_Y-1_Z0_mono1_fix1//test20tig_AVTZ// DONE 4.8798752840715265 12.288126088308935 8.971985126694959 26.13998649907542 2 -0.000030053
shell0_X0_Y0_Z0_mono0_fix1/shell1_X-1_Y-1_Z-1_mono0_fix1/shell1_X0_Y1_Z-1_mono1_fix1//test20tig_AVTZ// DONE 8.971985427673124 4.879875191366439 12.288126041203562 26.139986660243125 4 -0.000030053
shell0_X0_Y0_Z0_mono0_fix1/shell1_X0_Y-1_Z-1_mono1_fix1/shell2_X0_Y0_Z-2_mono1_fix1//test20tig_AVTZ// DONE 10.552270378746126 7.646690203091247 7.947853458977189 26.14681404081456 2 0.000060813
shell0_X0_Y0_Z0_mono0_fix1/shell1_X0_Y-1_Z-1_mono0_fix1/shell2_X0_Y1_Z-2_mono1_fix1//test20tig_AVTZ// DONE 7.94785401225415 7.646690156232921 10.552270310097942 26.146814478585014 4 0.000060813
shell0_X0_Y0_Z0_mono0_fix1/shell2_X-1_Y0_Z-2_mono1_fix1/shell3_X-1_Y1_Z-3_mono1_fix1//test20tig_AVTZ// DONE 7.324543907536211 10.88405459527898 7.947853458977189 26.15645196179238 2 0.000056942
shell0_X0_Y0_Z0_mono0_fix1/shell1_X0_Y-1_Z-1_mono0_fix1/shell3_X-1_Y0_Z-3_mono1_fix1//test20tig_AVTZ// DONE 7.94785401225415 10.88405462313503 7.3245438676480985 26.15645250303728 4 0.000056942
shell0_X0_Y0_Z0_mono0_fix1/shell1_X-1_Y1_Z-1_mono1_fix1/shell2_X0_Y2_Z-2_mono1_fix1//test20tig_AVTZ// DONE 4.689718751012225 12.081056531222636 9.38737296522935 26.15814824746421 2 -0.000009278
shell0_X0_Y0_Z0_mono0_fix1/shell1_X-1_Y0_Z-1_mono1_fix1/shell1_X-1_Y1_Z1_mono0_fix1//test20tig_AVTZ// DONE 4.689718793492955 9.3873734873741 12.081056597548143 26.158148878415197 4 -0.000009278
shell0_X0_Y0_Z0_mono0_fix1/shell1_X-1_Y1_Z-1_mono1_fix1/shell3_X-1_Y0_Z-3_mono1_fix1//test20tig_AVTZ// DONE 4.689718751012225 10.88405462313503 10.597767545050122 26.171540919197376 2 0.000115121
shell0_X0_Y0_Z0_mono0_fix1/shell2_X0_Y1_Z-2_mono0_fix1/shell3_X-1_Y1_Z-3_mono1_fix1//test20tig_AVTZ// DONE 10.597767900119495 10.88405459527898 4.689718793492955 26.17154128889143 4 0.000115121
shell0_X0_Y0_Z0_mono0_fix1/shell1_X0_Y1_Z0_mono1_fix1/shell2_X2_Y0_Z2_mono0_fix1//test20tig_AVTZ// DONE 4.689720349898127 11.9138079772099 9.573570512557703 26.17709883966573 4 0.000041948
shell0_X0_Y0_Z0_mono0_fix1/shell1_X0_Y1_Z0_mono1_fix1/shell2_X-2_Y1_Z-2_mono1_fix1//test20tig_AVTZ// DONE 4.689720349898127 9.573570512557703 11.913807981064506 26.177098843520334 2 0.000046474
shell0_X0_Y0_Z0_mono0_fix1/shell0_X0_Y0_Z0_mono1_fix1/shell2_X2_Y0_Z2_mono0_fix1//test20tig_AVTZ// DONE 4.689720404504576 11.9138079772099 9.573570545117207 26.177098926831682 4 0.000046474
shell0_X0_Y0_Z0_mono0_fix1/shell0_X0_Y0_Z0_mono1_fix1/shell2_X-2_Y0_Z-2_mono1_fix1//test20tig_AVTZ// DONE 4.689720404504576 9.573570545117207 11.913807981064506 26.17709893068629 2 0.000041947
shell0_X0_Y0_Z0_mono0_fix1/shell1_X-1_Y1_Z-1_mono1_fix1/shell3_X-3_Y1_Z-1_mono1_fix1//test20tig_AVTZ// DONE 4.689718751012225 12.129643244138835 9.361506629507653 26.180868624658714 2 0.000023311
shell0_X0_Y0_Z0_mono0_fix1/shell1_X-1_Y0_Z-1_mono1_fix1/shell3_X-3_Y0_Z-1_mono1_fix1//test20tig_AVTZ// DONE 4.689718793492955 12.129643268335897 9.361506629507653 26.180868691336507 2 -0.000007058
shell0_X0_Y0_Z0_mono0_fix1/shell1_X-1_Y1_Z-1_mono1_fix1/shell2_X2_Y0_Z0_mono0_fix1//test20tig_AVTZ// DONE 4.689718751012225 9.361506889970098 12.129643244138835 26.180868885121157 4 -0.000007058
shell0_X0_Y0_Z0_mono0_fix1/shell1_X-1_Y0_Z-1_mono1_fix1/shell2_X2_Y0_Z0_mono0_fix1//test20tig_AVTZ// DONE 4.689718793492955 9.361506889970098 12.129643268335897 26.18086895179895 4 0.000023311
shell0_X0_Y0_Z0_mono0_fix1/shell2_X0_Y0_Z-2_mono1_fix1/shell2_X1_Y1_Z-2_mono1_fix1//test20tig_AVTZ// DONE 7.646690203091247 10.272462453065986 8.275279052957368 26.194431709114603 2 0.000058910
shell0_X0_Y0_Z0_mono0_fix1/shell1_X-1_Y1_Z0_mono0_fix1/shell2_X0_Y1_Z-2_mono1_fix1//test20tig_AVTZ// DONE 8.27527950048686 7.646690156232921 10.272462479830054 26.194432136549835 4 0.000058910
shell0_X0_Y0_Z0_mono0_fix1/shell1_X-1_Y0_Z-1_mono1_fix1/shell3_X-1_Y1_Z-3_mono1_fix1//test20tig_AVTZ// DONE 4.689718793492955 10.88405459527898 10.621615275561464 26.1953886643334 2 0.000113990
shell0_X0_Y0_Z0_mono0_fix1/shell1_X-1_Y1_Z-1_mono1_fix1/shell2_X0_Y1_Z2_mono0_fix1//test20tig_AVTZ// DONE 4.689718751012225 10.621615668329172 10.88405462313503 26.195389042476428 4 0.000113990
shell0_X0_Y0_Z0_mono0_fix1/shell1_X-1_Y-1_Z-1_mono0_fix1/shell1_X-1_Y0_Z1_mono0_fix1//test20tig_AVTZ// DONE 8.971985427673124 6.602802553139408 10.621615668329172 26.1964036491417 6 0.000058893
shell0_X0_Y0_Z0_mono0_fix1/shell2_X2_Y0_Z2_mono0_fix1/shell2_X2_Y0_Z1_mono0_fix1//test20tig_AVTZ// DONE 11.9138079772099 9.903259070833585 4.38165304261412 26.198720090657602 6 0.000062043
shell0_X0_Y0_Z0_mono0_fix1/shell1_X0_Y1_Z-1_mono1_fix1/shell2_X1_Y2_Z0_mono1_fix1//test20tig_AVTZ// DONE 4.879875191366439 12.288126041203562 9.035176903288958 26.203178135858955 2 -0.000023145
shell0_X0_Y0_Z0_mono0_fix1/shell1_X-1_Y1_Z-1_mono0_fix1/shell1_X0_Y0_Z-1_mono1_fix1//test20tig_AVTZ// DONE 9.035177165497888 4.8798752840715265 12.288126088308935 26.20317853787835 4 -0.000023145
shell0_X0_Y0_Z0_mono0_fix1/shell1_X-1_Y1_Z-1_mono0_fix1/shell1_X-1_Y0_Z1_mono0_fix1//test20tig_AVTZ// DONE 9.035177165497888 6.602802553139408 10.597767900119495 26.23574761875679 6 0.000066764
shell0_X0_Y0_Z0_mono0_fix1/shell1_X-1_Y1_Z-1_mono1_fix1/shell3_X-2_Y1_Z-3_mono1_fix1//test20tig_AVTZ// DONE 4.689718751012225 12.394697932541886 9.153763740124077 26.238180423678187 2 -0.000039273
shell0_X0_Y0_Z0_mono0_fix1/shell1_X-1_Y0_Z-1_mono1_fix1/shell3_X-2_Y0_Z-3_mono1_fix1//test20tig_AVTZ// DONE 4.689718793492955 12.394697956586858 9.153763740124077 26.23818049020389 2 -0.000046670
shell0_X0_Y0_Z0_mono0_fix1/shell1_X-1_Y1_Z-1_mono1_fix1/shell2_X1_Y0_Z2_mono0_fix1//test20tig_AVTZ// DONE 4.689718751012225 9.153763844015145 12.394697932541886 26.238180527569256 4 -0.000046670
shell0_X0_Y0_Z0_mono0_fix1/shell1_X-1_Y0_Z-1_mono1_fix1/shell2_X1_Y0_Z2_mono0_fix1//test20tig_AVTZ// DONE 4.689718793492955 9.153763844015145 12.394697956586858 26.238180594094956 4 -0.000039273
shell0_X0_Y0_Z0_mono0_fix1/shell1_X-1_Y0_Z-1_mono0_fix1/shell1_X1_Y-1_Z0_mono0_fix1//test20tig_AVTZ// DONE 6.064820747978854 8.27527950048686 11.9543527609583 26.29445300942401 6 -0.000000241
shell0_X0_Y0_Z0_mono0_fix1/shell1_X0_Y1_Z-1_mono0_fix1/shell1_X-1_Y0_Z1_mono0_fix1//test20tig_AVTZ// DONE 7.918115177639053 6.602802553139408 11.801089846871278 26.32200757764974 6 0.000028591
shell0_X0_Y0_Z0_mono0_fix1/shell2_X-1_Y0_Z-2_mono0_fix1/shell3_X-1_Y0_Z-3_mono0_fix1//test20tig_AVTZ// DONE 9.153763844015145 12.798371821311024 4.38165304261412 26.333788707940286 6 -0.000137086
shell0_X0_Y0_Z0_mono0_fix1/shell1_X0_Y0_Z-1_mono1_fix1/shell2_X-2_Y1_Z-2_mono1_fix1//test20tig_AVTZ// DONE 4.8798752840715265 9.573570512557703 11.891151506273106 26.344597302902336 2 0.000054392
shell0_X0_Y0_Z0_mono0_fix1/shell2_X-2_Y0_Z-2_mono1_fix1/shell2_X-2_Y-1_Z-1_mono0_fix1//test20tig_AVTZ// DONE 9.573570545117207 11.891151656917737 4.879875191366439 26.34459739340138 4 0.000054392
shell0_X0_Y0_Z0_mono0_fix1/shell2_X-2_Y1_Z-2_mono1_fix1/shell3_X-2_Y1_Z-3_mono1_fix1//test20tig_AVTZ// DONE 9.573570512557703 12.394697932541886 4.381652121160035 26.349920566259623 2 -0.000032619
shell0_X0_Y0_Z0_mono0_fix1/shell2_X-2_Y0_Z-2_mono1_fix1/shell3_X-2_Y0_Z-3_mono1_fix1//test20tig_AVTZ// DONE 9.573570545117207 12.394697956586858 4.381652121160035 26.3499206228641 2 -0.000010952
