shell0_X0_Y0_Z0_mono0_fix1/shell1_X0_Y1_Z-1_mono1_fix1/shell2_X-1_Y1_Z-2_mono1_fix1//test20tig_AVTZ// DONE 4.879875191366439 7.3245438676480985 6.064820740141162 18.2692397991557 2 0.002220174
shell0_X0_Y0_Z0_mono0_fix1/shell1_X-1_Y0_Z-1_mono0_fix1/shell2_X-1_Y1_Z-2_mono1_fix1//test20tig_AVTZ// DONE 6.064820747978854 7.3245438676480985 4.879875191366439 18.26923980699339 4 0.001795904
shell0_X0_Y0_Z0_mono0_fix1/shell1_X0_Y0_Z-1_mono1_fix1/shell2_X-1_Y0_Z-2_mono1_fix1//test20tig_AVTZ// DONE 4.8798752840715265 7.324543907536211 6.064820740141162 18.2692399317489 2 0.001795902
shell0_X0_Y0_Z0_mono0_fix1/shell1_X-1_Y0_Z-1_mono0_fix1/shell2_X-1_Y0_Z-2_mono1_fix1//test20tig_AVTZ// DONE 6.064820747978854 7.324543907536211 4.8798752840715265 18.26923993958659 4 0.002220177
shell0_X0_Y0_Z0_mono0_fix1/shell1_X0_Y1_Z-1_mono1_fix1/shell1_X1_Y1_Z0_mono1_fix1//test20tig_AVTZ// DONE 4.879875191366439 7.937059651198265 6.064820740141162 18.881755582705864 2 0.001382618
shell0_X0_Y0_Z0_mono0_fix1/shell1_X1_Y0_Z1_mono0_fix1/shell1_X1_Y1_Z0_mono1_fix1//test20tig_AVTZ// DONE 6.064820747978854 7.937059651198265 4.879875191366439 18.881755590543555 4 0.001254395
shell0_X0_Y0_Z0_mono0_fix1/shell1_X0_Y0_Z-1_mono1_fix1/shell1_X1_Y0_Z0_mono1_fix1//test20tig_AVTZ// DONE 4.8798752840715265 7.937059665509641 6.064820740141162 18.88175568972233 2 0.001254393
shell0_X0_Y0_Z0_mono0_fix1/shell1_X-1_Y0_Z-1_mono0_fix1/shell1_X0_Y0_Z-1_mono1_fix1//test20tig_AVTZ// DONE 6.064820747978854 4.8798752840715265 7.937059665509641 18.88175569756002 4 0.001382618
shell0_X0_Y0_Z0_mono0_fix1/shell1_X-1_Y1_Z-1_mono1_fix1/shell2_X0_Y1_Z-2_mono1_fix1//test20tig_AVTZ// DONE 4.689718751012225 7.646690156232921 6.602801743528848 18.939210650773994 2 0.001193358
shell0_X0_Y0_Z0_mono0_fix1/shell1_X-1_Y0_Z-1_mono1_fix1/shell2_X0_Y0_Z-2_mono1_fix1//test20tig_AVTZ// DONE 4.689718793492955 7.646690203091247 6.602801743528848 18.93921074011305 2 0.001375555
shell0_X0_Y0_Z0_mono0_fix1/shell1_X-1_Y1_Z-1_mono1_fix1/shell1_X-1_Y0_Z1_mono0_fix1//test20tig_AVTZ// DONE 4.689718751012225 6.602802553139408 7.646690156232921 18.939211460384556 4 0.001375554
shell0_X0_Y0_Z0_mono0_fix1/shell1_X-1_Y0_Z-1_mono1_fix1/shell1_X-1_Y0_Z1_mono0_fix1//test20tig_AVTZ// DONE 4.689718793492955 6.602802553139408 7.646690203091246 18.93921154972361 4 0.001193358
shell0_X0_Y0_Z0_mono0_fix1/shell1_X0_Y0_Z-1_mono0_fix1/shell1_X0_Y1_Z-1_mono0_fix1//test20tig_AVTZ// DONE 4.38165304261412 7.918115177639053 6.810811507043177 19.11057972729635 6 0.001334641
shell0_X0_Y0_Z0_mono0_fix1/shell1_X0_Y-1_Z-1_mono0_fix1/shell1_X0_Y0_Z-1_mono0_fix1//test20tig_AVTZ// DONE 7.94785401225415 4.38165304261412 6.810811507043177 19.140318561911446 6 0.001043926
shell0_X0_Y0_Z0_mono0_fix1/shell1_X-1_Y1_Z-1_mono1_fix1/shell2_X-2_Y1_Z0_mono1_fix1//test20tig_AVTZ// DONE 4.689718751012225 8.232859489005401 6.602801743528848 19.525379983546472 2 0.000930425
shell0_X0_Y0_Z0_mono0_fix1/shell1_X-1_Y0_Z-1_mono1_fix1/shell2_X-2_Y0_Z0_mono1_fix1//test20tig_AVTZ// DONE 4.689718793492955 8.232859518875284 6.602801743528848 19.525380055897084 2 0.001006967
shell0_X0_Y0_Z0_mono0_fix1/shell1_X-1_Y1_Z-1_mono1_fix1/shell1_X1_Y0_Z-1_mono0_fix1//test20tig_AVTZ// DONE 4.689718751012225 6.602802553139408 8.232859489005401 19.525380793157034 4 0.001006966
shell0_X0_Y0_Z0_mono0_fix1/shell1_X-1_Y0_Z-1_mono1_fix1/shell1_X1_Y0_Z-1_mono0_fix1//test20tig_AVTZ// DONE 4.689718793492955 6.602802553139408 8.232859518875284 19.525380865507646 4 0.000930425
shell0_X0_Y0_Z0_mono0_fix1/shell1_X-1_Y0_Z-1_mono0_fix1/shell1_X0_Y0_Z1_mono0_fix1//test20tig_AVTZ// DONE 6.064820747978854 4.381653042614121 9.153763844015145 19.60023763460812 6 -0.000482829
shell0_X0_Y0_Z0_mono0_fix1/shell2_X-1_Y1_Z-2_mono1_fix1/shell2_X0_Y1_Z-2_mono1_fix1//test20tig_AVTZ// DONE 7.3245438676480985 7.646690156232921 4.854291280975464 19.825525304856484 2 0.000917067
shell0_X0_Y0_Z0_mono0_fix1/shell2_X-1_Y0_Z-2_mono1_fix1/shell2_X0_Y0_Z-2_mono1_fix1//test20tig_AVTZ// DONE 7.324543907536211 7.646690203091247 4.854291280975464 19.825525391602923 2 0.000992759
shell0_X0_Y0_Z0_mono0_fix1/shell1_X-1_Y0_Z0_mono0_fix1/shell2_X-1_Y1_Z-2_mono1_fix1//test20tig_AVTZ// DONE 4.854291847385022 7.3245438676480985 7.646690156232921 19.82552587126604 4 0.000992760
shell0_X0_Y0_Z0_mono0_fix1/shell1_X-1_Y0_Z0_mono0_fix1/shell2_X-1_Y0_Z-2_mono1_fix1//test20tig_AVTZ// DONE 4.854291847385022 7.324543907536211 7.646690203091247 19.82552595801248 4 0.000917066
shell0_X0_Y0_Z0_mono0_fix1/shell1_X-1_Y-1_Z0_mono0_fix1/shell1_X-1_Y0_Z0_mono0_fix1//test20tig_AVTZ// DONE 8.165893982210706 4.854291847385022 6.810811507043177 19.830997336638905 6 0.001198492
shell0_X0_Y0_Z0_mono0_fix1/shell1_X-1_Y1_Z-1_mono1_fix1/shell2_X-1_Y0_Z-2_mono1_fix1//test20tig_AVTZ// DONE 4.689718751012225 7.324543907536211 7.918114679604272 19.93237733815271 2 0.000959563
shell0_X0_Y0_Z0_mono0_fix1/shell1_X0_Y1_Z-1_mono0_fix1/shell2_X-1_Y1_Z-2_mono1_fix1//test20tig_AVTZ// DONE 7.918115177639053 7.3245438676480985 4.689718793492955 19.932377838780106 4 0.000959563
shell0_X0_Y0_Z0_mono0_fix1/shell1_X-1_Y0_Z0_mono0_fix1/shell1_X-1_Y1_Z0_mono0_fix1//test20tig_AVTZ// DONE 4.854291847385022 8.27527950048686 6.810811507043177 19.940382854915057 6 0.000392650
shell0_X0_Y0_Z0_mono0_fix1/shell1_X-1_Y0_Z-1_mono1_fix1/shell2_X-1_Y1_Z-2_mono1_fix1//test20tig_AVTZ// DONE 4.689718793492955 7.3245438676480985 7.947853458977189 19.962116120118242 2 0.000834201
shell0_X0_Y0_Z0_mono0_fix1/shell1_X-1_Y1_Z-1_mono1_fix1/shell1_X0_Y1_Z1_mono0_fix1//test20tig_AVTZ// DONE 4.689718751012225 7.947854012254151 7.324543907536211 19.962116670802587 4 0.000834200
shell0_X0_Y0_Z0_mono0_fix1/shell1_X-1_Y1_Z-1_mono1_fix1/shell2_X-2_Y1_Z-2_mono1_fix1//test20tig_AVTZ// DONE 4.689718751012225 9.573570512557703 6.064820740141162 20.32811000371109 2 -0.000329324
shell0_X0_Y0_Z0_mono0_fix1/shell1_X-1_Y1_Z-1_mono1_fix1/shell1_X1_Y0_Z1_mono0_fix1//test20tig_AVTZ// DONE 4.689718751012225 6.064820747978854 9.573570512557703 20.32811001154878 4 -0.000867925
shell0_X0_Y0_Z0_mono0_fix1/shell1_X-1_Y0_Z-1_mono1_fix1/shell2_X-2_Y0_Z-2_mono1_fix1//test20tig_AVTZ// DONE 4.689718793492955 9.573570545117207 6.064820740141162 20.328110078751322 2 -0.000867921
shell0_X0_Y0_Z0_mono0_fix1/shell1_X-1_Y0_Z-1_mono0_fix1/shell2_X-2_Y0_Z-2_mono1_fix1//test20tig_AVTZ// DONE 6.064820747978854 9.573570545117207 4.689718793492955 20.328110086589014 4 -0.000329326
shell0_X0_Y0_Z0_mono0_fix1/shell1_X0_Y1_Z-1_mono1_fix1/shell2_X0_Y0_Z-2_mono1_fix1//test20tig_AVTZ// DONE 4.879875191366439 7.646690203091247 7.918114679604272 20.44468007406196 2 0.000747852
shell0_X0_Y0_Z0_mono0_fix1/shell1_X0_Y1_Z-1_mono0_fix1/shell2_X0_Y1_Z-2_mono1_fix1//test20tig_AVTZ// DONE 7.918115177639053 7.646690156232921 4.8798752840715265 20.4446806179435 4 0.000747852
shell0_X0_Y0_Z0_mono0_fix1/shell1_X0_Y0_Z-1_mono1_fix1/shell2_X0_Y1_Z-2_mono1_fix1//test20tig_AVTZ// DONE 4.8798752840715265 7.646690156232921 7.947853458977189 20.474418899281638 2 0.000699566
shell0_X0_Y0_Z0_mono0_fix1/shell1_X0_Y1_Z-1_mono1_fix1/shell1_X0_Y1_Z1_mono0_fix1//test20tig_AVTZ// DONE 4.879875191366439 7.947854012254151 7.646690203091246 20.474419406711835 4 0.000699566
shell0_X0_Y0_Z0_mono0_fix1/shell1_X-1_Y1_Z0_mono1_fix1/shell2_X-1_Y1_Z-2_mono1_fix1//test20tig_AVTZ// DONE 4.879876784204481 7.3245438676480985 8.293257900440306 20.497678552292886 2 0.000648683
shell0_X0_Y0_Z0_mono0_fix1/shell1_X-1_Y0_Z0_mono1_fix1/shell2_X-1_Y0_Z-2_mono1_fix1//test20tig_AVTZ// DONE 4.879876783261088 7.324543907536211 8.293257900440306 20.497678591237605 2 0.000618938
shell0_X0_Y0_Z0_mono0_fix1/shell2_X-1_Y1_Z-2_mono1_fix1/shell2_X0_Y0_Z-2_mono0_fix1//test20tig_AVTZ// DONE 7.3245438676480985 8.293258355384793 4.879876784204481 20.497679007237373 4 0.000618938
shell0_X0_Y0_Z0_mono0_fix1/shell1_X-1_Y0_Z0_mono1_fix1/shell2_X0_Y0_Z2_mono0_fix1//test20tig_AVTZ// DONE 4.879876783261088 8.293258355384795 7.324543907536211 20.497679046182093 4 0.000648683
shell0_X0_Y0_Z0_mono0_fix1/shell1_X1_Y1_Z-1_mono1_fix1/shell1_X1_Y1_Z0_mono1_fix1//test20tig_AVTZ// DONE 8.232858600601466 7.937059651198265 4.381652121160035 20.551570372959763 2 0.000796828
shell0_X0_Y0_Z0_mono0_fix1/shell2_X-2_Y1_Z-1_mono1_fix1/shell2_X-2_Y1_Z0_mono1_fix1//test20tig_AVTZ// DONE 7.9370587750867125 8.232859489005401 4.381652121160035 20.55157038525215 2 0.000680881
shell0_X0_Y0_Z0_mono0_fix1/shell1_X0_Y0_Z-1_mono0_fix1/shell1_X1_Y1_Z-1_mono1_fix1//test20tig_AVTZ// DONE 4.38165304261412 8.232858600601466 7.937059651198265 20.55157129441385 4 0.000680882
shell0_X0_Y0_Z0_mono0_fix1/shell1_X0_Y0_Z1_mono0_fix1/shell2_X-2_Y1_Z0_mono1_fix1//test20tig_AVTZ// DONE 4.381653042614121 8.232859489005401 7.9370587750867125 20.551571306706233 4 0.000796826
shell0_X0_Y0_Z0_mono0_fix1/shell1_X0_Y1_Z0_mono1_fix1/shell2_X0_Y1_Z-2_mono1_fix1//test20tig_AVTZ// DONE 4.689720349898127 7.646690156232921 8.293257900440306 20.629668406571355 2 0.000693769
shell0_X0_Y0_Z0_mono0_fix1/shell0_X0_Y0_Z0_mono1_fix1/shell2_X0_Y0_Z-2_mono1_fix1//test20tig_AVTZ// DONE 4.689720404504576 7.646690203091247 8.293257900440306 20.62966850803613 2 0.000674743
shell0_X0_Y0_Z0_mono0_fix1/shell1_X0_Y1_Z0_mono1_fix1/shell2_X0_Y0_Z2_mono0_fix1//test20tig_AVTZ// DONE 4.689720349898127 8.293258355384795 7.646690156232921 20.629668861515842 4 0.000674744
shell0_X0_Y0_Z0_mono0_fix1/shell0_X0_Y0_Z0_mono1_fix1/shell2_X0_Y0_Z2_mono0_fix1//test20tig_AVTZ// DONE 4.689720404504576 8.293258355384795 7.646690203091246 20.629668962980617 4 0.000693769
shell0_X0_Y0_Z0_mono0_fix1/shell1_X0_Y0_Z-1_mono0_fix1/shell1_X-1_Y0_Z1_mono0_fix1//test20tig_AVTZ// DONE 4.38165304261412 6.602802553139408 9.80780491502408 20.79226051077761 6 -0.000591363
shell0_X0_Y0_Z0_mono0_fix1/shell1_X-1_Y0_Z-1_mono1_fix1/shell2_X-2_Y1_Z-1_mono1_fix1//test20tig_AVTZ// DONE 4.689718793492955 7.9370587750867125 8.16589350495135 20.792671073531018 2 0.000845708
shell0_X0_Y0_Z0_mono0_fix1/shell1_X-1_Y1_Z-1_mono1_fix1/shell1_X1_Y1_Z0_mono0_fix1//test20tig_AVTZ// DONE 4.689718751012225 8.165893982210706 7.937058818163156 20.792671551386086 4 0.000845708
shell0_X0_Y0_Z0_mono0_fix1/shell1_X-1_Y0_Z-1_mono0_fix1/shell2_X-2_Y0_Z-1_mono0_fix1//test20tig_AVTZ// DONE 6.064820747978854 9.903259070833585 4.854291847385022 20.82237166619746 6 -0.000490661
shell0_X0_Y0_Z0_mono0_fix1/shell1_X-1_Y1_Z-1_mono1_fix1/shell2_X-2_Y0_Z-1_mono1_fix1//test20tig_AVTZ// DONE 4.689718751012225 7.937058818163156 8.275279052957368 20.902056622132747 2 0.000515474
shell0_X0_Y0_Z0_mono0_fix1/shell1_X-1_Y0_Z-1_mono1_fix1/shell1_X1_Y-1_Z0_mono0_fix1//test20tig_AVTZ// DONE 4.689718793492955 8.27527950048686 7.9370587750867125 20.902057069066526 4 0.000515474
shell0_X0_Y0_Z0_mono0_fix1/shell1_X0_Y1_Z0_mono1_fix1/shell2_X-1_Y1_Z-2_mono1_fix1//test20tig_AVTZ// DONE 4.689720349898127 7.3245438676480985 9.153763740124077 21.168027957670304 2 0.000406094
shell0_X0_Y0_Z0_mono0_fix1/shell0_X0_Y0_Z0_mono1_fix1/shell2_X-1_Y0_Z-2_mono1_fix1//test20tig_AVTZ// DONE 4.689720404504576 7.324543907536211 9.153763740124077 21.168028052164864 2 0.000461998
shell0_X0_Y0_Z0_mono0_fix1/shell1_X0_Y1_Z0_mono1_fix1/shell2_X1_Y0_Z2_mono0_fix1//test20tig_AVTZ// DONE 4.689720349898127 9.153763844015145 7.3245438676480985 21.168028061561373 4 0.000462000
shell0_X0_Y0_Z0_mono0_fix1/shell0_X0_Y0_Z0_mono1_fix1/shell2_X1_Y0_Z2_mono0_fix1//test20tig_AVTZ// DONE 4.689720404504576 9.153763844015145 7.324543907536211 21.168028156055932 4 0.000406096
shell0_X0_Y0_Z0_mono0_fix1/shell1_X0_Y0_Z-1_mono1_fix1/shell2_X-1_Y1_Z-2_mono1_fix1//test20tig_AVTZ// DONE 4.8798752840715265 7.3245438676480985 8.971985126694959 21.176404278414584 2 0.000573447
shell0_X0_Y0_Z0_mono0_fix1/shell1_X-1_Y-1_Z-1_mono0_fix1/shell2_X-1_Y0_Z-2_mono1_fix1//test20tig_AVTZ// DONE 8.971985427673124 7.324543907536211 4.879875191366439 21.176404526575773 4 0.000573448
shell0_X0_Y0_Z0_mono0_fix1/shell1_X0_Y1_Z-1_mono1_fix1/shell2_X-1_Y0_Z-2_mono1_fix1//test20tig_AVTZ// DONE 4.879875191366439 7.324543907536211 9.035176903288958 21.23959600219161 2 0.000348211
shell0_X0_Y0_Z0_mono0_fix1/shell1_X-1_Y1_Z-1_mono0_fix1/shell2_X-1_Y1_Z-2_mono1_fix1//test20tig_AVTZ// DONE 9.035177165497888 7.3245438676480985 4.8798752840715265 21.239596317217515 4 0.000348211
shell0_X0_Y0_Z0_mono0_fix1/shell1_X0_Y1_Z-1_mono1_fix1/shell1_X1_Y0_Z-1_mono1_fix1//test20tig_AVTZ// DONE 4.879875191366439 8.232858625612332 8.16589350495135 21.278627321930124 2 0.000639712
shell0_X0_Y0_Z0_mono0_fix1/shell1_X0_Y0_Z-1_mono1_fix1/shell1_X-1_Y-1_Z0_mono0_fix1//test20tig_AVTZ// DONE 4.8798752840715265 8.165893982210706 8.232858600601466 21.278627866883696 4 0.000639711
shell0_X0_Y0_Z0_mono0_fix1/shell1_X0_Y0_Z-1_mono1_fix1/shell1_X1_Y1_Z-1_mono1_fix1//test20tig_AVTZ// DONE 4.8798752840715265 8.232858600601466 8.275279052957368 21.388012937630357 2 0.000437725
shell0_X0_Y0_Z0_mono0_fix1/shell1_X1_Y0_Z-1_mono1_fix1/shell1_X1_Y-1_Z0_mono0_fix1//test20tig_AVTZ// DONE 8.232858625612332 8.27527950048686 4.879875191366439 21.388013317465628 4 0.000437725
shell0_X0_Y0_Z0_mono0_fix1/shell1_X-1_Y-1_Z-1_mono0_fix1/shell1_X0_Y0_Z-1_mono0_fix1//test20tig_AVTZ// DONE 8.971985427673124 4.38165304261412 8.165893982210706 21.51953245249795 6 0.000506155
shell0_X0_Y0_Z0_mono0_fix1/shell1_X-1_Y1_Z-1_mono1_fix1/shell2_X0_Y0_Z-2_mono1_fix1//test20tig_AVTZ// DONE 4.689718751012225 7.646690203091247 9.29549001807212 21.63189897217559 2 0.000459137
shell0_X0_Y0_Z0_mono0_fix1/shell1_X-1_Y0_Z-1_mono1_fix1/shell1_X-1_Y-1_Z1_mono0_fix1//test20tig_AVTZ// DONE 4.689718793492955 9.295490539077504 7.646690156232921 21.63189948880338 4 0.000459137
shell0_X0_Y0_Z0_mono0_fix1/shell1_X-1_Y1_Z-1_mono0_fix1/shell1_X0_Y0_Z-1_mono0_fix1//test20tig_AVTZ// DONE 9.035177165497888 4.38165304261412 8.27527950048686 21.69210970859887 6 0.000451663
shell0_X0_Y0_Z0_mono0_fix1/shell1_X-1_Y0_Z-1_mono1_fix1/shell2_X0_Y1_Z-2_mono1_fix1//test20tig_AVTZ// DONE 4.689718793492955 7.646690156232921 9.38737296522935 21.723781914955225 2 0.000227225
shell0_X0_Y0_Z0_mono0_fix1/shell1_X-1_Y1_Z-1_mono1_fix1/shell1_X-1_Y1_Z1_mono0_fix1//test20tig_AVTZ// DONE 4.689718751012225 9.3873734873741 7.646690203091246 21.72378244147757 4 0.000227225
shell0_X0_Y0_Z0_mono0_fix1/shell2_X-2_Y1_Z-2_mono1_fix1/shell2_X-1_Y1_Z-2_mono1_fix1//test20tig_AVTZ// DONE 9.573570512557703 7.3245438676480985 4.854291280975464 21.752405661181264 2 0.000366623
shell0_X0_Y0_Z0_mono0_fix1/shell2_X-2_Y0_Z-2_mono1_fix1/shell2_X-1_Y0_Z-2_mono1_fix1//test20tig_AVTZ// DONE 9.573570545117207 7.324543907536211 4.854291280975464 21.75240573362888 2 0.000276524
shell0_X0_Y0_Z0_mono0_fix1/shell1_X-1_Y0_Z0_mono0_fix1/shell2_X-2_Y1_Z-2_mono1_fix1//test20tig_AVTZ// DONE 4.854291847385022 9.573570512557703 7.3245438676480985 21.752406227590825 4 0.000276524
shell0_X0_Y0_Z0_mono0_fix1/shell1_X-1_Y0_Z0_mono0_fix1/shell2_X-2_Y0_Z-2_mono1_fix1//test20tig_AVTZ// DONE 4.854291847385022 9.573570545117207 7.324543907536211 21.752406300038437 4 0.000366624
shell0_X0_Y0_Z0_mono0_fix1/shell1_X0_Y1_Z-1_mono1_fix1/shell2_X1_Y1_Z-2_mono1_fix1//test20tig_AVTZ// DONE 4.879875191366439 10.272462453065986 6.602801743528848 21.755139387961272 2 -0.000408651
shell0_X0_Y0_Z0_mono0_fix1/shell1_X0_Y0_Z-1_mono1_fix1/shell2_X1_Y0_Z-2_mono1_fix1//test20tig_AVTZ// DONE 4.8798752840715265 10.272462479830054 6.602801743528848 21.755139507430428 2 -0.000205500
shell0_X0_Y0_Z0_mono0_fix1/shell1_X0_Y1_Z-1_mono1_fix1/shell1_X-1_Y0_Z1_mono0_fix1//test20tig_AVTZ// DONE 4.879875191366439 6.602802553139408 10.272462453065986 21.755140197571833 4 -0.000205500
shell0_X0_Y0_Z0_mono0_fix1/shell1_X0_Y0_Z-1_mono1_fix1/shell1_X-1_Y0_Z1_mono0_fix1//test20tig_AVTZ// DONE 4.8798752840715265 6.602802553139408 10.272462479830054 21.75514031704099 4 -0.000408651
shell0_X0_Y0_Z0_mono0_fix1/shell1_X-1_Y-1_Z-1_mono0_fix1/shell1_X0_Y-1_Z-1_mono0_fix1//test20tig_AVTZ// DONE 8.971985427673124 7.94785401225415 4.854291847385022 21.774131287312294 6 0.000492974
shell0_X0_Y0_Z0_mono0_fix1/shell1_X0_Y1_Z-1_mono1_fix1/shell1_X1_Y0_Z0_mono1_fix1//test20tig_AVTZ// DONE 4.879875191366439 7.937059665509641 8.971985126694959 21.78891998357104 2 0.000439263
shell0_X0_Y0_Z0_mono0_fix1/shell1_X-1_Y-1_Z-1_mono0_fix1/shell1_X0_Y0_Z-1_mono1_fix1//test20tig_AVTZ// DONE 8.971985427673124 4.8798752840715265 7.937059651198265 21.788920362942914 4 0.000439263
shell0_X0_Y0_Z0_mono0_fix1/shell1_X-1_Y1_Z-1_mono0_fix1/shell1_X0_Y1_Z-1_mono0_fix1//test20tig_AVTZ// DONE 9.035177165497888 7.918115177639053 4.854291847385022 21.80758419052196 6 0.000310475
shell0_X0_Y0_Z0_mono0_fix1/shell1_X0_Y0_Z-1_mono0_fix1/shell1_X1_Y1_Z-1_mono0_fix1//test20tig_AVTZ// DONE 4.38165304261412 9.295490539077504 8.165893982210706 21.843037563902328 6 0.000388543
shell0_X0_Y0_Z0_mono0_fix1/shell1_X0_Y0_Z-1_mono1_fix1/shell1_X1_Y1_Z0_mono1_fix1//test20tig_AVTZ// DONE 4.8798752840715265 7.937059651198265 9.035176903288958 21.85211183855875 2 0.000324941
shell0_X0_Y0_Z0_mono0_fix1/shell1_X1_Y-1_Z1_mono0_fix1/shell1_X1_Y0_Z0_mono1_fix1//test20tig_AVTZ// DONE 9.035177165497888 7.937059665509641 4.879875191366439 21.852112022373966 4 0.000324942
shell0_X0_Y0_Z0_mono0_fix1/shell2_X-2_Y1_Z-2_mono1_fix1/shell2_X-2_Y1_Z-1_mono1_fix1//test20tig_AVTZ// DONE 9.573570512557703 7.9370587750867125 4.381652121160035 21.89228140880445 2 0.000301498
shell0_X0_Y0_Z0_mono0_fix1/shell2_X-2_Y0_Z-2_mono1_fix1/shell2_X-2_Y0_Z-1_mono1_fix1//test20tig_AVTZ// DONE 9.573570545117207 7.937058818163156 4.381652121160035 21.892281484440396 2 0.000407827
shell0_X0_Y0_Z0_mono0_fix1/shell1_X0_Y0_Z-1_mono0_fix1/shell2_X-2_Y1_Z-2_mono1_fix1//test20tig_AVTZ// DONE 4.38165304261412 9.573570512557703 7.9370587750867125 21.892282330258535 4 0.000407826
shell0_X0_Y0_Z0_mono0_fix1/shell1_X0_Y0_Z-1_mono0_fix1/shell2_X-2_Y0_Z-2_mono1_fix1//test20tig_AVTZ// DONE 4.38165304261412 9.573570545117207 7.937058818163156 21.892282405894484 4 0.000301498
shell0_X0_Y0_Z0_mono0_fix1/shell1_X1_Y0_Z-1_mono0_fix1/shell1_X-1_Y0_Z0_mono0_fix1//test20tig_AVTZ// DONE 6.602802553139408 4.854291847385022 10.506825541052299 21.963919941576727 6 -0.000443944
shell0_X0_Y0_Z0_mono0_fix1/shell1_X-1_Y1_Z-1_mono1_fix1/shell2_X-1_Y2_Z-1_mono1_fix1//test20tig_AVTZ// DONE 4.689718751012225 10.479836115247128 6.810810873136547 21.9803657393959 2 -0.000360811
shell0_X0_Y0_Z0_mono0_fix1/shell1_X-1_Y-1_Z-1_mono1_fix1/shell1_X-1_Y0_Z-1_mono1_fix1//test20tig_AVTZ// DONE 10.479836186966654 4.689718793492955 6.810810873136547 21.980365853596155 2 -0.000492115
shell0_X0_Y0_Z0_mono0_fix1/shell1_X0_Y1_Z0_mono0_fix1/shell2_X-1_Y2_Z-1_mono1_fix1//test20tig_AVTZ// DONE 6.810811507043177 10.479836115247128 4.689718751012225 21.98036637330253 4 -0.000492114
shell0_X0_Y0_Z0_mono0_fix1/shell1_X-1_Y0_Z-1_mono1_fix1/shell1_X0_Y1_Z0_mono0_fix1//test20tig_AVTZ// DONE 4.689718793492955 6.810811507043177 10.479836186966654 21.980366487502785 4 -0.000360811
shell0_X0_Y0_Z0_mono0_fix1/shell1_X-1_Y1_Z1_mono0_fix1/shell1_X-1_Y1_Z0_mono0_fix1//test20tig_AVTZ// DONE 9.3873734873741 8.27527950048686 4.38165304261412 22.044306030475077 6 0.000278064
shell0_X0_Y0_Z0_mono0_fix1/shell1_X0_Y1_Z-1_mono0_fix1/shell1_X1_Y1_Z-1_mono0_fix1//test20tig_AVTZ// DONE 7.918115177639053 9.295490539077504 4.854291847385022 22.067897564101578 6 0.000409258
shell0_X0_Y0_Z0_mono0_fix1/shell1_X0_Y1_Z-1_mono1_fix1/shell2_X-2_Y1_Z-1_mono1_fix1//test20tig_AVTZ// DONE 4.879875191366439 7.9370587750867125 9.361506629507653 22.178440595960808 2 0.000292919
shell0_X0_Y0_Z0_mono0_fix1/shell1_X0_Y0_Z-1_mono1_fix1/shell2_X-2_Y0_Z-1_mono1_fix1//test20tig_AVTZ// DONE 4.8798752840715265 7.937058818163156 9.361506629507653 22.178440731742334 2 0.000324114
shell0_X0_Y0_Z0_mono0_fix1/shell1_X0_Y1_Z-1_mono1_fix1/shell2_X2_Y0_Z0_mono0_fix1//test20tig_AVTZ// DONE 4.879875191366439 9.361506889970098 7.9370587750867125 22.17844085642325 4 0.000324115
shell0_X0_Y0_Z0_mono0_fix1/shell1_X0_Y0_Z-1_mono1_fix1/shell2_X2_Y0_Z0_mono0_fix1//test20tig_AVTZ// DONE 4.8798752840715265 9.361506889970098 7.937058818163156 22.17844099220478 4 0.000292919
shell0_X0_Y0_Z0_mono0_fix1/shell1_X0_Y-1_Z-1_mono0_fix1/shell1_X1_Y-1_Z-1_mono0_fix1//test20tig_AVTZ// DONE 7.94785401225415 9.3873734873741 4.854291847385022 22.18951934701327 6 0.000143900
shell0_X0_Y0_Z0_mono0_fix1/shell1_X-1_Y0_Z-1_mono1_fix1/shell2_X-2_Y1_Z0_mono1_fix1//test20tig_AVTZ// DONE 4.689718793492955 8.232859489005401 9.29549001807212 22.21806830057048 2 0.000371595
shell0_X0_Y0_Z0_mono0_fix1/shell1_X-1_Y1_Z-1_mono1_fix1/shell1_X1_Y1_Z-1_mono0_fix1//test20tig_AVTZ// DONE 4.689718751012225 9.295490539077504 8.232859518875284 22.21806880896501 4 0.000371594
shell0_X0_Y0_Z0_mono0_fix1/shell1_X0_Y1_Z-1_mono1_fix1/shell2_X0_Y2_Z-1_mono1_fix1//test20tig_AVTZ// DONE 4.879875191366439 10.552270310097942 6.810810873136547 22.24295637460093 2 -0.000326911
shell0_X0_Y0_Z0_mono0_fix1/shell1_X0_Y-1_Z-1_mono1_fix1/shell1_X0_Y0_Z-1_mono1_fix1//test20tig_AVTZ// DONE 10.552270378746126 4.8798752840715265 6.810810873136547 22.2429565359542 2 -0.000172245
shell0_X0_Y0_Z0_mono0_fix1/shell1_X0_Y1_Z-1_mono1_fix1/shell1_X0_Y-1_Z0_mono0_fix1//test20tig_AVTZ// DONE 4.879875191366439 6.81081150704318 10.55227031009794 22.24295700850756 4 -0.000172244
shell0_X0_Y0_Z0_mono0_fix1/shell1_X0_Y0_Z-1_mono1_fix1/shell1_X0_Y1_Z0_mono0_fix1//test20tig_AVTZ// DONE 4.8798752840715265 6.810811507043177 10.552270378746126 22.24295716986083 4 -0.000326911
shell0_X0_Y0_Z0_mono0_fix1/shell1_X-1_Y1_Z-1_mono1_fix1/shell1_X1_Y1_Z-1_mono1_fix1//test20tig_AVTZ// DONE 4.689718751012225 8.232858600601466 9.361506629507653 22.28408398112134 2 0.000361352
shell0_X0_Y0_Z0_mono0_fix1/shell1_X-1_Y0_Z-1_mono1_fix1/shell1_X1_Y0_Z-1_mono1_fix1//test20tig_AVTZ// DONE 4.689718793492955 8.232858625612332 9.361506629507653 22.28408404861294 2 0.000347007
shell0_X0_Y0_Z0_mono0_fix1/shell1_X1_Y1_Z-1_mono1_fix1/shell2_X2_Y0_Z0_mono0_fix1//test20tig_AVTZ// DONE 8.232858600601466 9.361506889970098 4.689718751012225 22.284084241583788 4 0.000347008
shell0_X0_Y0_Z0_mono0_fix1/shell1_X-1_Y0_Z-1_mono1_fix1/shell2_X-2_Y0_Z0_mono0_fix1//test20tig_AVTZ// DONE 4.689718793492955 9.361506889970098 8.232858625612332 22.284084309075382 4 0.000361353
shell0_X0_Y0_Z0_mono0_fix1/shell1_X-1_Y0_Z0_mono0_fix1/shell2_X-1_Y0_Z-2_mono0_fix1//test20tig_AVTZ// DONE 4.854291847385022 9.153763844015145 8.293258355384793 22.30131404678496 6 0.000378995
shell0_X0_Y0_Z0_mono0_fix1/shell1_X-1_Y1_Z-1_mono1_fix1/shell2_X-2_Y0_Z0_mono1_fix1//test20tig_AVTZ// DONE 4.689718751012225 8.232859518875284 9.38737296522935 22.30995123511686 2 0.000226009
shell0_X0_Y0_Z0_mono0_fix1/shell1_X-1_Y0_Z-1_mono1_fix1/shell1_X1_Y-1_Z-1_mono0_fix1//test20tig_AVTZ// DONE 4.689718793492955 9.3873734873741 8.232859489005401 22.309951769872455 4 0.000226009
shell0_X0_Y0_Z0_mono0_fix1/shell1_X-1_Y1_Z0_mono1_fix1/shell2_X0_Y1_Z-2_mono1_fix1//test20tig_AVTZ// DONE 4.879876784204481 7.646690156232921 9.807804358429697 22.334371298867097 2 0.000147756
shell0_X0_Y0_Z0_mono0_fix1/shell1_X-1_Y0_Z0_mono1_fix1/shell2_X0_Y0_Z-2_mono1_fix1//test20tig_AVTZ// DONE 4.879876783261088 7.646690203091247 9.807804358429697 22.334371344782035 2 0.000120527
shell0_X0_Y0_Z0_mono0_fix1/shell2_X0_Y1_Z-2_mono1_fix1/shell2_X1_Y0_Z-2_mono0_fix1//test20tig_AVTZ// DONE 7.646690156232921 9.80780491502408 4.879876784204481 22.33437185546148 4 0.000120527
shell0_X0_Y0_Z0_mono0_fix1/shell1_X-1_Y0_Z0_mono1_fix1/shell2_X-1_Y0_Z2_mono0_fix1//test20tig_AVTZ// DONE 4.879876783261088 9.80780491502408 7.646690203091246 22.334371901376414 4 0.000147756
shell0_X0_Y0_Z0_mono0_fix1/shell1_X-1_Y1_Z-1_mono1_fix1/shell1_X1_Y1_Z0_mono1_fix1//test20tig_AVTZ// DONE 4.689718751012225 7.937059651198265 9.903259030824282 22.53003743303477 2 0.000218406
shell0_X0_Y0_Z0_mono0_fix1/shell1_X-1_Y1_Z-1_mono1_fix1/shell2_X-2_Y0_Z-1_mono0_fix1//test20tig_AVTZ// DONE 4.689718751012225 9.903259070833585 7.937059651198265 22.530037473044075 4 0.000245709
shell0_X0_Y0_Z0_mono0_fix1/shell1_X-1_Y0_Z-1_mono1_fix1/shell1_X1_Y0_Z0_mono1_fix1//test20tig_AVTZ// DONE 4.689718793492955 7.937059665509641 9.903259030824282 22.530037489826878 2 0.000245708
shell0_X0_Y0_Z0_mono0_fix1/shell1_X-1_Y0_Z-1_mono1_fix1/shell2_X-2_Y0_Z-1_mono0_fix1//test20tig_AVTZ// DONE 4.689718793492955 9.903259070833585 7.937059665509641 22.53003752983618 4 0.000218407
shell0_X0_Y0_Z0_mono0_fix1/shell2_X-1_Y1_Z-2_mono1_fix1/shell3_X-1_Y1_Z-3_mono1_fix1//test20tig_AVTZ// DONE 7.3245438676480985 10.88405459527898 4.381652121160035 22.590250584087112 2 -0.000394204
shell0_X0_Y0_Z0_mono0_fix1/shell2_X-1_Y0_Z-2_mono1_fix1/shell3_X-1_Y0_Z-3_mono1_fix1//test20tig_AVTZ// DONE 7.324543907536211 10.88405462313503 4.381652121160035 22.590250651831276 2 -0.000315681
shell0_X0_Y0_Z0_mono0_fix1/shell1_X0_Y0_Z-1_mono0_fix1/shell3_X-1_Y1_Z-3_mono1_fix1//test20tig_AVTZ// DONE 4.38165304261412 10.88405459527898 7.3245438676480985 22.5902515055412 4 -0.000315680
shell0_X0_Y0_Z0_mono0_fix1/shell1_X0_Y0_Z-1_mono0_fix1/shell3_X-1_Y0_Z-3_mono1_fix1//test20tig_AVTZ// DONE 4.38165304261412 10.88405462313503 7.324543907536211 22.59025157328536 4 -0.000394204
shell0_X0_Y0_Z0_mono0_fix1/shell2_X0_Y1_Z-2_mono1_fix1/shell2_X1_Y1_Z-2_mono1_fix1//test20tig_AVTZ// DONE 7.646690156232921 10.272462453065986 4.854291280975464 22.77344389027437 2 -0.000053223
shell0_X0_Y0_Z0_mono0_fix1/shell2_X0_Y0_Z-2_mono1_fix1/shell2_X1_Y0_Z-2_mono1_fix1//test20tig_AVTZ// DONE 7.646690203091247 10.272462479830054 4.854291280975464 22.773443963896764 2 0.000055655
shell0_X0_Y0_Z0_mono0_fix1/shell1_X-1_Y0_Z0_mono0_fix1/shell2_X0_Y1_Z-2_mono1_fix1//test20tig_AVTZ// DONE 4.854291847385022 7.646690156232921 10.272462453065986 22.773444456683926 4 0.000055655
shell0_X0_Y0_Z0_mono0_fix1/shell1_X-1_Y0_Z0_mono0_fix1/shell2_X0_Y0_Z-2_mono1_fix1//test20tig_AVTZ// DONE 4.854291847385022 7.646690203091247 10.272462479830054 22.77344453030632 4 -0.000053225
shell0_X0_Y0_Z0_mono0_fix1/shell1_X-1_Y1_Z0_mono1_fix1/shell2_X-1_Y0_Z-2_mono1_fix1//test20tig_AVTZ// DONE 4.879876784204481 7.324543907536211 10.597767545050122 22.802188236790812 2 -0.000143144
shell0_X0_Y0_Z0_mono0_fix1/shell1_X-1_Y0_Z0_mono1_fix1/shell2_X0_Y-1_Z2_mono0_fix1//test20tig_AVTZ// DONE 4.879876783261088 10.597767900119495 7.3245438676480985 22.80218855102868 4 -0.000143144
shell0_X0_Y0_Z0_mono0_fix1/shell1_X-1_Y0_Z0_mono1_fix1/shell2_X-1_Y1_Z-2_mono1_fix1//test20tig_AVTZ// DONE 4.879876783261088 7.3245438676480985 10.621615275561464 22.826035926470652 2 -0.000157517
shell0_X0_Y0_Z0_mono0_fix1/shell1_X-1_Y1_Z0_mono1_fix1/shell2_X0_Y1_Z2_mono0_fix1//test20tig_AVTZ// DONE 4.879876784204481 10.621615668329172 7.324543907536211 22.826036360069864 4 -0.000157517
shell0_X0_Y0_Z0_mono0_fix1/shell1_X1_Y1_Z-1_mono1_fix1/shell2_X1_Y1_Z-2_mono1_fix1//test20tig_AVTZ// DONE 8.232858600601466 10.272462453065986 4.381652121160035 22.886973174827485 2 0.000035566
shell0_X0_Y0_Z0_mono0_fix1/shell1_X1_Y0_Z-1_mono1_fix1/shell2_X1_Y0_Z-2_mono1_fix1//test20tig_AVTZ// DONE 8.232858625612332 10.272462479830054 4.381652121160035 22.886973226602418 2 0.000024210
shell0_X0_Y0_Z0_mono0_fix1/shell1_X0_Y0_Z-1_mono0_fix1/shell2_X1_Y1_Z-2_mono1_fix1//test20tig_AVTZ// DONE 4.38165304261412 10.272462453065986 8.232858600601466 22.88697409628157 4 0.000024210
shell0_X0_Y0_Z0_mono0_fix1/shell1_X0_Y0_Z-1_mono0_fix1/shell2_X1_Y0_Z-2_mono1_fix1//test20tig_AVTZ// DONE 4.38165304261412 10.272462479830054 8.232858625612332 22.886974148056506 4 0.000035565
shell0_X0_Y0_Z0_mono0_fix1/shell1_X0_Y0_Z-1_mono0_fix1/shell2_X0_Y1_Z-2_mono0_fix1//test20tig_AVTZ// DONE 4.38165304261412 10.597767900119495 7.918115177639053 22.897536120372667 6 0.000002282
shell0_X0_Y0_Z0_mono0_fix1/shell1_X0_Y1_Z0_mono1_fix1/shell2_X0_Y0_Z-2_mono1_fix1//test20tig_AVTZ// DONE 4.689720349898127 7.646690203091247 10.597767545050122 22.934178098039496 2 -0.000070691
shell0_X0_Y0_Z0_mono0_fix1/shell0_X0_Y0_Z0_mono1_fix1/shell2_X0_Y-1_Z2_mono0_fix1//test20tig_AVTZ// DONE 4.689720404504576 10.597767900119495 7.646690156232921 22.93417846085699 4 -0.000070690
shell0_X0_Y0_Z0_mono0_fix1/shell1_X0_Y-1_Z-1_mono0_fix1/shell1_X0_Y0_Z1_mono0_fix1//test20tig_AVTZ// DONE 7.94785401225415 4.381653042614121 10.621615668329172 22.951122723197443 6 -0.000064747
shell0_X0_Y0_Z0_mono0_fix1/shell1_X-1_Y0_Z0_mono0_fix1/shell2_X0_Y0_Z-2_mono0_fix1//test20tig_AVTZ// DONE 4.854291847385022 8.293258355384793 9.80780491502408 22.955355117793893 6 0.000152350
shell0_X0_Y0_Z0_mono0_fix1/shell0_X0_Y0_Z0_mono1_fix1/shell2_X0_Y1_Z-2_mono1_fix1//test20tig_AVTZ// DONE 4.689720404504576 7.646690156232921 10.621615275561464 22.95802583629896 2 -0.000038799
shell0_X0_Y0_Z0_mono0_fix1/shell1_X0_Y1_Z0_mono1_fix1/shell2_X0_Y1_Z2_mono0_fix1//test20tig_AVTZ// DONE 4.689720349898127 10.621615668329172 7.646690203091246 22.958026221318544 4 -0.000038799
shell0_X0_Y0_Z0_mono0_fix1/shell1_X-1_Y1_Z-1_mono1_fix1/shell2_X-1_Y2_Z0_mono1_fix1//test20tig_AVTZ// DONE 4.689718751012225 10.55227099737296 7.9181146796042725 23.160104427989456 2 -0.000002288
shell0_X0_Y0_Z0_mono0_fix1/shell1_X-1_Y0_Z-1_mono1_fix1/shell1_X0_Y1_Z-1_mono0_fix1//test20tig_AVTZ// DONE 4.689718793492955 7.918115177639053 10.552271056865095 23.160105027997105 4 -0.000002288
shell0_X0_Y0_Z0_mono0_fix1/shell1_X-1_Y0_Z-1_mono1_fix1/shell1_X-1_Y-1_Z0_mono1_fix1//test20tig_AVTZ// DONE 4.689718793492955 10.552271056865095 7.947853458977189 23.189843309335238 2 0.000005170
shell0_X0_Y0_Z0_mono0_fix1/shell1_X-1_Y1_Z-1_mono1_fix1/shell1_X0_Y-1_Z-1_mono0_fix1//test20tig_AVTZ// DONE 4.689718751012225 7.94785401225415 10.55227099737296 23.189843760639334 4 0.000005170
shell0_X0_Y0_Z0_mono0_fix1/shell1_X-1_Y0_Z-1_mono1_fix1/shell2_X-2_Y1_Z-2_mono1_fix1//test20tig_AVTZ// DONE 4.689718793492955 9.573570512557703 8.971985126694959 23.23527443274562 2 0.000296639
shell0_X0_Y0_Z0_mono0_fix1/shell1_X-1_Y1_Z-1_mono1_fix1/shell1_X1_Y1_Z1_mono0_fix1//test20tig_AVTZ// DONE 4.689718751012225 8.971985427673124 9.573570545117207 23.235274723802554 4 0.000296638
shell0_X0_Y0_Z0_mono0_fix1/shell2_X0_Y1_Z-2_mono1_fix1/shell3_X0_Y1_Z-3_mono1_fix1//test20tig_AVTZ// DONE 7.646690156232921 11.227186363707675 4.381652121160035 23.25552864110063 2 -0.000327144
shell0_X0_Y0_Z0_mono0_fix1/shell2_X0_Y0_Z-2_mono1_fix1/shell3_X0_Y0_Z-3_mono1_fix1//test20tig_AVTZ// DONE 7.646690203091247 11.22718639110945 4.381652121160035 23.255528715360732 2 -0.000301709
shell0_X0_Y0_Z0_mono0_fix1/shell1_X0_Y0_Z-1_mono0_fix1/shell3_X0_Y1_Z-3_mono1_fix1//test20tig_AVTZ// DONE 4.38165304261412 11.227186363707675 7.646690156232921 23.255529562554717 4 -0.000301708
shell0_X0_Y0_Z0_mono0_fix1/shell1_X0_Y0_Z-1_mono0_fix1/shell3_X0_Y0_Z-3_mono1_fix1//test20tig_AVTZ// DONE 4.38165304261412 11.22718639110945 7.646690203091247 23.255529636814817 4 -0.000327144
shell0_X0_Y0_Z0_mono0_fix1/shell1_X0_Y1_Z-1_mono1_fix1/shell2_X0_Y2_Z0_mono1_fix1//test20tig_AVTZ// DONE 4.879875191366439 10.479836785889324 7.9181146796042725 23.277826656860036 2 0.000089714
shell0_X0_Y0_Z0_mono0_fix1/shell1_X0_Y0_Z-1_mono1_fix1/shell1_X0_Y1_Z-1_mono0_fix1//test20tig_AVTZ// DONE 4.8798752840715265 7.918115177639053 10.479836843290185 23.277827305000763 4 0.000089714
shell0_X0_Y0_Z0_mono0_fix1/shell1_X-1_Y1_Z-1_mono1_fix1/shell2_X-2_Y0_Z-2_mono1_fix1//test20tig_AVTZ// DONE 4.689718751012225 9.573570545117207 9.035176903288958 23.298466199418392 2 0.000242359
shell0_X0_Y0_Z0_mono0_fix1/shell1_X-1_Y0_Z-1_mono1_fix1/shell1_X1_Y-1_Z1_mono0_fix1//test20tig_AVTZ// DONE 4.689718793492955 9.035177165497888 9.573570512557703 23.298466471548544 4 0.000242359
shell0_X0_Y0_Z0_mono0_fix1/shell1_X0_Y0_Z-1_mono1_fix1/shell1_X0_Y-1_Z0_mono1_fix1//test20tig_AVTZ// DONE 4.8798752840715265 10.479836843290181 7.947853458977189 23.307565586338896 2 0.000089465
shell0_X0_Y0_Z0_mono0_fix1/shell1_X0_Y-1_Z-1_mono0_fix1/shell1_X0_Y1_Z-1_mono1_fix1//test20tig_AVTZ// DONE 7.94785401225415 4.879875191366439 10.479836785889324 23.30756598950991 4 0.000089465
shell0_X0_Y0_Z0_mono0_fix1/shell0_X0_Y0_Z0_mono1_fix1/shell2_X-1_Y1_Z-2_mono1_fix1//test20tig_AVTZ// DONE 4.689720404504576 7.3245438676480985 11.294246105787236 23.30851037793991 2 -0.000317421
shell0_X0_Y0_Z0_mono0_fix1/shell1_X0_Y1_Z0_mono1_fix1/shell2_X1_Y1_Z2_mono0_fix1//test20tig_AVTZ// DONE 4.689720349898127 11.29424631152965 7.324543907536211 23.308510568963985 4 -0.000317422
shell0_X0_Y0_Z0_mono0_fix1/shell1_X0_Y1_Z0_mono1_fix1/shell2_X-1_Y0_Z-2_mono1_fix1//test20tig_AVTZ// DONE 4.689720349898127 7.324543907536211 11.316443371727567 23.330707629161907 2 -0.000301386
shell0_X0_Y0_Z0_mono0_fix1/shell0_X0_Y0_Z0_mono1_fix1/shell2_X1_Y-1_Z2_mono0_fix1//test20tig_AVTZ// DONE 4.689720404504576 11.31644354548893 7.3245438676480985 23.330707817641606 4 -0.000301386
shell0_X0_Y0_Z0_mono0_fix1/shell1_X-1_Y0_Z-1_mono1_fix1/shell1_X0_Y-1_Z-1_mono1_fix1//test20tig_AVTZ// DONE 4.689718793492955 10.552270378746126 8.16589350495135 23.40788267719043 2 -0.000030333
shell0_X0_Y0_Z0_mono0_fix1/shell1_X-1_Y1_Z-1_mono1_fix1/shell1_X-1_Y-1_Z0_mono0_fix1//test20tig_AVTZ// DONE 4.689718751012225 8.165893982210706 10.55227031009794 23.407883043320872 4 -0.000030333
shell0_X0_Y0_Z0_mono0_fix1/shell1_X-1_Y1_Z-1_mono1_fix1/shell2_X0_Y2_Z-1_mono1_fix1//test20tig_AVTZ// DONE 4.689718751012225 10.552270310097942 8.275279052957368 23.517268114067534 2 0.000046038
shell0_X0_Y0_Z0_mono0_fix1/shell1_X-1_Y0_Z-1_mono1_fix1/shell1_X-1_Y1_Z0_mono0_fix1//test20tig_AVTZ// DONE 4.689718793492955 8.27527950048686 10.552270378746126 23.51726867272594 4 0.000046038
shell0_X0_Y0_Z0_mono0_fix1/shell1_X0_Y1_Z-1_mono1_fix1/shell2_X-1_Y2_Z-1_mono1_fix1//test20tig_AVTZ// DONE 4.879875191366439 10.479836115247128 8.16589350495135 23.525604811564918 2 0.000069285
shell0_X0_Y0_Z0_mono0_fix1/shell1_X0_Y0_Z-1_mono1_fix1/shell1_X1_Y1_Z0_mono0_fix1//test20tig_AVTZ// DONE 4.8798752840715265 8.165893982210706 10.479836186966654 23.525605453248886 4 0.000069285
shell0_X0_Y0_Z0_mono0_fix1/shell1_X-1_Y1_Z0_mono1_fix1/shell2_X-2_Y1_Z-2_mono1_fix1//test20tig_AVTZ// DONE 4.879876784204481 9.573570512557703 9.153763740124077 23.607211036886262 2 0.000216868
shell0_X0_Y0_Z0_mono0_fix1/shell1_X-1_Y0_Z0_mono1_fix1/shell2_X-2_Y0_Z-2_mono1_fix1//test20tig_AVTZ// DONE 4.879876783261088 9.573570545117207 9.153763740124077 23.607211068502373 2 0.000246100
shell0_X0_Y0_Z0_mono0_fix1/shell2_X-2_Y1_Z-2_mono1_fix1/shell2_X-1_Y0_Z-2_mono0_fix1//test20tig_AVTZ// DONE 9.573570512557703 9.153763844015145 4.879876784204481 23.607211140777327 4 0.000246100
shell0_X0_Y0_Z0_mono0_fix1/shell1_X-1_Y0_Z0_mono1_fix1/shell2_X1_Y0_Z2_mono0_fix1//test20tig_AVTZ// DONE 4.879876783261088 9.153763844015145 9.573570545117207 23.60721117239344 4 0.000216869
shell0_X0_Y0_Z0_mono0_fix1/shell1_X0_Y1_Z-1_mono1_fix1/shell2_X-2_Y1_Z0_mono1_fix1//test20tig_AVTZ// DONE 4.879875191366439 8.232859489005401 10.506825110816445 23.619559791188287 2 0.000079723
shell0_X0_Y0_Z0_mono0_fix1/shell1_X0_Y0_Z-1_mono1_fix1/shell2_X-2_Y0_Z0_mono1_fix1//test20tig_AVTZ// DONE 4.8798752840715265 8.232859518875284 10.506825110816445 23.619559913763254 2 0.000074400
shell0_X0_Y0_Z0_mono0_fix1/shell1_X0_Y1_Z-1_mono1_fix1/shell2_X2_Y0_Z-1_mono0_fix1//test20tig_AVTZ// DONE 4.879875191366439 10.506825541052299 8.232859489005401 23.619560221424138 4 0.000074400
shell0_X0_Y0_Z0_mono0_fix1/shell1_X0_Y0_Z-1_mono1_fix1/shell2_X2_Y0_Z-1_mono0_fix1//test20tig_AVTZ// DONE 4.8798752840715265 10.506825541052299 8.232859518875284 23.619560343999108 4 0.000079723
shell0_X0_Y0_Z0_mono0_fix1/shell1_X-1_Y-1_Z-1_mono1_fix1/shell1_X0_Y0_Z-1_mono1_fix1//test20tig_AVTZ// DONE 10.479836186966654 4.8798752840715265 8.275279052957368 23.634990523995548 2 0.000096273
shell0_X0_Y0_Z0_mono0_fix1/shell1_X0_Y1_Z-1_mono1_fix1/shell1_X1_Y-1_Z0_mono0_fix1//test20tig_AVTZ// DONE 4.879875191366439 8.27527950048686 10.479836115247128 23.63499080710043 4 0.000096273
shell0_X0_Y0_Z0_mono0_fix1/shell1_X0_Y0_Z-1_mono0_fix1/shell2_X-2_Y0_Z-1_mono0_fix1//test20tig_AVTZ// DONE 4.38165304261412 9.903259070833585 9.361506889970098 23.646419003417805 6 0.000244929
shell0_X0_Y0_Z0_mono0_fix1/shell1_X-1_Y1_Z-1_mono1_fix1/shell3_X-1_Y1_Z-3_mono1_fix1//test20tig_AVTZ// DONE 4.689718751012225 10.88405459527898 8.293257900440306 23.86703124673151 2 0.000018212
shell0_X0_Y0_Z0_mono0_fix1/shell1_X-1_Y0_Z-1_mono1_fix1/shell3_X-1_Y0_Z-3_mono1_fix1//test20tig_AVTZ// DONE 4.689718793492955 10.88405462313503 8.293257900440306 23.867031317068292 2 0.000064482
shell0_X0_Y0_Z0_mono0_fix1/shell1_X-1_Y1_Z-1_mono1_fix1/shell2_X0_Y0_Z2_mono0_fix1//test20tig_AVTZ// DONE 4.689718751012225 8.293258355384795 10.88405459527898 23.867031701675998 4 0.000064482
shell0_X0_Y0_Z0_mono0_fix1/shell2_X0_Y0_Z-2_mono0_fix1/shell3_X-1_Y0_Z-3_mono1_fix1//test20tig_AVTZ// DONE 8.293258355384793 10.88405462313503 4.689718793492955 23.867031772012776 4 0.000018212
shell0_X0_Y0_Z0_mono0_fix1/shell1_X-1_Y0_Z-1_mono1_fix1/shell1_X0_Y-1_Z0_mono1_fix1//test20tig_AVTZ// DONE 4.689718793492955 10.479836843290181 8.971985126694959 24.141540763478098 2 0.000100336
shell0_X0_Y0_Z0_mono0_fix1/shell1_X-1_Y-1_Z-1_mono0_fix1/shell1_X-1_Y1_Z-1_mono1_fix1//test20tig_AVTZ// DONE 8.971985427673124 4.689718751012225 10.479836785889324 24.141540964574673 4 0.000100336
shell0_X0_Y0_Z0_mono0_fix1/shell1_X-1_Y1_Z-1_mono1_fix1/shell2_X0_Y2_Z0_mono1_fix1//test20tig_AVTZ// DONE 4.689718751012225 10.479836785889324 9.035176903288958 24.204732440190504 2 0.000108099
shell0_X0_Y0_Z0_mono0_fix1/shell1_X1_Y-1_Z1_mono0_fix1/shell1_X0_Y-1_Z0_mono1_fix1//test20tig_AVTZ// DONE 9.035177165497888 10.479836843290181 4.689718793492955 24.204732802281026 4 0.000108099
shell0_X0_Y0_Z0_mono0_fix1/shell1_X0_Y0_Z-1_mono1_fix1/shell2_X-2_Y1_Z-1_mono1_fix1//test20tig_AVTZ// DONE 4.8798752840715265 7.9370587750867125 11.431705622063314 24.248639681221555 2 -0.000120748
shell0_X0_Y0_Z0_mono0_fix1/shell1_X0_Y1_Z-1_mono1_fix1/shell2_X2_Y1_Z0_mono0_fix1//test20tig_AVTZ// DONE 4.879875191366439 11.43170590071705 7.937058818163156 24.248639910246645 4 -0.000120748
shell0_X0_Y0_Z0_mono0_fix1/shell1_X0_Y0_Z-1_mono0_fix1/shell2_X-2_Y0_Z0_mono0_fix1//test20tig_AVTZ// DONE 4.38165304261412 9.361506889970098 10.506825541052299 24.249985473636517 6 0.000112104
shell0_X0_Y0_Z0_mono0_fix1/shell1_X-1_Y1_Z0_mono1_fix1/shell2_X0_Y0_Z-2_mono1_fix1//test20tig_AVTZ// DONE 4.879876784204481 7.646690203091247 11.801089420744178 24.327656408039907 2 -0.000239984
shell0_X0_Y0_Z0_mono0_fix1/shell1_X-1_Y0_Z0_mono1_fix1/shell2_X-1_Y-1_Z2_mono0_fix1//test20tig_AVTZ// DONE 4.879876783261088 11.801089846871278 7.646690156232921 24.32765678636529 4 -0.000239984
shell0_X0_Y0_Z0_mono0_fix1/shell1_X0_Y1_Z-1_mono1_fix1/shell2_X-2_Y0_Z-1_mono1_fix1//test20tig_AVTZ// DONE 4.879875191366439 7.937058818163156 11.511985037242072 24.328919046771667 2 -0.000095707
shell0_X0_Y0_Z0_mono0_fix1/shell1_X0_Y0_Z-1_mono1_fix1/shell2_X2_Y-1_Z0_mono0_fix1//test20tig_AVTZ// DONE 4.8798752840715265 11.511985300913402 7.9370587750867125 24.32891936007164 4 -0.000095707
shell0_X0_Y0_Z0_mono0_fix1/shell1_X-1_Y1_Z-1_mono1_fix1/shell1_X1_Y0_Z-1_mono1_fix1//test20tig_AVTZ// DONE 4.689718751012225 8.232858625612332 11.431705622063314 24.35428299868787 2 -0.000049531
shell0_X0_Y0_Z0_mono0_fix1/shell1_X1_Y1_Z-1_mono1_fix1/shell2_X2_Y1_Z0_mono0_fix1//test20tig_AVTZ// DONE 8.232858600601466 11.43170590071705 4.689718793492955 24.35428329481147 4 -0.000049532
shell0_X0_Y0_Z0_mono0_fix1/shell1_X0_Y1_Z-1_mono1_fix1/shell2_X-2_Y1_Z-2_mono1_fix1//test20tig_AVTZ// DONE 4.879875191366439 9.573570512557703 9.903259030824282 24.356704734748426 2 0.000169624
shell0_X0_Y0_Z0_mono0_fix1/shell2_X-2_Y1_Z-2_mono1_fix1/shell2_X-2_Y0_Z-1_mono0_fix1//test20tig_AVTZ// DONE 9.573570512557703 9.903259070833585 4.879875191366439 24.356704774757723 4 0.000183690
shell0_X0_Y0_Z0_mono0_fix1/shell1_X0_Y0_Z-1_mono1_fix1/shell2_X-2_Y0_Z-2_mono1_fix1//test20tig_AVTZ// DONE 4.8798752840715265 9.573570545117207 9.903259030824282 24.356704860013018 2 0.000183690
shell0_X0_Y0_Z0_mono0_fix1/shell1_X0_Y0_Z-1_mono1_fix1/shell2_X2_Y0_Z1_mono0_fix1//test20tig_AVTZ// DONE 4.8798752840715265 9.903259070833585 9.573570545117207 24.35670490002232 4 0.000169624
shell0_X0_Y0_Z0_mono0_fix1/shell1_X-1_Y0_Z0_mono1_fix1/shell2_X0_Y1_Z-2_mono1_fix1//test20tig_AVTZ// DONE 4.879876783261088 7.646690156232921 11.854552583694998 24.381119523189007 2 -0.000199090
shell0_X0_Y0_Z0_mono0_fix1/shell1_X-1_Y1_Z0_mono1_fix1/shell2_X-1_Y1_Z2_mono0_fix1//test20tig_AVTZ// DONE 4.879876784204481 11.854553024155814 7.646690203091246 24.381120011451543 4 -0.000199090
shell0_X0_Y0_Z0_mono0_fix1/shell1_X0_Y1_Z-1_mono1_fix1/shell3_X0_Y1_Z-3_mono1_fix1//test20tig_AVTZ// DONE 4.879875191366439 11.227186363707675 8.293257900440306 24.40031945551442 2 -0.000016686
shell0_X0_Y0_Z0_mono0_fix1/shell1_X0_Y0_Z-1_mono1_fix1/shell3_X0_Y0_Z-3_mono1_fix1//test20tig_AVTZ// DONE 4.8798752840715265 11.22718639110945 8.293257900440306 24.400319575621282 2 -0.000031610
shell0_X0_Y0_Z0_mono0_fix1/shell2_X0_Y0_Z-2_mono0_fix1/shell3_X0_Y1_Z-3_mono1_fix1//test20tig_AVTZ// DONE 8.293258355384793 11.227186363707675 4.879875191366439 24.400319910458904 4 -0.000031610
shell0_X0_Y0_Z0_mono0_fix1/shell1_X0_Y0_Z-1_mono1_fix1/shell2_X0_Y0_Z2_mono0_fix1//test20tig_AVTZ// DONE 4.8798752840715265 8.293258355384795 11.227186391109448 24.40032003056577 4 -0.000016686
shell0_X0_Y0_Z0_mono0_fix1/shell1_X-1_Y0_Z-1_mono1_fix1/shell1_X1_Y1_Z-1_mono1_fix1//test20tig_AVTZ// DONE 4.689718793492955 8.232858600601466 11.511985037242072 24.434562431336495 2 -0.000054542
shell0_X0_Y0_Z0_mono0_fix1/shell1_X1_Y0_Z-1_mono1_fix1/shell2_X2_Y-1_Z0_mono0_fix1//test20tig_AVTZ// DONE 8.232858625612332 11.511985300913402 4.689718751012225 24.434562677537958 4 -0.000054542
shell0_X0_Y0_Z0_mono0_fix1/shell1_X0_Y1_Z-1_mono1_fix1/shell2_X1_Y0_Z-2_mono1_fix1//test20tig_AVTZ// DONE 4.879875191366439 10.272462479830054 9.29549001807212 24.447827689268614 2 0.000149682
shell0_X0_Y0_Z0_mono0_fix1/shell1_X0_Y0_Z-1_mono1_fix1/shell1_X-1_Y-1_Z1_mono0_fix1//test20tig_AVTZ// DONE 4.8798752840715265 9.295490539077504 10.272462453065986 24.447828276215013 4 0.000149682
shell0_X0_Y0_Z0_mono0_fix1/shell1_X-1_Y-1_Z0_mono0_fix1/shell2_X-2_Y-1_Z0_mono0_fix1//test20tig_AVTZ// DONE 8.165893982210706 11.43170590071705 4.854291847385022 24.451891730312777 6 0.000018103
shell0_X0_Y0_Z0_mono0_fix1/shell1_X-1_Y0_Z-1_mono1_fix1/shell2_X-1_Y-1_Z-2_mono1_fix1//test20tig_AVTZ// DONE 4.689718793492955 11.892728317075902 7.918114679604272 24.50056179017313 2 -0.000257329
shell0_X0_Y0_Z0_mono0_fix1/shell1_X0_Y1_Z-1_mono0_fix1/shell2_X-1_Y2_Z-2_mono1_fix1//test20tig_AVTZ// DONE 7.918115177639053 11.892728247980974 4.689718751012225 24.500562176632254 4 -0.000257329
shell0_X0_Y0_Z0_mono0_fix1/shell1_X-1_Y1_Z-1_mono1_fix1/shell1_X1_Y0_Z0_mono1_fix1//test20tig_AVTZ// DONE 4.689718751012225 7.937059665509641 11.891151506273106 24.51792992279497 2 -0.000253780
shell0_X0_Y0_Z0_mono0_fix1/shell1_X-1_Y0_Z-1_mono1_fix1/shell2_X-2_Y-1_Z-1_mono0_fix1//test20tig_AVTZ// DONE 4.689718793492955 11.891151656917737 7.937059651198265 24.517930101608957 4 -0.000253781
shell0_X0_Y0_Z0_mono0_fix1/shell1_X-1_Y1_Z-1_mono1_fix1/shell2_X-1_Y2_Z-2_mono1_fix1//test20tig_AVTZ// DONE 4.689718751012225 11.892728247980974 7.947853458977189 24.530300457970387 2 -0.000195815
shell0_X0_Y0_Z0_mono0_fix1/shell1_X-1_Y0_Z-1_mono1_fix1/shell1_X0_Y1_Z1_mono0_fix1//test20tig_AVTZ// DONE 4.689718793492955 7.947854012254151 11.892728317075902 24.530301122823005 4 -0.000195815
shell0_X0_Y0_Z0_mono0_fix1/shell1_X0_Y0_Z-1_mono1_fix1/shell2_X1_Y1_Z-2_mono1_fix1//test20tig_AVTZ// DONE 4.8798752840715265 10.272462453065986 9.38737296522935 24.53971070236686 2 0.000124868
shell0_X0_Y0_Z0_mono0_fix1/shell1_X1_Y-1_Z-1_mono0_fix1/shell2_X1_Y0_Z-2_mono1_fix1//test20tig_AVTZ// DONE 9.3873734873741 10.272462479830054 4.879875191366439 24.53971115857059 4 0.000124868
shell0_X0_Y0_Z0_mono0_fix1/shell1_X-1_Y0_Z-1_mono1_fix1/shell1_X1_Y1_Z0_mono1_fix1//test20tig_AVTZ// DONE 4.689718793492955 7.937059651198265 11.954352626741994 24.581131071433212 2 -0.000181965
shell0_X0_Y0_Z0_mono0_fix1/shell1_X-1_Y1_Z-1_mono1_fix1/shell2_X-2_Y1_Z-1_mono0_fix1//test20tig_AVTZ// DONE 4.689718751012225 11.9543527609583 7.937059665509641 24.581131177480163 4 -0.000181965
shell0_X0_Y0_Z0_mono0_fix1/shell1_X-1_Y0_Z0_mono0_fix1/shell1_X1_Y-1_Z0_mono0_fix1//test20tig_AVTZ// DONE 4.854291847385022 8.27527950048686 11.511985300913402 24.641556648785283 6 -0.000103795
shell0_X0_Y0_Z0_mono0_fix1/shell1_X-1_Y-1_Z-1_mono0_fix1/shell1_X0_Y0_Z1_mono0_fix1//test20tig_AVTZ// DONE 8.971985427673124 4.381653042614121 11.29424631152965 24.64788478181689 6 0.000004766
shell0_X0_Y0_Z0_mono0_fix1/shell1_X0_Y1_Z-1_mono1_fix1/shell2_X-1_Y2_Z0_mono1_fix1//test20tig_AVTZ// DONE 4.879875191366439 10.55227099737296 9.29549001807212 24.727636206811518 2 0.000135399
shell0_X0_Y0_Z0_mono0_fix1/shell1_X0_Y0_Z-1_mono1_fix1/shell1_X1_Y1_Z-1_mono0_fix1//test20tig_AVTZ// DONE 4.8798752840715265 9.295490539077504 10.552271056865095 24.727636880014124 4 0.000135399
shell0_X0_Y0_Z0_mono0_fix1/shell1_X-1_Y1_Z-1_mono0_fix1/shell1_X0_Y0_Z1_mono0_fix1//test20tig_AVTZ// DONE 9.035177165497888 4.381653042614121 11.31644354548893 24.73327375360094 6 0.000074387
shell0_X0_Y0_Z0_mono0_fix1/shell1_X0_Y1_Z0_mono1_fix1/shell2_X1_Y1_Z-2_mono1_fix1//test20tig_AVTZ// DONE 4.689720349898127 10.272462453065986 9.807804358429697 24.769987161393807 2 0.000165050
shell0_X0_Y0_Z0_mono0_fix1/shell0_X0_Y0_Z0_mono1_fix1/shell2_X1_Y0_Z-2_mono1_fix1//test20tig_AVTZ// DONE 4.689720404504576 10.272462479830054 9.807804358429697 24.76998724276433 2 0.000146488
shell0_X0_Y0_Z0_mono0_fix1/shell1_X0_Y1_Z0_mono1_fix1/shell2_X-1_Y0_Z2_mono0_fix1//test20tig_AVTZ// DONE 4.689720349898127 9.80780491502408 10.272462453065986 24.769987717988194 4 0.000146488
shell0_X0_Y0_Z0_mono0_fix1/shell0_X0_Y0_Z0_mono1_fix1/shell2_X-1_Y0_Z2_mono0_fix1//test20tig_AVTZ// DONE 4.689720404504576 9.80780491502408 10.272462479830054 24.76998779935871 4 0.000165050
shell0_X0_Y0_Z0_mono0_fix1/shell1_X0_Y0_Z-1_mono1_fix1/shell1_X-1_Y-1_Z0_mono1_fix1//test20tig_AVTZ// DONE 4.8798752840715265 10.552271056865095 9.38737296522935 24.819519306165972 2 0.000114562
shell0_X0_Y0_Z0_mono0_fix1/shell1_X0_Y1_Z-1_mono1_fix1/shell1_X1_Y-1_Z-1_mono0_fix1//test20tig_AVTZ// DONE 4.879875191366439 9.3873734873741 10.55227099737296 24.8195196761135 4 0.000114562
shell0_X0_Y0_Z0_mono0_fix1/shell1_X0_Y0_Z-1_mono1_fix1/shell2_X0_Y-1_Z-2_mono1_fix1//test20tig_AVTZ// DONE 4.8798752840715265 12.081056597548146 7.918114679604272 24.879046561223944 2 -0.000161722
shell0_X0_Y0_Z0_mono0_fix1/shell1_X0_Y1_Z-1_mono0_fix1/shell2_X0_Y2_Z-2_mono1_fix1//test20tig_AVTZ// DONE 7.918115177639053 12.081056531222636 4.879875191366439 24.879046900228126 4 -0.000161722
shell0_X0_Y0_Z0_mono0_fix1/shell1_X0_Y1_Z-1_mono1_fix1/shell2_X0_Y2_Z-2_mono1_fix1//test20tig_AVTZ// DONE 4.879875191366439 12.081056531222636 7.947853458977189 24.908785181566262 2 -0.000206057
shell0_X0_Y0_Z0_mono0_fix1/shell1_X0_Y0_Z-1_mono1_fix1/shell1_X0_Y1_Z1_mono0_fix1//test20tig_AVTZ// DONE 4.8798752840715265 7.947854012254151 12.081056597548143 24.90878589387382 4 -0.000206057
shell0_X0_Y0_Z0_mono0_fix1/shell1_X0_Y1_Z-1_mono1_fix1/shell3_X-1_Y1_Z-3_mono1_fix1//test20tig_AVTZ// DONE 4.879875191366439 10.88405459527898 9.153763740124077 24.917693526769497 2 0.000085035
shell0_X0_Y0_Z0_mono0_fix1/shell1_X0_Y1_Z-1_mono1_fix1/shell2_X1_Y0_Z2_mono0_fix1//test20tig_AVTZ// DONE 4.879875191366439 9.153763844015145 10.88405459527898 24.917693630660565 4 0.000065634
shell0_X0_Y0_Z0_mono0_fix1/shell1_X0_Y0_Z-1_mono1_fix1/shell3_X-1_Y0_Z-3_mono1_fix1//test20tig_AVTZ// DONE 4.8798752840715265 10.88405462313503 9.153763740124077 24.917693647330633 2 0.000065634
shell0_X0_Y0_Z0_mono0_fix1/shell2_X-1_Y0_Z-2_mono0_fix1/shell3_X-1_Y0_Z-3_mono1_fix1//test20tig_AVTZ// DONE 9.153763844015145 10.88405462313503 4.8798752840715265 24.9176937512217 4 0.000085035
shell0_X0_Y0_Z0_mono0_fix1/shell2_X-2_Y1_Z-1_mono1_fix1/shell3_X-3_Y1_Z-1_mono1_fix1//test20tig_AVTZ// DONE 7.9370587750867125 12.129643244138835 4.854291280975464 24.920993300201012 2 -0.000145634
shell0_X0_Y0_Z0_mono0_fix1/shell2_X-2_Y0_Z-1_mono1_fix1/shell3_X-3_Y0_Z-1_mono1_fix1//test20tig_AVTZ// DONE 7.937058818163156 12.129643268335897 4.854291280975464 24.920993367474516 2 -0.000232538
shell0_X0_Y0_Z0_mono0_fix1/shell1_X-1_Y0_Z0_mono0_fix1/shell3_X-3_Y1_Z-1_mono1_fix1//test20tig_AVTZ// DONE 4.854291847385022 12.129643244138835 7.9370587750867125 24.92099386661057 4 -0.000232538
shell0_X0_Y0_Z0_mono0_fix1/shell1_X-1_Y0_Z0_mono0_fix1/shell3_X-3_Y0_Z-1_mono1_fix1//test20tig_AVTZ// DONE 4.854291847385022 12.129643268335897 7.937058818163156 24.920993933884073 4 -0.000145634
shell0_X0_Y0_Z0_mono0_fix1/shell1_X0_Y0_Z-1_mono0_fix1/shell3_X0_Y0_Z-3_mono0_fix1//test20tig_AVTZ// DONE 4.38165304261412 12.307337373733752 8.293258355384793 24.982248771732664 6 -0.000257146
shell0_X0_Y0_Z0_mono0_fix1/shell1_X-1_Y1_Z-1_mono1_fix1/shell2_X-2_Y2_Z-1_mono1_fix1//test20tig_AVTZ// DONE 4.689718751012225 12.288125498378834 8.16589350495135 25.14373775434241 2 -0.000205296
shell0_X0_Y0_Z0_mono0_fix1/shell1_X-1_Y-1_Z0_mono0_fix1/shell2_X-2_Y-1_Z-1_mono1_fix1//test20tig_AVTZ// DONE 8.165893982210706 12.288125561514361 4.689718793492955 25.14373833721802 4 -0.000205296
shell0_X0_Y0_Z0_mono0_fix1/shell1_X-1_Y0_Z-1_mono1_fix1/shell2_X-2_Y-1_Z-1_mono1_fix1//test20tig_AVTZ// DONE 4.689718793492955 12.288125561514361 8.275279052957368 25.253123407964686 2 -0.000169325
shell0_X0_Y0_Z0_mono0_fix1/shell1_X-1_Y1_Z0_mono0_fix1/shell2_X-2_Y2_Z-1_mono1_fix1//test20tig_AVTZ// DONE 8.27527950048686 12.288125498378834 4.689718751012225 25.25312374987792 4 -0.000169324
shell0_X0_Y0_Z0_mono0_fix1/shell2_X0_Y2_Z-1_mono1_fix1/shell2_X0_Y2_Z0_mono1_fix1//test20tig_AVTZ// DONE 10.552270310097942 10.479836785889324 4.381652121160035 25.413759217147298 2 0.000138586
shell0_X0_Y0_Z0_mono0_fix1/shell2_X-1_Y2_Z-1_mono1_fix1/shell2_X-1_Y2_Z0_mono1_fix1//test20tig_AVTZ// DONE 10.479836115247128 10.55227099737296 4.381652121160035 25.413759233780123 2 0.000125543
shell0_X0_Y0_Z0_mono0_fix1/shell1_X0_Y0_Z-1_mono0_fix1/shell2_X0_Y2_Z-1_mono1_fix1//test20tig_AVTZ// DONE 4.38165304261412 10.552270310097942 10.479836785889324 25.413760138601386 4 0.000125543
shell0_X0_Y0_Z0_mono0_fix1/shell1_X0_Y0_Z-1_mono0_fix1/shell2_X-1_Y2_Z-1_mono1_fix1//test20tig_AVTZ// DONE 4.38165304261412 10.479836115247128 10.55227099737296 25.413760155234208 4 0.000138586
shell0_X0_Y0_Z0_mono0_fix1/shell1_X-1_Y1_Z-1_mono1_fix1/shell2_X1_Y1_Z-2_mono1_fix1//test20tig_AVTZ// DONE 4.689718751012225 10.272462453065986 10.506825110816445 25.469006314894656 2 0.000129972
shell0_X0_Y0_Z0_mono0_fix1/shell1_X-1_Y0_Z-1_mono1_fix1/shell2_X1_Y0_Z-2_mono1_fix1//test20tig_AVTZ// DONE 4.689718793492955 10.272462479830054 10.506825110816445 25.469006384139455 2 0.000121722
shell0_X0_Y0_Z0_mono0_fix1/shell1_X-1_Y1_Z-1_mono1_fix1/shell2_X-2_Y0_Z1_mono0_fix1//test20tig_AVTZ// DONE 4.689718751012225 10.506825541052299 10.272462453065986 25.469006745130507 4 0.000121722
shell0_X0_Y0_Z0_mono0_fix1/shell1_X-1_Y0_Z-1_mono1_fix1/shell2_X-2_Y0_Z1_mono0_fix1//test20tig_AVTZ// DONE 4.689718793492955 10.506825541052299 10.272462479830054 25.46900681437531 4 0.000129972
shell0_X0_Y0_Z0_mono0_fix1/shell1_X0_Y0_Z-1_mono0_fix1/shell1_X-1_Y-1_Z1_mono0_fix1//test20tig_AVTZ// DONE 4.38165304261412 9.295490539077504 11.801089846871278 25.478233428562902 6 -0.000023838
shell0_X0_Y0_Z0_mono0_fix1/shell1_X0_Y0_Z-1_mono1_fix1/shell2_X-2_Y1_Z0_mono1_fix1//test20tig_AVTZ// DONE 4.8798752840715265 8.232859489005401 12.382809519383654 25.49554429246058 2 -0.000188382
shell0_X0_Y0_Z0_mono0_fix1/shell1_X0_Y1_Z-1_mono1_fix1/shell2_X2_Y1_Z-1_mono0_fix1//test20tig_AVTZ// DONE 4.879875191366439 12.382809884255245 8.232859518875284 25.495544594496966 4 -0.000188382
shell0_X0_Y0_Z0_mono0_fix1/shell1_X0_Y0_Z-1_mono1_fix1/shell1_X1_Y-1_Z-1_mono1_fix1//test20tig_AVTZ// DONE 4.8798752840715265 12.470205005668648 8.16589350495135 25.515973794691526 2 -0.000157304
shell0_X0_Y0_Z0_mono0_fix1/shell1_X0_Y1_Z-1_mono1_fix1/shell1_X-1_Y-1_Z0_mono0_fix1//test20tig_AVTZ// DONE 4.879875191366439 8.165893982210706 12.470204952125622 25.51597412570277 4 -0.000157305
shell0_X0_Y0_Z0_mono0_fix1/shell1_X1_Y1_Z-1_mono1_fix1/shell2_X2_Y1_Z-1_mono1_fix1//test20tig_AVTZ// DONE 8.232858600601466 12.436584155887973 4.854291280975464 25.5237340374649 2 -0.000206408
shell0_X0_Y0_Z0_mono0_fix1/shell1_X1_Y0_Z-1_mono1_fix1/shell2_X2_Y0_Z-1_mono1_fix1//test20tig_AVTZ// DONE 8.232858625612332 12.436584171531699 4.854291280975464 25.523734078119492 2 -0.000133422
shell0_X0_Y0_Z0_mono0_fix1/shell1_X1_Y1_Z-1_mono1_fix1/shell1_X-1_Y0_Z0_mono0_fix1//test20tig_AVTZ// DONE 8.232858600601466 4.854291847385022 12.436584155887973 25.52373460387446 4 -0.000133422
shell0_X0_Y0_Z0_mono0_fix1/shell1_X1_Y0_Z0_mono0_fix1/shell2_X2_Y0_Z-1_mono1_fix1//test20tig_AVTZ// DONE 4.854291847385022 12.436584171531699 8.232858625612332 25.52373464452905 4 -0.000206408
shell0_X0_Y0_Z0_mono0_fix1/shell1_X0_Y1_Z-1_mono1_fix1/shell2_X-2_Y0_Z0_mono1_fix1//test20tig_AVTZ// DONE 4.879875191366439 8.232859518875284 12.453271105140063 25.566005815381786 2 -0.000130940
shell0_X0_Y0_Z0_mono0_fix1/shell2_X-2_Y1_Z0_mono1_fix1/shell2_X-2_Y1_Z1_mono0_fix1//test20tig_AVTZ// DONE 8.232859489005401 12.453271462979721 4.879875284071528 25.566006236056648 4 -0.000130940
shell0_X0_Y0_Z0_mono0_fix1/shell1_X0_Y0_Z-1_mono0_fix1/shell1_X-1_Y1_Z1_mono0_fix1//test20tig_AVTZ// DONE 4.38165304261412 9.3873734873741 11.854553024155814 25.623579554144037 6 -0.000010379
shell0_X0_Y0_Z0_mono0_fix1/shell1_X0_Y1_Z-1_mono1_fix1/shell2_X1_Y2_Z-1_mono1_fix1//test20tig_AVTZ// DONE 4.879875191366439 12.470204952125622 8.275279052957368 25.62535919644943 2 -0.000147540
shell0_X0_Y0_Z0_mono0_fix1/shell1_X1_Y-1_Z-1_mono1_fix1/shell1_X1_Y-1_Z0_mono0_fix1//test20tig_AVTZ// DONE 12.470205005668648 8.27527950048686 4.879875284071528 25.625359790227034 4 -0.000147540
shell0_X0_Y0_Z0_mono0_fix1/shell1_X-1_Y-1_Z-1_mono0_fix1/shell1_X1_Y0_Z0_mono0_fix1//test20tig_AVTZ// DONE 8.971985427673124 4.854291847385022 11.891151656917737 25.71742893197588 6 0.000052034
shell0_X0_Y0_Z0_mono0_fix1/shell1_X-1_Y1_Z-1_mono1_fix1/shell3_X0_Y1_Z-3_mono1_fix1//test20tig_AVTZ// DONE 4.689718751012225 11.227186363707675 9.807804358429697 25.724709473149595 2 0.000076075
shell0_X0_Y0_Z0_mono0_fix1/shell1_X-1_Y0_Z-1_mono1_fix1/shell3_X0_Y0_Z-3_mono1_fix1//test20tig_AVTZ// DONE 4.689718793492955 11.22718639110945 9.807804358429697 25.724709543032105 2 0.000089781
shell0_X0_Y0_Z0_mono0_fix1/shell1_X-1_Y1_Z-1_mono1_fix1/shell2_X-1_Y0_Z2_mono0_fix1//test20tig_AVTZ// DONE 4.689718751012225 9.80780491502408 11.227186363707675 25.72471002974398 4 0.000089781
shell0_X0_Y0_Z0_mono0_fix1/shell1_X-1_Y0_Z-1_mono1_fix1/shell2_X-1_Y0_Z2_mono0_fix1//test20tig_AVTZ// DONE 4.689718793492955 9.80780491502408 11.227186391109448 25.724710099626485 4 0.000076075
shell0_X0_Y0_Z0_mono0_fix1/shell1_X0_Y1_Z-1_mono1_fix1/shell2_X-1_Y2_Z-2_mono1_fix1//test20tig_AVTZ// DONE 4.879875191366439 11.892728247980974 8.971985126694959 25.744588566042374 2 -0.000030500
shell0_X0_Y0_Z0_mono0_fix1/shell1_X0_Y0_Z-1_mono1_fix1/shell1_X1_Y1_Z1_mono0_fix1//test20tig_AVTZ// DONE 4.8798752840715265 8.971985427673124 11.892728317075902 25.74458902882055 4 -0.000030501
shell0_X0_Y0_Z0_mono0_fix1/shell1_X-1_Y0_Z0_mono1_fix1/shell2_X-2_Y1_Z-2_mono1_fix1//test20tig_AVTZ// DONE 4.879876783261088 9.573570512557703 11.294246105787236 25.74769340160603 2 0.000060374
shell0_X0_Y0_Z0_mono0_fix1/shell2_X-2_Y0_Z-2_mono1_fix1/shell2_X-1_Y-1_Z-2_mono0_fix1//test20tig_AVTZ// DONE 9.573570545117207 11.29424631152965 4.879876784204481 25.747693640851335 4 0.000060374
shell0_X0_Y0_Z0_mono0_fix1/shell1_X-1_Y1_Z0_mono1_fix1/shell2_X-2_Y0_Z-2_mono1_fix1//test20tig_AVTZ// DONE 4.879876784204481 9.573570545117207 11.316443371727567 25.769890701049256 2 0.000054268
shell0_X0_Y0_Z0_mono0_fix1/shell1_X-1_Y0_Z0_mono1_fix1/shell2_X1_Y-1_Z2_mono0_fix1//test20tig_AVTZ// DONE 4.879876783261088 11.31644354548893 9.573570512557703 25.76989084130772 4 0.000054269
shell0_X0_Y0_Z0_mono0_fix1/shell1_X0_Y0_Z-1_mono1_fix1/shell2_X-1_Y-1_Z-2_mono1_fix1//test20tig_AVTZ// DONE 4.8798752840715265 11.892728317075902 9.035176903288958 25.807780504436387 2 -0.000003313
shell0_X0_Y0_Z0_mono0_fix1/shell1_X-1_Y1_Z-1_mono0_fix1/shell2_X-1_Y2_Z-2_mono1_fix1//test20tig_AVTZ// DONE 9.035177165497888 11.892728247980974 4.879875191366439 25.8077806048453 4 -0.000003313
shell0_X0_Y0_Z0_mono0_fix1/shell1_X-1_Y1_Z-1_mono0_fix1/shell1_X1_Y0_Z0_mono0_fix1//test20tig_AVTZ// DONE 9.035177165497888 4.854291847385022 11.9543527609583 25.843821773841206 6 -0.000028552
shell0_X0_Y0_Z0_mono0_fix1/shell2_X-1_Y2_Z-1_mono1_fix1/shell2_X0_Y2_Z-1_mono1_fix1//test20tig_AVTZ// DONE 10.479836115247128 10.552270310097942 4.854291280975464 25.886397706320533 2 0.000102061
shell0_X0_Y0_Z0_mono0_fix1/shell1_X-1_Y-1_Z-1_mono1_fix1/shell1_X0_Y-1_Z-1_mono1_fix1//test20tig_AVTZ// DONE 10.479836186966654 10.552270378746126 4.854291280975464 25.886397846688244 2 0.000104754
shell0_X0_Y0_Z0_mono0_fix1/shell1_X-1_Y0_Z0_mono0_fix1/shell2_X-1_Y2_Z-1_mono1_fix1//test20tig_AVTZ// DONE 4.854291847385022 10.479836115247128 10.552270310097942 25.88639827273009 4 0.000104754
shell0_X0_Y0_Z0_mono0_fix1/shell1_X-1_Y-1_Z-1_mono1_fix1/shell1_X-1_Y0_Z0_mono0_fix1//test20tig_AVTZ// DONE 10.479836186966654 4.854291847385022 10.552270378746126 25.8863984130978 4 0.000102061
shell0_X0_Y0_Z0_mono0_fix1/shell1_X-1_Y0_Z0_mono0_fix1/shell2_X1_Y0_Z2_mono0_fix1//test20tig_AVTZ// DONE 4.854291847385022 9.153763844015145 11.9138079772099 25.921863668610065 6 0.000038338
shell0_X0_Y0_Z0_mono0_fix1/shell1_X-1_Y0_Z-1_mono1_fix1/shell2_X0_Y-1_Z-2_mono1_fix1//test20tig_AVTZ// DONE 4.689718793492955 12.081056597548146 9.29549001807212 26.06626540911322 2 -0.000033515
shell0_X0_Y0_Z0_mono0_fix1/shell1_X-1_Y1_Z-1_mono1_fix1/shell1_X-1_Y-1_Z1_mono0_fix1//test20tig_AVTZ// DONE 4.689718751012225 9.295490539077504 12.081056531222638 26.066265821312363 4 -0.000033515
shell0_X0_Y0_Z0_mono0_fix1/shell1_X0_Y0_Z-1_mono1_fix1/shell1_X1_Y-1_Z0_mono1_fix1//test20tig_AVTZ// DONE 4.8798752840715265 12.288126088308935 8.971985126694959 26.13998649907542 2 -0.000025757
shell0_X0_Y0_Z0_mono0_fix1/shell1_X-1_Y-1_Z-1_mono0_fix1/shell1_X0_Y1_Z-1_mono1_fix1//test20tig_AVTZ// DONE 8.971985427673124 4.879875191366439 12.288126041203562 26.139986660243125 4 -0.000025757
shell0_X0_Y0_Z0_mono0_fix1/shell1_X-1_Y1_Z-1_mono1_fix1/shell2_X0_Y2_Z-2_mono1_fix1//test20tig_AVTZ// DONE 4.689718751012225 12.081056531222636 9.38737296522935 26.15814824746421 2 -0.000007291
shell0_X0_Y0_Z0_mono0_fix1/shell1_X-1_Y0_Z-1_mono1_fix1/shell1_X-1_Y1_Z1_mono0_fix1//test20tig_AVTZ// DONE 4.689718793492955 9.3873734873741 12.081056597548143 26.158148878415197 4 -0.000007291
shell0_X0_Y0_Z0_mono0_fix1/shell1_X-1_Y1_Z-1_mono1_fix1/shell3_X-1_Y0_Z-3_mono1_fix1//test20tig_AVTZ// DONE 4.689718751012225 10.88405462313503 10.597767545050122 26.171540919197376 2 0.000100694
shell0_X0_Y0_Z0_mono0_fix1/shell2_X0_Y1_Z-2_mono0_fix1/shell3_X-1_Y1_Z-3_mono1_fix1//test20tig_AVTZ// DONE 10.597767900119495 10.88405459527898 4.689718793492955 26.17154128889143 4 0.000100694
shell0_X0_Y0_Z0_mono0_fix1/shell1_X0_Y1_Z0_mono1_fix1/shell2_X2_Y0_Z2_mono0_fix1//test20tig_AVTZ// DONE 4.689720349898127 11.9138079772099 9.573570512557703 26.17709883966573 4 0.000036955
shell0_X0_Y0_Z0_mono0_fix1/shell1_X0_Y1_Z0_mono1_fix1/shell2_X-2_Y1_Z-2_mono1_fix1//test20tig_AVTZ// DONE 4.689720349898127 9.573570512557703 11.913807981064506 26.177098843520334 2 0.000041628
shell0_X0_Y0_Z0_mono0_fix1/shell0_X0_Y0_Z0_mono1_fix1/shell2_X2_Y0_Z2_mono0_fix1//test20tig_AVTZ// DONE 4.689720404504576 11.9138079772099 9.573570545117207 26.177098926831682 4 0.000041628
shell0_X0_Y0_Z0_mono0_fix1/shell0_X0_Y0_Z0_mono1_fix1/shell2_X-2_Y0_Z-2_mono1_fix1//test20tig_AVTZ// DONE 4.689720404504576 9.573570545117207 11.913807981064506 26.17709893068629 2 0.000036955
shell0_X0_Y0_Z0_mono0_fix1/shell1_X-1_Y1_Z-1_mono1_fix1/shell3_X-3_Y1_Z-1_mono1_fix1//test20tig_AVTZ// DONE 4.689718751012225 12.129643244138835 9.361506629507653 26.180868624658714 2 0.000022018
shell0_X0_Y0_Z0_mono0_fix1/shell1_X-1_Y0_Z-1_mono1_fix1/shell3_X-3_Y0_Z-1_mono1_fix1//test20tig_AVTZ// DONE 4.689718793492955 12.129643268335897 9.361506629507653 26.180868691336507 2 -0.000007965
shell0_X0_Y0_Z0_mono0_fix1/shell1_X-1_Y1_Z-1_mono1_fix1/shell2_X2_Y0_Z0_mono0_fix1//test20tig_AVTZ// DONE 4.689718751012225 9.361506889970098 12.129643244138835 26.180868885121157 4 -0.000007965
shell0_X0_Y0_Z0_mono0_fix1/shell1_X-1_Y0_Z-1_mono1_fix1/shell2_X2_Y0_Z0_mono0_fix1//test20tig_AVTZ// DONE 4.689718793492955 9.361506889970098 12.129643268335897 26.18086895179895 4 0.000022018
shell0_X0_Y0_Z0_mono0_fix1/shell1_X-1_Y0_Z-1_mono1_fix1/shell3_X-1_Y1_Z-3_mono1_fix1//test20tig_AVTZ// DONE 4.689718793492955 10.88405459527898 10.621615275561464 26.1953886643334 2 0.000098478
shell0_X0_Y0_Z0_mono0_fix1/shell1_X-1_Y1_Z-1_mono1_fix1/shell2_X0_Y1_Z2_mono0_fix1//test20tig_AVTZ// DONE 4.689718751012225 10.621615668329172 10.88405462313503 26.195389042476428 4 0.000098478
shell0_X0_Y0_Z0_mono0_fix1/shell2_X2_Y0_Z2_mono0_fix1/shell2_X2_Y0_Z1_mono0_fix1//test20tig_AVTZ// DONE 11.9138079772099 9.903259070833585 4.38165304261412 26.198720090657602 6 0.000056281
shell0_X0_Y0_Z0_mono0_fix1/shell1_X0_Y1_Z-1_mono1_fix1/shell2_X1_Y2_Z0_mono1_fix1//test20tig_AVTZ// DONE 4.879875191366439 12.288126041203562 9.035176903288958 26.203178135858955 2 -0.000020577
shell0_X0_Y0_Z0_mono0_fix1/shell1_X-1_Y1_Z-1_mono0_fix1/shell1_X0_Y0_Z-1_mono1_fix1//test20tig_AVTZ// DONE 9.035177165497888 4.8798752840715265 12.288126088308935 26.20317853787835 4 -0.000020577
shell0_X0_Y0_Z0_mono0_fix1/shell1_X-1_Y1_Z-1_mono1_fix1/shell3_X-2_Y1_Z-3_mono1_fix1//test20tig_AVTZ// DONE 4.689718751012225 12.394697932541886 9.153763740124077 26.238180423678187 2 -0.000033811
shell0_X0_Y0_Z0_mono0_fix1/shell1_X-1_Y0_Z-1_mono1_fix1/shell3_X-2_Y0_Z-3_mono1_fix1//test20tig_AVTZ// DONE 4.689718793492955 12.394697956586858 9.153763740124077 26.23818049020389 2 -0.000039306
shell0_X0_Y0_Z0_mono0_fix1/shell1_X-1_Y1_Z-1_mono1_fix1/shell2_X1_Y0_Z2_mono0_fix1//test20tig_AVTZ// DONE 4.689718751012225 9.153763844015145 12.394697932541886 26.238180527569256 4 -0.000039306
shell0_X0_Y0_Z0_mono0_fix1/shell1_X-1_Y0_Z-1_mono1_fix1/shell2_X1_Y0_Z2_mono0_fix1//test20tig_AVTZ// DONE 4.689718793492955 9.153763844015145 12.394697956586858 26.238180594094956 4 -0.000033811
shell0_X0_Y0_Z0_mono0_fix1/shell2_X-1_Y0_Z-2_mono0_fix1/shell3_X-1_Y0_Z-3_mono0_fix1//test20tig_AVTZ// DONE 9.153763844015145 12.798371821311024 4.38165304261412 26.333788707940286 6 -0.000117727
shell0_X0_Y0_Z0_mono0_fix1/shell1_X0_Y0_Z-1_mono1_fix1/shell2_X-2_Y1_Z-2_mono1_fix1//test20tig_AVTZ// DONE 4.8798752840715265 9.573570512557703 11.891151506273106 26.344597302902336 2 0.000046914
shell0_X0_Y0_Z0_mono0_fix1/shell2_X-2_Y0_Z-2_mono1_fix1/shell2_X-2_Y-1_Z-1_mono0_fix1//test20tig_AVTZ// DONE 9.573570545117207 11.891151656917737 4.879875191366439 26.34459739340138 4 0.000046914
shell0_X0_Y0_Z0_mono0_fix1/shell2_X-2_Y1_Z-2_mono1_fix1/shell3_X-2_Y1_Z-3_mono1_fix1//test20tig_AVTZ// DONE 9.573570512557703 12.394697932541886 4.381652121160035 26.349920566259623 2 -0.000028526
shell0_X0_Y0_Z0_mono0_fix1/shell2_X-2_Y0_Z-2_mono1_fix1/shell3_X-2_Y0_Z-3_mono1_fix1//test20tig_AVTZ// DONE 9.573570545117207 12.394697956586858 4.381652121160035 26.3499206228641 2 -0.000006260
