shell0_X0_Y0_Z0_mono0_fix1/shell1_X-1_Y0_Z-1_mono0_fix1/shell1_X0_Y0_Z-1_mono0_fix1//test20tig_AVTZ// DONE 6.064820747978854 4.38165304261412 4.854291847385022 15.300765637977996 6 0.011823155
shell0_X0_Y0_Z0_mono0_fix1/shell1_X-1_Y1_Z-1_mono1_fix1/shell1_X0_Y1_Z0_mono1_fix1//test20tig_AVTZ// DONE 4.689718751012225 4.689720349898127 6.064820740141162 15.444259841051514 2 0.010611919
shell0_X0_Y0_Z0_mono0_fix1/shell1_X-1_Y0_Z-1_mono0_fix1/shell1_X-1_Y1_Z-1_mono1_fix1//test20tig_AVTZ// DONE 6.064820747978854 4.689718751012225 4.689720349898127 15.444259848889207 4 0.010611931
shell0_X0_Y0_Z0_mono0_fix1/shell1_X0_Y0_Z-1_mono0_fix1/shell1_X1_Y0_Z-1_mono0_fix1//test20tig_AVTZ// DONE 4.38165304261412 6.602802553139408 4.854291847385022 15.838747443138548 6 0.003141522
shell0_X0_Y0_Z0_mono0_fix1/shell1_X-1_Y0_Z-1_mono1_fix1/shell1_X-1_Y1_Z-1_mono1_fix1//test20tig_AVTZ// DONE 4.689718793492955 4.689718751012225 6.810810873136547 16.190248417641726 2 0.002534165
shell0_X0_Y0_Z0_mono0_fix1/shell1_X-1_Y1_Z-1_mono1_fix1/shell1_X0_Y1_Z0_mono0_fix1//test20tig_AVTZ// DONE 4.689718751012225 6.810811507043177 4.689718793492955 16.190249051548356 4 0.002534179
shell0_X0_Y0_Z0_mono0_fix1/shell1_X0_Y1_Z-1_mono1_fix1/shell1_X-1_Y1_Z0_mono1_fix1//test20tig_AVTZ// DONE 4.879875191366439 4.879876784204481 6.602801743528848 16.36255371909977 2 0.004776656
shell0_X0_Y0_Z0_mono0_fix1/shell1_X0_Y1_Z-1_mono1_fix1/shell1_X1_Y0_Z-1_mono0_fix1//test20tig_AVTZ// DONE 4.879875191366439 6.602802553139408 4.879876784204481 16.362554528710326 4 0.004776658
shell0_X0_Y0_Z0_mono0_fix1/shell1_X-1_Y1_Z-1_mono1_fix1/shell2_X-1_Y1_Z-2_mono1_fix1//test20tig_AVTZ// DONE 4.689718751012225 7.3245438676480985 4.381652121160035 16.39591473982036 2 0.000126034
shell0_X0_Y0_Z0_mono0_fix1/shell1_X-1_Y0_Z-1_mono1_fix1/shell2_X-1_Y0_Z-2_mono1_fix1//test20tig_AVTZ// DONE 4.689718793492955 7.324543907536211 4.381652121160035 16.3959148221892 2 0.002538212
shell0_X0_Y0_Z0_mono0_fix1/shell1_X-1_Y1_Z-1_mono1_fix1/shell1_X0_Y0_Z1_mono0_fix1//test20tig_AVTZ// DONE 4.689718751012225 4.381653042614121 7.3245438676480985 16.395915661274444 4 0.002538216
shell0_X0_Y0_Z0_mono0_fix1/shell1_X-1_Y0_Z-1_mono1_fix1/shell1_X0_Y0_Z1_mono0_fix1//test20tig_AVTZ// DONE 4.689718793492955 4.381653042614121 7.324543907536211 16.395915743643286 4 0.000126034
shell0_X0_Y0_Z0_mono0_fix1/shell1_X0_Y0_Z-1_mono1_fix1/shell1_X0_Y1_Z-1_mono1_fix1//test20tig_AVTZ// DONE 4.8798752840715265 4.879875191366439 6.810810873136547 16.57056134857451 2 0.004599540
shell0_X0_Y0_Z0_mono0_fix1/shell1_X0_Y0_Z-1_mono1_fix1/shell1_X0_Y-1_Z0_mono0_fix1//test20tig_AVTZ// DONE 4.8798752840715265 6.81081150704318 4.879875191366439 16.570561982481145 4 0.004599541
shell0_X0_Y0_Z0_mono0_fix1/shell1_X0_Y1_Z-1_mono1_fix1/shell2_X0_Y1_Z-2_mono1_fix1//test20tig_AVTZ// DONE 4.879875191366439 7.646690156232921 4.381652121160035 16.908217468759396 2 -0.000874024
shell0_X0_Y0_Z0_mono0_fix1/shell1_X0_Y0_Z-1_mono1_fix1/shell2_X0_Y0_Z-2_mono1_fix1//test20tig_AVTZ// DONE 4.8798752840715265 7.646690203091247 4.381652121160035 16.908217608322808 2 -0.001144612
shell0_X0_Y0_Z0_mono0_fix1/shell1_X0_Y0_Z-1_mono0_fix1/shell2_X0_Y1_Z-2_mono1_fix1//test20tig_AVTZ// DONE 4.38165304261412 7.646690156232921 4.879875191366439 16.90821839021348 4 -0.001144615
shell0_X0_Y0_Z0_mono0_fix1/shell1_X0_Y0_Z-1_mono1_fix1/shell1_X0_Y0_Z1_mono0_fix1//test20tig_AVTZ// DONE 4.8798752840715265 4.381653042614121 7.646690203091246 16.908218529776892 4 -0.000874024
shell0_X0_Y0_Z0_mono0_fix1/shell1_X0_Y0_Z-1_mono0_fix1/shell2_X0_Y0_Z-2_mono0_fix1//test20tig_AVTZ// DONE 4.38165304261412 8.293258355384793 4.38165304261412 17.056564440613034 3 -0.007061045
shell0_X0_Y0_Z0_mono0_fix1/shell1_X-1_Y1_Z-1_mono1_fix1/shell2_X-2_Y1_Z-1_mono1_fix1//test20tig_AVTZ// DONE 4.689718751012225 7.9370587750867125 4.854291280975464 17.4810688070744 2 0.001395674
shell0_X0_Y0_Z0_mono0_fix1/shell1_X-1_Y0_Z-1_mono1_fix1/shell2_X-2_Y0_Z-1_mono1_fix1//test20tig_AVTZ// DONE 4.689718793492955 7.937058818163156 4.854291280975464 17.481068892631576 2 -0.001089783
shell0_X0_Y0_Z0_mono0_fix1/shell1_X-1_Y1_Z-1_mono1_fix1/shell1_X1_Y0_Z0_mono0_fix1//test20tig_AVTZ// DONE 4.689718751012225 4.854291847385022 7.9370587750867125 17.481069373483958 4 -0.001089783
shell0_X0_Y0_Z0_mono0_fix1/shell1_X-1_Y0_Z-1_mono1_fix1/shell1_X1_Y0_Z0_mono0_fix1//test20tig_AVTZ// DONE 4.689718793492955 4.854291847385022 7.937058818163156 17.481069459041134 4 0.001395677
shell0_X0_Y0_Z0_mono0_fix1/shell1_X-1_Y0_Z-1_mono1_fix1/shell1_X-1_Y1_Z0_mono1_fix1//test20tig_AVTZ// DONE 4.689718793492955 4.879876784204481 7.9181146796042725 17.487710257301707 2 -0.001065654
shell0_X0_Y0_Z0_mono0_fix1/shell1_X-1_Y1_Z-1_mono1_fix1/shell1_X0_Y1_Z-1_mono0_fix1//test20tig_AVTZ// DONE 4.689718751012225 7.918115177639053 4.879876783261088 17.487710711912367 4 -0.001065647
shell0_X0_Y0_Z0_mono0_fix1/shell1_X-1_Y1_Z-1_mono1_fix1/shell1_X-1_Y0_Z0_mono1_fix1//test20tig_AVTZ// DONE 4.689718751012225 4.879876783261088 7.947853458977189 17.517448993250504 2 -0.001081516
shell0_X0_Y0_Z0_mono0_fix1/shell1_X-1_Y0_Z-1_mono1_fix1/shell1_X0_Y-1_Z-1_mono0_fix1//test20tig_AVTZ// DONE 4.689718793492955 7.94785401225415 4.879876784204481 17.517449589951585 4 -0.001081511
shell0_X0_Y0_Z0_mono0_fix1/shell1_X-1_Y1_Z-1_mono1_fix1/shell1_X0_Y0_Z-1_mono1_fix1//test20tig_AVTZ// DONE 4.689718751012225 4.8798752840715265 8.16589350495135 17.735487540035102 2 -0.000213706
shell0_X0_Y0_Z0_mono0_fix1/shell1_X-1_Y0_Z-1_mono1_fix1/shell1_X-1_Y-1_Z0_mono0_fix1//test20tig_AVTZ// DONE 4.689718793492955 8.165893982210706 4.879875191366439 17.7354879670701 4 -0.000213712
shell0_X0_Y0_Z0_mono0_fix1/shell1_X-1_Y0_Z-1_mono1_fix1/shell1_X0_Y1_Z-1_mono1_fix1//test20tig_AVTZ// DONE 4.689718793492955 4.879875191366439 8.275279052957368 17.84487303781676 2 -0.001051233
shell0_X0_Y0_Z0_mono0_fix1/shell1_X-1_Y1_Z-1_mono1_fix1/shell1_X-1_Y1_Z0_mono0_fix1//test20tig_AVTZ// DONE 4.689718751012225 8.27527950048686 4.879875284071528 17.844873535570613 4 -0.001051231
shell0_X0_Y0_Z0_mono0_fix1/shell1_X0_Y1_Z-1_mono1_fix1/shell1_X1_Y1_Z-1_mono1_fix1//test20tig_AVTZ// DONE 4.879875191366439 8.232858600601466 4.854291280975464 17.96702507294337 2 -0.002282273
shell0_X0_Y0_Z0_mono0_fix1/shell1_X0_Y0_Z-1_mono1_fix1/shell1_X1_Y0_Z-1_mono1_fix1//test20tig_AVTZ// DONE 4.8798752840715265 8.232858625612332 4.854291280975464 17.96702519065932 2 -0.000057240
shell0_X0_Y0_Z0_mono0_fix1/shell1_X0_Y1_Z-1_mono1_fix1/shell1_X-1_Y0_Z0_mono0_fix1//test20tig_AVTZ// DONE 4.879875191366439 4.854291847385022 8.232858600601466 17.967025639352926 4 -0.000057243
shell0_X0_Y0_Z0_mono0_fix1/shell1_X0_Y0_Z-1_mono1_fix1/shell1_X-1_Y0_Z0_mono0_fix1//test20tig_AVTZ// DONE 4.8798752840715265 4.854291847385022 8.232858625612332 17.967025757068882 4 -0.002282286
shell0_X0_Y0_Z0_mono0_fix1/shell0_X0_Y0_Z0_mono1_fix1/shell1_X-1_Y1_Z-1_mono1_fix1//test20tig_AVTZ// DONE 4.689720404504576 4.689718751012225 8.971985126694959 18.35142428221176 1 -0.005200848
shell0_X0_Y0_Z0_mono0_fix1/shell1_X1_Y1_Z1_mono0_fix1/shell1_X0_Y1_Z0_mono1_fix1//test20tig_AVTZ// DONE 8.971985427673124 4.689720349898127 4.689718793492955 18.351424571064204 2 -0.005200870
shell0_X0_Y0_Z0_mono0_fix1/shell1_X-1_Y0_Z-1_mono1_fix1/shell1_X0_Y1_Z0_mono1_fix1//test20tig_AVTZ// DONE 4.689718793492955 4.689720349898127 9.035176903288958 18.414616046680038 1 -0.003739697
shell0_X0_Y0_Z0_mono0_fix1/shell0_X0_Y0_Z0_mono1_fix1/shell1_X1_Y-1_Z1_mono0_fix1//test20tig_AVTZ// DONE 4.689720404504576 9.035177165497888 4.689718751012225 18.41461632101469 2 -0.003739698
shell0_X0_Y0_Z0_mono0_fix1/shell1_X0_Y0_Z-1_mono1_fix1/shell1_X-1_Y1_Z0_mono1_fix1//test20tig_AVTZ// DONE 4.8798752840715265 4.879876784204481 9.29549001807212 19.05524208634813 1 -0.003722809
shell0_X0_Y0_Z0_mono0_fix1/shell1_X0_Y1_Z-1_mono1_fix1/shell1_X1_Y1_Z-1_mono0_fix1//test20tig_AVTZ// DONE 4.879875191366439 9.295490539077504 4.879876783261088 19.055242513705032 2 -0.003722819
shell0_X0_Y0_Z0_mono0_fix1/shell1_X-1_Y0_Z0_mono0_fix1/shell2_X-2_Y0_Z0_mono0_fix1//test20tig_AVTZ// DONE 4.854291847385022 9.361506889970098 4.854291847385022 19.07009058474014 3 -0.003507637
shell0_X0_Y0_Z0_mono0_fix1/shell1_X0_Y1_Z-1_mono1_fix1/shell1_X-1_Y0_Z0_mono1_fix1//test20tig_AVTZ// DONE 4.879875191366439 4.879876783261088 9.38737296522935 19.147124939856877 1 -0.002269843
shell0_X0_Y0_Z0_mono0_fix1/shell1_X0_Y0_Z-1_mono1_fix1/shell1_X1_Y-1_Z-1_mono0_fix1//test20tig_AVTZ// DONE 4.8798752840715265 9.3873734873741 4.879876784204481 19.147125555650106 2 -0.002269841
