0.018347
0.020074
0.020074
0.018347
0.016163
0.016790
0.016790
0.016163
0.011823
0.010612
0.010612
0.003142
0.002534
0.002534
0.004777
0.004777
0.000126
0.002538
0.002538
0.000126
0.004600
0.004600
-0.000874
-0.001145
-0.001145
-0.000874
-0.007061
0.001396
-0.001090
-0.001090
0.001396
-0.001066
-0.001066
-0.001082
-0.001082
-0.000214
-0.000214
-0.001051
-0.001051
-0.002282
-0.000057
-0.000057
-0.002282
0.002454
0.002015
0.002015
0.002454
-0.005201
-0.005201
-0.003740
-0.003740
0.001577
0.001429
0.001429
0.001577
0.001369
0.001572
0.001572
0.001369
-0.003723
-0.003723
-0.003508
0.001487
0.001233
-0.002270
-0.002270
0.001066
0.001158
0.001158
0.001066
-0.000569
0.001062
0.001141
0.001141
0.001062
0.001348
0.001085
0.001085
0.000493
0.000975
0.000975
-0.000386
-0.000957
-0.000957
-0.000386
0.000851
0.000851
0.000811
0.000811
0.000739
0.000708
0.000708
0.000739
0.000914
0.000782
0.000782
0.000914
0.000786
0.000772
0.000772
0.000786
-0.000674
0.000946
0.000946
-0.000564
0.000607
0.000607
0.000566
0.000456
0.000515
0.000515
0.000456
0.000648
0.000648
0.000403
0.000403
0.000724
0.000724
0.000511
0.000511
0.000497
0.000497
0.000580
0.000512
0.000512
0.000516
0.000274
0.000274
0.000407
0.000312
0.000312
0.000407
-0.000463
-0.000248
-0.000248
-0.000463
0.000565
0.000499
0.000499
0.000365
0.000433
0.000453
0.000374
0.000374
0.000412
0.000439
0.000439
0.000412
0.000341
0.000450
0.000450
0.000341
0.000267
0.000470
0.000417
0.000417
0.000470
-0.000513
-0.000416
-0.000565
-0.000565
-0.000416
0.000305
0.000333
0.000461
0.000339
0.000339
0.000453
0.000339
0.000373
0.000373
0.000339
0.000182
0.000415
0.000415
-0.000372
-0.000211
-0.000211
-0.000372
0.000415
0.000398
0.000398
0.000415
0.000351
0.000431
0.000270
0.000270
0.000173
0.000142
0.000142
0.000173
0.000251
0.000276
0.000276
0.000251
-0.000448
-0.000376
-0.000376
-0.000448
0.000316
0.000316
0.000271
0.000294
-0.000049
0.000067
0.000067
-0.000049
0.000245
0.000152
-0.000161
-0.000161
-0.000179
-0.000179
0.000053
0.000032
0.000032
0.000053
-0.000008
-0.000082
-0.000082
-0.000066
0.000184
-0.000047
-0.000047
0.000269
0.000269
0.000005
0.000005
0.000009
0.000009
0.000337
0.000337
0.000196
0.000196
-0.000373
-0.000355
-0.000355
-0.000373
0.000227
0.000227
0.000104
0.000104
0.000278
0.000278
0.000102
0.000102
-0.000372
-0.000372
-0.000349
-0.000349
-0.000024
-0.000024
0.000054
0.000054
0.000083
0.000083
0.000248
0.000280
0.000280
0.000248
0.000094
0.000089
0.000089
0.000094
0.000110
0.000110
0.000279
0.000022
0.000069
0.000069
0.000022
-0.000461
0.000173
0.000173
0.000163
0.000163
0.000121
0.000121
0.000149
0.000127
0.000127
-0.000134
-0.000134
0.000134
-0.000278
-0.000278
-0.000110
-0.000110
-0.000057
-0.000057
0.000195
0.000210
0.000210
0.000195
-0.000235
-0.000235
-0.000018
-0.000036
-0.000036
-0.000018
-0.000064
-0.000064
0.000173
0.000173
0.000014
-0.000296
-0.000296
-0.000290
-0.000290
-0.000230
-0.000230
0.000146
0.000146
0.000146
0.000146
-0.000213
-0.000213
0.000062
0.000033
0.000033
0.000062
-0.000117
0.000011
0.000110
0.000110
0.000155
0.000155
0.000079
0.000133
0.000125
0.000125
0.000133
0.000189
0.000170
0.000170
0.000189
0.000133
0.000133
0.000129
0.000129
-0.000190
-0.000190
-0.000240
-0.000240
0.000107
0.000107
0.000098
0.000077
0.000077
0.000098
-0.000175
-0.000269
-0.000269
-0.000175
-0.000299
0.000126
0.000126
-0.000236
-0.000236
0.000003
0.000023
0.000023
0.000003
0.000101
0.000101
-0.000199
-0.000199
-0.000002
0.000059
0.000088
0.000090
0.000090
0.000088
0.000159
0.000145
0.000145
0.000159
0.000101
0.000101
0.000100
0.000100
0.000100
0.000097
0.000097
0.000100
0.000149
0.000141
0.000141
0.000149
-0.000028
-0.000216
-0.000216
-0.000184
-0.000184
-0.000239
-0.000159
-0.000159
-0.000239
-0.000155
-0.000155
-0.000008
-0.000172
-0.000172
0.000096
0.000073
0.000055
0.000072
0.000072
0.000088
0.000103
0.000103
0.000088
0.000067
-0.000033
-0.000033
0.000070
0.000070
0.000072
0.000072
0.000063
0.000063
-0.000089
-0.000127
-0.000127
-0.000089
0.000088
-0.000005
-0.000005
-0.000031
0.000119
0.000122
0.000122
0.000119
0.000042
0.000088
0.000088
0.000080
-0.000001
-0.000005
-0.000005
-0.000001
0.000083
-0.000036
-0.000036
0.000086
0.000073
0.000073
0.000065
0.000065
0.000065
0.000065
-0.000148
0.000075
0.000079
0.000079
0.000075
0.000065
0.000065
0.000023
0.000055
0.000055
0.000072
-0.000030
-0.000030
0.000061
0.000061
0.000057
0.000057
-0.000009
-0.000009
0.000115
0.000115
0.000042
0.000046
0.000046
0.000042
0.000023
-0.000007
-0.000007
0.000023
0.000059
0.000059
0.000114
0.000114
0.000059
0.000062
-0.000023
-0.000023
0.000067
-0.000039
-0.000047
-0.000047
-0.000039
-0.000000
0.000029
-0.000137
0.000054
0.000054
-0.000033
-0.000011
