0.018347467
0.020074354
0.020074349
0.018347426
0.016163281
0.016789994
0.016789992
0.016163271
0.011823155
0.010611919
0.010611931
0.003141522
0.002534165
0.002534179
0.004776656
0.004776658
0.000126034
0.002538212
0.002538216
0.000126034
0.004599540
0.004599541
-0.000874024
-0.001144612
-0.001144615
-0.000874024
-0.007061045
0.001395674
-0.001089783
-0.001089783
0.001395677
-0.001065654
-0.001065647
-0.001081516
-0.001081512
-0.000213706
-0.000213712
-0.001051233
-0.001051231
-0.002282273
-0.000057240
-0.000057243
-0.002282286
0.002453624
0.002014724
0.002014723
0.002453628
-0.005200848
-0.005200870
-0.003739697
-0.003739698
0.001577058
0.001428880
0.001428876
0.001577058
0.001369126
0.001571634
0.001571632
0.001369126
-0.003722809
-0.003722819
-0.003507637
0.001486836
0.001233408
-0.002269843
-0.002269841
0.001065712
0.001158080
0.001158079
0.001065712
-0.000568931
0.001061846
0.001141275
0.001141276
0.001061847
0.001347505
0.001084588
0.001084588
0.000493234
0.000974583
0.000974583
-0.000385577
-0.000957045
-0.000957041
-0.000385578
0.000851028
0.000851027
0.000811133
0.000811134
0.000739256
0.000708478
0.000708478
0.000739256
0.000914177
0.000781954
0.000781954
0.000914175
0.000786433
0.000772308
0.000772309
0.000786432
-0.000674071
0.000945943
0.000945942
-0.000563898
0.000606864
0.000606864
0.000565688
0.000455755
0.000515278
0.000515280
0.000455757
0.000648380
0.000648381
0.000403395
0.000403396
0.000723807
0.000723807
0.000510565
0.000510566
0.000497060
0.000497059
0.000579522
0.000511703
0.000511703
0.000515701
0.000273799
0.000273799
0.000406967
0.000311907
0.000311907
0.000406968
-0.000463419
-0.000248047
-0.000248047
-0.000463419
0.000565183
0.000499445
0.000499445
0.000365294
0.000433028
0.000452973
0.000374263
0.000374264
0.000411706
0.000439428
0.000439428
0.000411706
0.000340920
0.000450254
0.000450254
0.000340920
0.000266842
0.000469643
0.000416962
0.000416961
0.000469644
-0.000512827
-0.000415554
-0.000564958
-0.000564957
-0.000415554
0.000305429
0.000332501
0.000461416
0.000339126
0.000339125
0.000452943
0.000339263
0.000372978
0.000372979
0.000339264
0.000182098
0.000415330
0.000415329
-0.000372426
-0.000210566
-0.000210566
-0.000372425
0.000414989
0.000397989
0.000397989
0.000414991
0.000351450
0.000431480
0.000269863
0.000269863
0.000173379
0.000142446
0.000142446
0.000173379
0.000250849
0.000275778
0.000275777
0.000250850
-0.000447962
-0.000375979
-0.000375978
-0.000447962
0.000315631
0.000315631
0.000271205
0.000293946
-0.000048830
0.000067056
0.000067055
-0.000048832
0.000245450
0.000152028
-0.000160858
-0.000160858
-0.000178638
-0.000178637
0.000052878
0.000032493
0.000032493
0.000052877
-0.000008004
-0.000081794
-0.000081793
-0.000065534
0.000183938
-0.000047406
-0.000047406
0.000269008
0.000269009
0.000004671
0.000004670
0.000009169
0.000009169
0.000336623
0.000336622
0.000196425
0.000196425
-0.000373235
-0.000354651
-0.000354650
-0.000373235
0.000227284
0.000227284
0.000104244
0.000104244
0.000278136
0.000278136
0.000101845
0.000101846
-0.000372129
-0.000372130
-0.000348755
-0.000348755
-0.000023715
-0.000023716
0.000053738
0.000053738
0.000082803
0.000082803
0.000248180
0.000279516
0.000279516
0.000248180
0.000093975
0.000088714
0.000088714
0.000093975
0.000110076
0.000110076
0.000278916
0.000021986
0.000068776
0.000068776
0.000021986
-0.000461403
0.000172619
0.000172619
0.000163295
0.000163295
0.000121223
0.000121222
0.000149130
0.000127139
0.000127139
-0.000134365
-0.000134364
0.000133992
-0.000277880
-0.000277881
-0.000109574
-0.000109574
-0.000056734
-0.000056734
0.000194533
0.000209927
0.000209926
0.000194534
-0.000235347
-0.000235347
-0.000017813
-0.000036138
-0.000036138
-0.000017813
-0.000063894
-0.000063894
0.000172670
0.000172670
0.000014425
-0.000296253
-0.000296253
-0.000290480
-0.000290481
-0.000230341
-0.000230341
0.000146226
0.000146226
0.000146365
0.000146365
-0.000213410
-0.000213410
0.000061550
0.000033432
0.000033432
0.000061550
-0.000117104
0.000010759
0.000109891
0.000109891
0.000155219
0.000155219
0.000078812
0.000132629
0.000124768
0.000124768
0.000132629
0.000189003
0.000169684
0.000169684
0.000189003
0.000133292
0.000133292
0.000129275
0.000129275
-0.000190143
-0.000190143
-0.000239924
-0.000239924
0.000106684
0.000106684
0.000098084
0.000076773
0.000076774
0.000098084
-0.000174808
-0.000269387
-0.000269387
-0.000174808
-0.000299381
0.000125909
0.000125908
-0.000235631
-0.000235631
0.000002718
0.000022615
0.000022615
0.000002718
0.000100698
0.000100698
-0.000199178
-0.000199177
-0.000001743
0.000059324
0.000088143
0.000089706
0.000089706
0.000088143
0.000159319
0.000144861
0.000144860
0.000159319
0.000100755
0.000100754
0.000100029
0.000100029
0.000100219
0.000097359
0.000097359
0.000100219
0.000149366
0.000140954
0.000140954
0.000149367
-0.000027918
-0.000216011
-0.000216012
-0.000183833
-0.000183834
-0.000238762
-0.000158911
-0.000158911
-0.000238762
-0.000154548
-0.000154548
-0.000008455
-0.000172174
-0.000172174
0.000096058
0.000072598
0.000054795
0.000072312
0.000072312
0.000087721
0.000102699
0.000102699
0.000087721
0.000066798
-0.000033489
-0.000033489
0.000070063
0.000070063
0.000071803
0.000071803
0.000063039
0.000063039
-0.000088622
-0.000127128
-0.000127128
-0.000088622
0.000087918
-0.000004637
-0.000004638
-0.000030833
0.000118803
0.000121847
0.000121848
0.000118803
0.000041513
0.000087544
0.000087544
0.000080182
-0.000000905
-0.000004985
-0.000004985
-0.000000905
0.000082934
-0.000036306
-0.000036306
0.000086342
0.000073146
0.000073146
0.000064958
0.000065335
0.000065335
0.000064958
-0.000147988
0.000074840
0.000079025
0.000079025
0.000074840
0.000065362
0.000065362
0.000023234
0.000055225
0.000055225
0.000072325
-0.000030053
-0.000030053
0.000060813
0.000060813
0.000056942
0.000056942
-0.000009278
-0.000009278
0.000115121
0.000115121
0.000041948
0.000046474
0.000046474
0.000041947
0.000023311
-0.000007058
-0.000007058
0.000023311
0.000058910
0.000058910
0.000113990
0.000113990
0.000058893
0.000062043
-0.000023145
-0.000023145
0.000066764
-0.000039273
-0.000046670
-0.000046670
-0.000039273
-0.000000241
0.000028591
-0.000137086
0.000054392
0.000054392
-0.000032619
-0.000010952
