0.016687753
0.018550843
0.018550835
0.016687713
0.014767804
0.015389341
0.015389341
0.014767798
0.010877821
0.009676211
0.009676223
0.002481897
0.002016402
0.002016416
0.004120900
0.004120901
0.000006750
0.002490007
0.002490010
0.000006750
0.004030424
0.004030425
-0.000884770
-0.000963325
-0.000963327
-0.000884772
-0.006093958
0.001345992
-0.001067203
-0.001067201
0.001345994
-0.000932175
-0.000932169
-0.000963913
-0.000963910
-0.000136212
-0.000136218
-0.000926543
-0.000926541
-0.002115933
-0.000022232
-0.000022235
-0.002115943
0.002220174
0.001795904
0.001795902
0.002220177
-0.004470393
-0.004470411
-0.003188691
-0.003188692
0.001382618
0.001254395
0.001254393
0.001382618
0.001193358
0.001375555
0.001375554
0.001193358
-0.003225605
-0.003225614
-0.002973270
0.001334641
0.001043926
-0.001884749
-0.001884748
0.000930425
0.001006967
0.001006966
0.000930425
-0.000482829
0.000917067
0.000992759
0.000992760
0.000917066
0.001198492
0.000959563
0.000959563
0.000392650
0.000834201
0.000834200
-0.000329324
-0.000867925
-0.000867921
-0.000329326
0.000747852
0.000747852
0.000699566
0.000699566
0.000648683
0.000618938
0.000618938
0.000648683
0.000796828
0.000680881
0.000680882
0.000796826
0.000693769
0.000674743
0.000674744
0.000693769
-0.000591363
0.000845708
0.000845708
-0.000490661
0.000515474
0.000515474
0.000504802
0.000406094
0.000461998
0.000462000
0.000406096
0.000573447
0.000573448
0.000348211
0.000348211
0.000639712
0.000639711
0.000437725
0.000437725
0.000439534
0.000439534
0.000506155
0.000459137
0.000459137
0.000451663
0.000227225
0.000227225
0.000366623
0.000276524
0.000276524
0.000366624
-0.000408651
-0.000205500
-0.000205500
-0.000408651
0.000492974
0.000439263
0.000439263
0.000310475
0.000388543
0.000406331
0.000324941
0.000324942
0.000362049
0.000387120
0.000387120
0.000362048
0.000301498
0.000407827
0.000407826
0.000301498
0.000231986
0.000421540
0.000368038
0.000368037
0.000421541
-0.000443944
-0.000360811
-0.000492115
-0.000492114
-0.000360811
0.000267593
0.000278064
0.000409258
0.000295244
0.000295244
0.000409939
0.000292919
0.000324114
0.000324115
0.000292919
0.000143900
0.000371595
0.000371594
-0.000326911
-0.000172245
-0.000172244
-0.000326911
0.000361352
0.000347007
0.000347008
0.000361353
0.000308466
0.000378995
0.000226009
0.000226009
0.000147756
0.000120527
0.000120527
0.000147756
0.000218406
0.000245709
0.000245708
0.000218407
-0.000394204
-0.000315681
-0.000315680
-0.000394204
0.000277971
0.000277971
0.000240660
0.000256234
-0.000053223
0.000055655
0.000055655
-0.000053225
0.000212161
0.000125194
-0.000143144
-0.000143144
-0.000157517
-0.000157517
0.000035566
0.000024210
0.000024210
0.000035565
0.000002282
-0.000070691
-0.000070690
-0.000064747
0.000152350
-0.000038799
-0.000038799
0.000239755
0.000239756
-0.000002288
-0.000002288
0.000005170
0.000005170
0.000296639
0.000296638
0.000170063
0.000170063
-0.000327144
-0.000301709
-0.000301708
-0.000327144
0.000197868
0.000197868
0.000089714
0.000089714
0.000242359
0.000242359
0.000089465
0.000089465
-0.000317421
-0.000317422
-0.000301386
-0.000301386
-0.000030333
-0.000030333
0.000046038
0.000046038
0.000069285
0.000069285
0.000216868
0.000246100
0.000246100
0.000216869
0.000079723
0.000074400
0.000074400
0.000079723
0.000096273
0.000096273
0.000244929
0.000018212
0.000064482
0.000064482
0.000018212
-0.000413055
0.000152545
0.000152545
0.000141911
0.000141911
0.000100336
0.000100336
0.000130392
0.000108099
0.000108099
-0.000120748
-0.000120748
0.000112104
-0.000239984
-0.000239984
-0.000095707
-0.000095707
-0.000049531
-0.000049532
0.000169624
0.000183690
0.000183690
0.000169624
-0.000199090
-0.000199090
-0.000016686
-0.000031610
-0.000031610
-0.000016686
-0.000054542
-0.000054542
0.000149682
0.000149682
0.000018103
-0.000257329
-0.000257329
-0.000253780
-0.000253781
-0.000195815
-0.000195815
0.000124868
0.000124868
0.000130291
0.000130291
-0.000181965
-0.000181965
0.000055553
0.000028947
0.000028947
0.000055553
-0.000103795
0.000004766
0.000094139
0.000094139
0.000135399
0.000135399
0.000074387
0.000117623
0.000109582
0.000109583
0.000117623
0.000165050
0.000146488
0.000146488
0.000165050
0.000114562
0.000114562
0.000113382
0.000113383
-0.000161722
-0.000161722
-0.000206057
-0.000206057
0.000092768
0.000092768
0.000085035
0.000065634
0.000065634
0.000085035
-0.000145634
-0.000232538
-0.000232538
-0.000145634
-0.000257146
0.000112176
0.000112176
-0.000205296
-0.000205296
0.000000959
0.000019741
0.000019741
0.000000958
0.000088012
0.000088012
-0.000169325
-0.000169324
-0.000003824
0.000053724
0.000076633
0.000078131
0.000078131
0.000076633
0.000138586
0.000125543
0.000125543
0.000138586
0.000089261
0.000089261
0.000087605
0.000087605
0.000088520
0.000085516
0.000085516
0.000088521
0.000129972
0.000121722
0.000121722
0.000129972
-0.000023838
-0.000188382
-0.000188382
-0.000157304
-0.000157305
-0.000206408
-0.000133422
-0.000133422
-0.000206408
-0.000130940
-0.000130940
-0.000010379
-0.000147540
-0.000147540
0.000084306
0.000063920
0.000052034
0.000063266
0.000063266
0.000076075
0.000089781
0.000089781
0.000076075
0.000057237
-0.000030500
-0.000030501
0.000060374
0.000060374
0.000062231
0.000062231
0.000054268
0.000054269
-0.000077097
-0.000113534
-0.000113534
-0.000077097
0.000076913
-0.000003313
-0.000003313
-0.000028552
0.000102061
0.000104754
0.000104754
0.000102061
0.000038338
0.000077014
0.000077014
0.000071107
-0.000001573
-0.000004336
-0.000004336
-0.000001573
0.000073434
-0.000033515
-0.000033515
0.000076189
0.000064179
0.000064179
0.000056295
0.000056658
0.000056658
0.000056295
-0.000125597
0.000065636
0.000069508
0.000069508
0.000065636
0.000057265
0.000057265
0.000020155
0.000048566
0.000048566
0.000063124
-0.000025757
-0.000025757
0.000052446
0.000052446
0.000049748
0.000049748
-0.000007291
-0.000007291
0.000100694
0.000100694
0.000036955
0.000041628
0.000041628
0.000036955
0.000022018
-0.000007965
-0.000007965
0.000022018
0.000050607
0.000050607
0.000098478
0.000098478
0.000050263
0.000056281
-0.000020577
-0.000020577
0.000058375
-0.000033811
-0.000039306
-0.000039306
-0.000033811
-0.000000856
0.000026074
-0.000117727
0.000046914
0.000046914
-0.000028526
-0.000006260
