shell0_X0_Y0_Z0_mono0_fix1/shell0_X0_Y0_Z0_mono1_fix1//test20tig_AVTZ// DONE 4.565751472509687 12	-0.76317223 -0.53659120 0.14232520 -0.09171543 -0.81378200 -0.74819030 -0.78611050
shell0_X0_Y0_Z0_mono0_fix1/shell1_X0_Y-1_Z0_mono0_fix1//test20tig_AVTZ// DONE 6.283227169962359 6	-0.18497609 -0.15626710 -0.15827940 -0.00292114 -0.02377555 -0.02074221 -0.02249586
shell0_X0_Y0_Z0_mono0_fix1/shell0_X0_Y0_Z0_mono3_fix1//test20tig_AVTZ// DONE 7.57376537453448 12	-0.03701410 -0.01912395 -0.01733444 -0.00083954 -0.01884012 -0.01844009 -0.01867136
shell0_X0_Y0_Z0_mono0_fix1/shell1_X0_Y1_Z0_mono3_fix1//test20tig_AVTZ// DONE 7.664413314073836 12	-0.01077404 0.00164535 0.00518706 -0.00057850 -0.01538260 -0.01529143 -0.01534414
shell0_X0_Y0_Z0_mono0_fix1/shell1_X0_Y-1_Z-1_mono0_fix1//test20tig_AVTZ// DONE 8.69884916629692 6	-0.03018950 -0.02224654 -0.02755262 0.00041196 -0.00304884 -0.00240682 -0.00277799
shell0_X0_Y0_Z0_mono0_fix1/shell1_X0_Y-1_Z1_mono0_fix1//test20tig_AVTZ// DONE 8.813938135457056 6	0.01826001 0.02449955 0.03258698 -0.00068428 -0.01364268 -0.01410537 -0.01383788
shell0_X0_Y0_Z0_mono0_fix1/shell1_X0_Y1_Z0_mono2_fix1//test20tig_AVTZ// DONE 9.762161009125471 12	0.00790568 0.01197184 0.01561558 -0.00029076 -0.00741914 -0.00764364 -0.00751385
shell0_X0_Y0_Z0_mono0_fix1/shell1_X0_Y0_Z-1_mono2_fix1//test20tig_AVTZ// DONE 9.763617675955024 12	-0.01109605 -0.00795046 -0.01022622 0.00014728 -0.00101711 -0.00084784 -0.00094570
shell0_X0_Y0_Z0_mono0_fix1/shell1_X1_Y-1_Z-1_mono0_fix1//test20tig_AVTZ// DONE 10.574170213290163 2	0.02868766 0.03328245 0.04276454 -0.00082611 -0.01325076 -0.01403729 -0.01358258
shell0_X0_Y0_Z0_mono0_fix1/shell1_X-1_Y-1_Z1_mono0_fix1//test20tig_AVTZ// DONE 10.707029454809257 6	-0.00081720 0.00099745 0.00121329 0.00001647 -0.00204696 -0.00198715 -0.00202173
shell0_X0_Y0_Z0_mono0_fix1/shell1_X0_Y-1_Z0_mono3_fix1//test20tig_AVTZ// DONE 11.474829462410431 12	0.00471208 0.00648713 0.00841027 -0.00014316 -0.00355502 -0.00368060 -0.00360800
shell0_X0_Y0_Z0_mono0_fix1/shell1_X-1_Y0_Z0_mono3_fix1//test20tig_AVTZ// DONE 11.50145518534497 12	-0.00831556 -0.00729553 -0.00946675 0.00015508 0.00099611 0.00115094 0.00106143
shell0_X0_Y0_Z0_mono0_fix1/shell1_X-1_Y1_Z0_mono3_fix1//test20tig_AVTZ// DONE 11.527201388382558 12	0.00188770 0.00319462 0.00413566 -0.00004469 -0.00220327 -0.00226830 -0.00223070
shell0_X0_Y0_Z0_mono0_fix1/shell1_X-1_Y0_Z-1_mono2_fix1//test20tig_AVTZ// DONE 11.553299729505836 12	0.00066795 0.00173441 0.00229164 -0.00007782 -0.00154586 -0.00158925 -0.00156417
shell0_X0_Y0_Z0_mono0_fix1/shell2_X0_Y2_Z0_mono0_fix1//test20tig_AVTZ// DONE 12.297608531859105 6	-0.00575263 -0.00505900 -0.00667258 0.00020209 0.00071786 0.00093510 0.00080951
shell0_X0_Y0_Z0_mono0_fix1/shell1_X0_Y0_Z-1_mono3_fix1//test20tig_AVTZ// DONE 13.014818882472333 12	-0.00027656 0.00032070 0.00049048 -0.00007699 -0.00069005 -0.00071900 -0.00070226
shell0_X0_Y0_Z0_mono0_fix1/shell1_X0_Y1_Z-1_mono2_fix1//test20tig_AVTZ// DONE 13.032796468426524 12	-0.00307341 -0.00262332 -0.00339164 0.00003420 0.00028403 0.00032921 0.00030309
shell0_X0_Y0_Z0_mono0_fix1/shell1_X0_Y1_Z-1_mono3_fix1//test20tig_AVTZ// DONE 13.050823247654241 12	-0.00144922 -0.00101431 -0.00126215 -0.00004627 -0.00014081 -0.00015772 -0.00014794
shell0_X0_Y0_Z0_mono0_fix1/shell2_X0_Y-1_Z-2_mono0_fix1//test20tig_AVTZ// DONE 13.69876945376325 12	-0.00297928 -0.00263608 -0.00334858 0.00000485 0.00036445 0.00041264 0.00038478
shell0_X0_Y0_Z0_mono0_fix1/shell2_X1_Y2_Z0_mono0_fix1//test20tig_AVTZ// DONE 13.759355037987806 12	0.00073922 0.00116862 0.00147912 0.00001184 -0.00075174 -0.00073907 -0.00074639
shell0_X0_Y0_Z0_mono0_fix1/shell1_X-1_Y-1_Z0_mono3_fix1//test20tig_AVTZ// DONE 14.371745937429711 12	-0.00305953 -0.00280269 -0.00365734 0.00009490 0.00050291 0.00060831 0.00054738
shell0_X0_Y0_Z0_mono0_fix1/shell1_X1_Y1_Z-1_mono1_fix1//test20tig_AVTZ// DONE 14.411557279951486 12	0.00039966 0.00077426 0.00091083 0.00009097 -0.00060215 -0.00054736 -0.00057904
shell0_X0_Y0_Z0_mono0_fix1/shell2_X2_Y-1_Z-1_mono0_fix1//test20tig_AVTZ// DONE 14.96631000656361 6	0.00211095 0.00254337 0.00327396 -0.00003520 -0.00112782 -0.00116947 -0.00114539
shell0_X0_Y0_Z0_mono0_fix1/shell2_X1_Y1_Z2_mono0_fix1//test20tig_AVTZ// DONE 15.03701401149489 12	-0.00131195 -0.00110437 -0.00148049 0.00006489 0.00010365 0.00016345 0.00012888
shell0_X0_Y0_Z0_mono0_fix1/shell2_X-1_Y1_Z-2_mono0_fix1//test20tig_AVTZ// DONE 15.059762506204045 6	0.00150971 0.00178156 0.00231085 -0.00002981 -0.00077132 -0.00080063 -0.00078369
shell0_X0_Y0_Z0_mono0_fix1/shell1_X0_Y-1_Z-1_mono3_fix1//test20tig_AVTZ// DONE 15.601552246473624 12	0.00178113 0.00208995 0.00270353 -0.00004271 -0.00087970 -0.00091801 -0.00089586
shell0_X0_Y0_Z0_mono0_fix1/shell1_X-1_Y0_Z-1_mono3_fix1//test20tig_AVTZ// DONE 15.622710803146045 12	-0.00175598 -0.00157346 -0.00210724 0.00011070 0.00024056 0.00033248 0.00027934
shell0_X0_Y0_Z0_mono0_fix1/shell2_X0_Y0_Z-2_mono1_fix1//test20tig_AVTZ// DONE 15.632744346532903 12	0.00143911 0.00166816 0.00218353 -0.00005868 -0.00068573 -0.00076012 -0.00071711
shell0_X0_Y0_Z0_mono0_fix1/shell2_X0_Y0_Z-2_mono2_fix1//test20tig_AVTZ// DONE 15.63315330182851 12	-0.00060224 -0.00045163 -0.00056841 -0.00000909 -0.00002474 -0.00002964 -0.00002681
shell0_X0_Y0_Z0_mono0_fix1/shell1_X-1_Y1_Z-1_mono3_fix1//test20tig_AVTZ// DONE 15.643436789528975 12	-0.00074037 -0.00052991 -0.00075813 0.00008884 -0.00007109 0.00001451 -0.00003498
shell0_X0_Y0_Z0_mono0_fix1/shell2_X0_Y2_Z-1_mono3_fix1//test20tig_AVTZ// DONE 15.664033004263276 12	0.00030952 0.00048342 0.00062471 -0.00000720 -0.00030799 -0.00031470 -0.00031082
shell0_X0_Y0_Z0_mono0_fix1/shell2_X0_Y-2_Z0_mono3_fix1//test20tig_AVTZ// DONE 16.761703440649224 12	0.00053084 0.00073452 0.00090258 0.00004193 -0.00041367 -0.00038328 -0.00040085
shell0_X0_Y0_Z0_mono0_fix1/shell2_X-2_Y0_Z0_mono3_fix1//test20tig_AVTZ// DONE 16.77847046555876 12	-0.00023765 -0.00008024 -0.00015226 0.00005526 -0.00014065 -0.00009378 -0.00012088
shell0_X0_Y0_Z0_mono0_fix1/shell2_X-2_Y1_Z0_mono3_fix1//test20tig_AVTZ// DONE 16.78679396625788 12	0.00073391 0.00092466 0.00115083 0.00003623 -0.00045316 -0.00043292 -0.00044462
shell0_X0_Y0_Z0_mono0_fix1/shell2_X2_Y1_Z0_mono1_fix1//test20tig_AVTZ// DONE 16.80375354275092 12	-0.00015729 -0.00006211 -0.00007331 -0.00000986 -0.00007412 -0.00007799 -0.00007575
shell0_X0_Y0_Z0_mono0_fix1/shell2_X2_Y0_Z-2_mono0_fix1//test20tig_AVTZ// DONE 17.29872877118602 6	-0.00062085 -0.00050214 -0.00068646 0.00005258 0.00001303 0.00004644 0.00002712
shell0_X0_Y0_Z0_mono0_fix1/shell2_X0_Y-2_Z2_mono0_fix1//test20tig_AVTZ// DONE 17.359205776923226 6	0.00077307 0.00088093 0.00115713 -0.00003201 -0.00035205 -0.00037999 -0.00036384
shell0_X0_Y0_Z0_mono0_fix1/shell1_X-1_Y-1_Z-1_mono3_fix1//test20tig_AVTZ// DONE 17.837726547451208 12	-0.00059627 -0.00046667 -0.00067925 0.00009669 -0.00001371 0.00005869 0.00001683
shell0_X0_Y0_Z0_mono0_fix1/shell2_X0_Y2_Z-1_mono2_fix1//test20tig_AVTZ// DONE 17.85859884235666 12	-0.00017802 -0.00004603 -0.00013412 0.00008442 -0.00012833 -0.00007278 -0.00010489
shell0_X0_Y0_Z0_mono0_fix1/shell2_X0_Y1_Z-2_mono2_fix1//test20tig_AVTZ// DONE 17.858738630293253 12	-0.00065505 -0.00059857 -0.00078386 0.00002062 0.00010818 0.00011418 0.00011072
shell0_X0_Y0_Z0_mono0_fix1/shell2_X-1_Y2_Z-1_mono3_fix1//test20tig_AVTZ// DONE 17.879470756828297 12	0.00020447 0.00025172 0.00037882 -0.00006087 -0.00011348 -0.00015117 -0.00012938
shell0_X0_Y0_Z0_mono0_fix1/shell2_X-1_Y2_Z2_mono0_fix1//test20tig_AVTZ// DONE 18.32157058770746 6	0.00113145 0.00122878 0.00165216 -0.00009473 -0.00042598 -0.00049799 -0.00045636
shell0_X0_Y0_Z0_mono0_fix1/shell2_X1_Y2_Z2_mono0_fix1//test20tig_AVTZ// DONE 18.373165780845497 12	-0.00073639 -0.00069244 -0.00090494 0.00001955 0.00014900 0.00016868 0.00015730
shell0_X0_Y0_Z0_mono0_fix1/shell2_X1_Y2_Z-2_mono0_fix1//test20tig_AVTZ// DONE 18.398352551393423 12	0.00034434 0.00043470 0.00054655 0.00000925 -0.00021146 -0.00020198 -0.00020746
shell0_X0_Y0_Z0_mono0_fix1/shell2_X-1_Y-2_Z0_mono3_fix1//test20tig_AVTZ// DONE 18.85858699314509 12	-0.00044199 -0.00038927 -0.00051299 0.00001847 0.00005252 0.00006589 0.00005816
shell0_X0_Y0_Z0_mono0_fix1/shell2_X-2_Y-1_Z0_mono3_fix1//test20tig_AVTZ// DONE 18.86446971412594 12	-0.00072323 -0.00062906 -0.00088953 0.00009730 0.00006901 0.00014998 0.00010317
shell0_X0_Y0_Z0_mono0_fix1/shell2_X0_Y0_Z-2_mono3_fix1//test20tig_AVTZ// DONE 18.864512949755813 12	-0.00001700 0.00003680 0.00005482 -0.00000783 -0.00006400 -0.00007507 -0.00006867
shell0_X0_Y0_Z0_mono0_fix1/shell2_X1_Y1_Z-2_mono1_fix1//test20tig_AVTZ// DONE 18.88207867599655 12	0.00032899 0.00037146 0.00050501 -0.00003516 -0.00014087 -0.00018626 -0.00016002
shell0_X0_Y0_Z0_mono0_fix1/shell2_X0_Y1_Z-2_mono3_fix1//test20tig_AVTZ// DONE 18.88223623471766 12	-0.00017611 -0.00017879 -0.00016563 -0.00006704 0.00005656 0.00000282 0.00003389
shell0_X0_Y0_Z0_mono0_fix1/shell2_X-1_Y1_Z-2_mono2_fix1//test20tig_AVTZ// DONE 18.88806216681569 12	-0.00012559 -0.00006565 -0.00009609 0.00001263 -0.00004212 -0.00002559 -0.00003515
shell0_X0_Y0_Z0_mono0_fix1/shell3_X0_Y-1_Z-3_mono0_fix1//test20tig_AVTZ// DONE 19.344509269286384 12	-0.00054438 -0.00054980 -0.00066366 -0.00004125 0.00016054 0.00012926 0.00014734
shell0_X0_Y0_Z0_mono0_fix1/shell3_X0_Y-1_Z3_mono0_fix1//test20tig_AVTZ// DONE 19.377068619889 12	-0.00008777 -0.00005191 -0.00005631 -0.00001220 -0.00001927 -0.00002444 -0.00002145
shell0_X0_Y0_Z0_mono0_fix1/shell2_X0_Y-2_Z-1_mono3_fix1//test20tig_AVTZ// DONE 19.81059168261476 12	0.00058955 0.00072684 0.00086855 0.00006614 -0.00034515 -0.00029177 -0.00032263
shell0_X0_Y0_Z0_mono0_fix1/shell2_X-2_Y0_Z-1_mono3_fix1//test20tig_AVTZ// DONE 19.831080342103018 12	-0.00045868 -0.00042342 -0.00055604 0.00001668 0.00008067 0.00010271 0.00008997
shell0_X0_Y0_Z0_mono0_fix1/shell2_X-2_Y1_Z-1_mono3_fix1//test20tig_AVTZ// DONE 19.8412000731712 12	-0.00003166 -0.00000762 -0.00000136 -0.00001279 -0.00001751 -0.00004375 -0.00002858
shell0_X0_Y0_Z0_mono0_fix1/shell2_X-2_Y0_Z-2_mono2_fix1//test20tig_AVTZ// DONE 19.861465953150443 12	0.00017520 0.00016212 0.00029201 -0.00009008 -0.00002673 -0.00008753 -0.00005238
shell0_X0_Y0_Z0_mono0_fix1/shell3_X1_Y-1_Z-3_mono0_fix1//test20tig_AVTZ// DONE 20.267298409918073 6	-0.00001865 0.00003248 0.00003376 0.00000817 -0.00006058 -0.00005707 -0.00005910
shell0_X0_Y0_Z0_mono0_fix1/shell3_X-1_Y-1_Z-3_mono0_fix1//test20tig_AVTZ// DONE 20.30527729994488 12	-0.00037057 -0.00034417 -0.00044805 0.00000845 0.00006904 0.00008529 0.00007590
shell0_X0_Y0_Z0_mono0_fix1/shell3_X-1_Y-3_Z1_mono0_fix1//test20tig_AVTZ// DONE 20.32396631306445 6	0.00030773 0.00028857 0.00045669 -0.00009710 -0.00005186 -0.00012971 -0.00008470
shell0_X0_Y0_Z0_mono0_fix1/shell2_X0_Y-1_Z-2_mono3_fix1//test20tig_AVTZ// DONE 20.73432828058026 12	0.00034406 0.00039528 0.00051723 -0.00001370 -0.00015947 -0.00016762 -0.00016291
shell0_X0_Y0_Z0_mono0_fix1/shell2_X-1_Y0_Z-2_mono3_fix1//test20tig_AVTZ/ DONE 20.747754694528542 12	-0.00023380 -0.00024701 -0.00026152 -0.00005549 0.00008321 0.00005095 0.00006960
shell0_X0_Y0_Z0_mono0_fix1/shell2_X-1_Y1_Z-2_mono3_fix1//test20tig_AVTZ// DONE 20.761054555585694 12	-0.00016608 -0.00018735 -0.00017979 -0.00006265 0.00007637 0.00003076 0.00005713
shell0_X0_Y0_Z0_mono0_fix1/shell2_X0_Y2_Z-2_mono3_fix1//test20tig_AVTZ// DONE 20.774289931301084 12	0.00002866 0.00002978 0.00008316 -0.00004792 -0.00000658 -0.00003359 -0.00001798
shell0_X0_Y0_Z0_mono0_fix1/shell2_X2_Y-2_Z-2_mono0_fix1//test20tig_AVTZ// DONE 21.148340426580333 2	0.00085054 0.00092698 0.00119743 -0.00001961 -0.00032728 -0.00034730 -0.00033573
shell0_X0_Y0_Z0_mono0_fix1/shell2_X-2_Y-2_Z-2_mono0_fix1//test20tig_AVTZ// DONE 21.215145413550903 6	-0.00000836 0.00001710 0.00001398 0.00000589 -0.00002823 -0.00003418 -0.00003074
shell0_X0_Y0_Z0_mono0_fix1/shell2_X-1_Y-2_Z-1_mono3_fix1//test20tig_AVTZ// DONE 21.6140121483184 12	-0.00001218 0.00000564 0.00001619 -0.00001001 -0.00001836 -0.00003359 -0.00002478
shell0_X0_Y0_Z0_mono0_fix1/shell2_X-2_Y-1_Z-1_mono3_fix1//test20tig_AVTZ// DONE 21.621903020456692 12	-0.00034798 -0.00039328 -0.00043592 -0.00007008 0.00015803 0.00009799 0.00013270
shell0_X0_Y0_Z0_mono0_fix1/shell3_X0_Y0_Z-3_mono1_fix1//test20tig_AVTZ// DONE 21.633528372381207 12	0.00033635 0.00036178 0.00048301 -0.00002568 -0.00012099 -0.00014412 -0.00013074
shell0_X0_Y0_Z0_mono0_fix1/shell2_X0_Y2_Z-2_mono2_fix1//test20tig_AVTZ// DONE 21.633653147974226 12	-0.00017719 -0.00020948 -0.00020211 -0.00006925 0.00009417 0.00004443 0.00007319
shell0_X0_Y0_Z0_mono0_fix1/shell3_X0_Y0_Z-3_mono2_fix1//test20tig_AVTZ// DONE 21.6336887646322 12	-0.00003809 -0.00006829 -0.00001879 -0.00007296 0.00005365 -0.00000612 0.00002843
shell0_X0_Y0_Z0_mono0_fix1/shell2_X-2_Y2_Z-1_mono3_fix1//test20tig_AVTZ// DONE 21.645330734706185 12	0.00013872 0.00014337 0.00021198 -0.00003207 -0.00004119 -0.00007319 -0.00005469
shell0_X0_Y0_Z0_mono0_fix1/shell2_X-2_Y1_Z-2_mono2_fix1//test20tig_AVTZ// DONE 21.653157876520257 12	0.00012999 0.00009992 0.00021110 -0.00009104 0.00000993 -0.00004923 -0.00001503
shell0_X0_Y0_Z0_mono0_fix1/shell3_X0_Y-2_Z-3_mono0_fix1//test20tig_AVTZ// DONE 22.03807536382203 12	-0.00019994 -0.00017903 -0.00023729 0.00001114 0.00002621 0.00003206 0.00002868
shell0_X0_Y0_Z0_mono0_fix1/shell3_X0_Y2_Z-3_mono0_fix1//test20tig_AVTZ// DONE 22.08214497038591 12	0.00018602 0.00020201 0.00027416 -0.00001823 -0.00006991 -0.00008895 -0.00007794
shell0_X0_Y0_Z0_mono0_fix1/shell2_X-1_Y-1_Z-2_mono3_fix1//test20tig_AVTZ// DONE 22.462825580149385 12	0.00000125 -0.00003467 0.00003331 -0.00008326 0.00005120 -0.00001188 0.00002459
shell0_X0_Y0_Z0_mono0_fix1/shell3_X0_Y-3_Z0_mono3_fix1//test20tig_AVTZ// DONE 22.466327800349816 12	0.00012763 0.00011401 0.00020853 -0.00006612 -0.00001478 -0.00005800 -0.00003301
shell0_X0_Y0_Z0_mono0_fix1/shell2_X-2_Y-2_Z0_mono3_fix1//test20tig_AVTZ// DONE 22.46984192505956 12	-0.00026378 -0.00029689 -0.00032308 -0.00005852 0.00011781 0.00007797 0.00010100
shell0_X0_Y0_Z0_mono0_fix1/shell3_X-3_Y0_Z0_mono3_fix1//test20tig_AVTZ// DONE 22.476734964832996 12	0.00010709 0.00011924 0.00016998 -0.00002105 -0.00004184 -0.00005608 -0.00004785
shell0_X0_Y0_Z0_mono0_fix1/shell3_X-3_Y1_Z0_mono3_fix1//test20tig_AVTZ// DONE 22.480205636737978 12	0.00028607 0.00026285 0.00041717 -0.00008806 -0.00004304 -0.00010604 -0.00006962
shell0_X0_Y0_Z0_mono0_fix1/shell2_X-1_Y2_Z-2_mono2_fix1//test20tig_AVTZ// DONE 22.48725082447152 12	0.00003056 0.00001091 0.00006394 -0.00005319 0.00001980 -0.00002751 -0.00000016
shell0_X0_Y0_Z0_mono0_fix1/shell3_X3_Y1_Z0_mono1_fix1//test20tig_AVTZ// DONE 22.49077973057387 12	-0.00008364 -0.00004835 -0.00008533 0.00002460 -0.00002291 0.00000436 -0.00001140
shell0_X0_Y0_Z0_mono0_fix1/shell2_X-1_Y2_Z-2_mono3_fix1//test20tig_AVTZ// DONE 22.49423000091364 12	-0.00001635 0.00001016 -0.00000144 0.00001337 -0.00002828 -0.00001878 -0.00002428
shell0_X0_Y0_Z0_mono0_fix1/shell3_X1_Y-2_Z-3_mono0_fix1//test20tig_AVTZ// DONE 22.852892781143947 12	0.00019742 0.00022624 0.00030216 -0.00001454 -0.00009020 -0.00009331 -0.00009151
shell0_X0_Y0_Z0_mono0_fix1/shell3_X1_Y2_Z3_mono0_fix1//test20tig_AVTZ// DONE 22.886106160077166 12	-0.00025313 -0.00025174 -0.00032529 -0.00000034 0.00007250 0.00006376 0.00006881
shell0_X0_Y0_Z0_mono0_fix1/shell3_X-1_Y-2_Z3_mono0_fix1//test20tig_AVTZ// DONE 22.905771595911503 12	0.00003326 0.00003763 0.00005980 -0.00001579 -0.00001076 -0.00002941 -0.00001862
shell0_X0_Y0_Z0_mono0_fix1/shell3_X-1_Y2_Z-3_mono0_fix1//test20tig_AVTZ// DONE 22.91228433344122 12	0.00019636 0.00022184 0.00029022 -0.00000789 -0.00008596 -0.00008671 -0.00008628
shell0_X0_Y0_Z0_mono0_fix1/shell3_X0_Y3_Z-1_mono2_fix1//test20tig_AVTZ// DONE 23.292776487603195 12	0.00012147 0.00008883 0.00018728 -0.00007923 0.00001342 -0.00004670 -0.00001194
shell0_X0_Y0_Z0_mono0_fix1/shell3_X3_Y0_Z-1_mono1_fix1//test20tig_AVTZ// DONE 23.292868788783846 12	-0.00015334 -0.00012433 -0.00018341 0.00002602 0.00000406 0.00003061 0.00001526
shell0_X0_Y0_Z0_mono0_fix1/shell2_X0_Y-2_Z-2_mono3_fix1//test20tig_AVTZ// DONE 24.058213338363405 12	0.00026889 0.00029365 0.00037683 -0.00000331 -0.00010463 -0.00011597 -0.00010941
shell0_X0_Y0_Z0_mono0_fix1/shell3_X-1_Y-3_Z0_mono3_fix1//test20tig_AVTZ// DONE 24.069669845275737 12	-0.00006328 -0.00005772 -0.00006570 -0.00000852 0.00001095 0.00000976 0.00001045
shell0_X0_Y0_Z0_mono0_fix1/shell3_X-3_Y-1_Z0_mono3_fix1//test20tig_AVTZ// DONE 24.075310904053868 12	-0.00004284 -0.00007591 -0.00003541 -0.00006485 0.00005742 0.00001145 0.00003802
shell0_X0_Y0_Z0_mono0_fix1/shell2_X-2_Y0_Z-2_mono3_fix1//test20tig_AVTZ// DONE 24.075357944916494 12	-0.00016062 -0.00017796 -0.00019097 -0.00003767 0.00006801 0.00005047 0.00006061
shell0_X0_Y0_Z0_mono0_fix1/shell3_X1_Y1_Z-3_mono1_fix1//test20tig_AVTZ// DONE 24.083791206494183 12	0.00011716 0.00015069 0.00017794 0.00001439 -0.00007517 -0.00005728 -0.00006762
shell0_X0_Y0_Z0_mono0_fix1/shell2_X-2_Y1_Z-2_mono3_fix1//test20tig_AVTZ// DONE 24.08385892090095 12	-0.00007247 -0.00008465 -0.00007254 -0.00003687 0.00003694 0.00002002 0.00002980
shell0_X0_Y0_Z0_mono0_fix1/shell3_X-1_Y1_Z-3_mono2_fix1//test20tig_AVTZ// DONE 24.089538254285255 12	-0.00007933 -0.00005266 -0.00008856 0.00002226 -0.00001303 0.00001085 -0.00000295
shell0_X0_Y0_Z0_mono0_fix1/shell3_X0_Y3_Z-2_mono3_fix1//test20tig_AVTZ// DONE 24.10082556891591 12	0.00004638 0.00006461 0.00008713 -0.00000435 -0.00003639 -0.00002573 -0.00003190
shell0_X0_Y0_Z0_mono0_fix1/shell4_X0_Y0_Z4_mono0_fix1//test20tig_AVTZ// DONE 24.463558211304488 6	-0.00016385 -0.00016646 -0.00021008 -0.00000323 0.00004947 0.00004008 0.00004551
shell0_X0_Y0_Z0_mono0_fix1/shell3_X0_Y-3_Z-1_mono3_fix1//test20tig_AVTZ// DONE 24.82329739115728 12	0.00022331 0.00019622 0.00032140 -0.00007459 -0.00002349 -0.00008110 -0.00004780
shell0_X0_Y0_Z0_mono0_fix1/shell2_X-2_Y-2_Z-1_mono3_fix1//test20tig_AVTZ// DONE 24.828525456830413 12	-0.00018400 -0.00016364 -0.00023430 0.00002735 0.00002295 0.00004207 0.00003101
shell0_X0_Y0_Z0_mono0_fix1/shell3_X0_Y0_Z-3_mono3_fix1//test20tig_AVTZ// DONE 24.836302238029973 10	0.00003754 0.00000369 0.00007605 -0.00007599 0.00003747 -0.00000598 0.00001914
shell0_X0_Y0_Z0_mono0_fix1/shell3_X-3_Y0_Z-1_mono3_fix1//test20tig_AVTZ// DONE 24.83884735706966 12	-0.00003465 -0.00005895 -0.00002208 -0.00005586 0.00004329 0.00001407 0.00003096
shell0_X0_Y0_Z0_mono0_fix1/shell3_X-3_Y1_Z-1_mono3_fix1//test20tig_AVTZ// DONE 24.843998725950552 12	0.00003512 0.00005379 0.00005829 0.00000902 -0.00003220 -0.00002749 -0.00003021
shell0_X0_Y0_Z0_mono0_fix1/shell3_X0_Y1_Z-3_mono3_fix1//test20tig_AVTZ// DONE 24.84664977427437 10	-0.00004814 -0.00004319 -0.00005115 -0.00000380 0.00000681 0.00000307 0.00000523
shell0_X0_Y0_Z0_mono0_fix1/shell2_X2_Y2_Z-2_mono1_fix1//test20tig_AVTZ// DONE 24.85433833071226 12	0.00005387 0.00006101 0.00009180 -0.00001574 -0.00002219 -0.00002289 -0.00002249
shell0_X0_Y0_Z0_mono0_fix1/shell3_X3_Y2_Z0_mono1_fix1//test20tig_AVTZ// DONE 24.85951501533808 12	0.00005954 0.00002552 0.00010281 -0.00007446 0.00003119 -0.00001201 0.00001297
shell0_X0_Y0_Z0_mono0_fix1/shell3_X-2_Y2_Z3_mono0_fix1//test20tig_AVTZ// DONE 25.17406827608138 6	0.00028953 0.00030922 0.00040566 -0.00001274 -0.00010339 -0.00011795 -0.00010953
shell0_X0_Y0_Z0_mono0_fix1/shell4_X0_Y-4_Z-1_mono0_fix1//test20tig_AVTZ// DONE 25.20394414272869 12	-0.00015375 -0.00015522 -0.00019706 -0.00000169 0.00004500 0.00004003 0.00004290
shell0_X0_Y0_Z0_mono0_fix1/shell3_X-2_Y3_Z-2_mono0_fix1//test20tig_AVTZ// DONE 25.223637050198555 24	-0.00002528 -0.00005327 -0.00001619 -0.00005437 0.00004528 0.00000967 0.00003026
shell0_X0_Y0_Z0_mono0_fix1/shell3_X-2_Y2_Z-3_mono0_fix1//test20tig_AVTZ// DONE 25.23341810740854 6	0.00008484 0.00011147 0.00012739 0.00001617 -0.00005872 -0.00004338 -0.00005225
shell0_X0_Y0_Z0_mono0_fix1/shell2_X-1_Y-2_Z-2_mono3_fix1//test20tig_AVTZ// DONE 25.562831596004802 12	0.00009357 0.00006200 0.00014229 -0.00006869 0.00001997 -0.00002975 -0.00000101
shell0_X0_Y0_Z0_mono0_fix1/shell2_X-2_Y-1_Z-2_mono3_fix1//test20tig_AVTZ// DONE 25.569983645529078 12	-0.00016027 -0.00013637 -0.00020017 0.00002812 0.00001178 0.00004018 0.00002376
shell0_X0_Y0_Z0_mono0_fix1/shell2_X-2_Y2_Z-2_mono3_fix1//test20tig_AVTZ// DONE 25.59126131143126 12	-0.00000619 0.00001378 0.00000002 0.00001877 -0.00002498 -0.00001421 -0.00002043
shell0_X0_Y0_Z0_mono0_fix1/shell3_X-1_Y3_Z-2_mono3_fix1//test20tig_AVTZ// DONE 25.598340990772524 12	0.00004148 0.00004505 0.00007606 -0.00001961 -0.00001497 -0.00001444 -0.00001474
shell0_X0_Y0_Z0_mono0_fix1/shell3_X0_Y-3_Z-3_mono0_fix1//test20tig_AVTZ// DONE 25.92194445488709 12	-0.00007687 -0.00006187 -0.00009650 0.00002063 -0.00000100 0.00000336 0.00000084
shell0_X0_Y0_Z0_mono0_fix1/shell4_X-1_Y-1_Z-4_mono0_fix1//test20tig_AVTZ// DONE 25.944638626181174 12	-0.00008826 -0.00011184 -0.00010023 -0.00004556 0.00005752 0.00003612 0.00004849
shell0_X0_Y0_Z0_mono0_fix1/shell4_X-1_Y1_Z-4_mono0_fix1//test20tig_AVTZ// DONE 25.958146790008676 6	0.00001407 0.00003983 0.00002620 0.00002630 -0.00003844 -0.00002147 -0.00003128
shell0_X0_Y0_Z0_mono0_fix1/shell3_X0_Y-3_Z3_mono0_fix1//test20tig_AVTZ// DONE 25.962631794743558 6	0.00010771 0.00011906 0.00015550 -0.00000327 -0.00004452 -0.00004735 -0.00004571
shell0_X0_Y0_Z0_mono0_fix1/shell3_X-1_Y-3_Z-1_mono3_fix1//test20tig_AVTZ// DONE 26.283765466670665 12	0.00004828 0.00003391 0.00008464 -0.00004333 0.00000696 -0.00001569 -0.00000259
shell0_X0_Y0_Z0_mono0_fix1/shell3_X0_Y-1_Z-3_mono3_fix1//test20tig_AVTZ// DONE 26.28594971611782 10	0.00005764 0.00008839 0.00009080 0.00002328 -0.00005644 -0.00003421 -0.00004706
shell0_X0_Y0_Z0_mono0_fix1/shell3_X-3_Y-1_Z-1_mono3_fix1//test20tig_AVTZ// DONE 26.29250207165429 12	-0.00014235 -0.00012033 -0.00017991 0.00002823 0.00000934 0.00003499 0.00002016
shell0_X0_Y0_Z0_mono0_fix1/shell3_X-1_Y0_Z-3_mono3_fix1//test20tig_AVTZ// DONE 26.294704380186644 10	0.00000070 -0.00005015 0.00002027 -0.00009088 0.00007131 0.00001465 0.00004741
shell0_X0_Y0_Z0_mono0_fix1/shell3_X2_Y0_Z-3_mono1_fix1//test20tig_AVTZ// DONE 26.299027672496223 12	-0.00005903 -0.00003641 -0.00006722 0.00002145 -0.00001327 0.00000935 -0.00000372
shell0_X0_Y0_Z0_mono0_fix1/shell3_X3_Y0_Z-2_mono1_fix1//test20tig_AVTZ// DONE 26.29905782618782 12	-0.00010294 -0.00009093 -0.00013120 0.00001344 0.00001482 0.00002669 0.00001983
shell0_X0_Y0_Z0_mono0_fix1/shell3_X-1_Y1_Z-3_mono3_fix1//test20tig_AVTZ// DONE 26.30341789961761 10	-0.00000784 -0.00005447 0.00000395 -0.00007760 0.00006581 0.00001019 0.00004234
shell0_X0_Y0_Z0_mono0_fix1/shell3_X-3_Y2_Z-1_mono3_fix1//test20tig_AVTZ// DONE 26.305534809026856 12	0.00012188 0.00007659 0.00018351 -0.00009292 0.00003129 -0.00002544 0.00000736
shell0_X0_Y0_Z0_mono0_fix1/shell3_X0_Y2_Z-3_mono3_fix1//test20tig_AVTZ// DONE 26.31210588442213 10	0.00002631 -0.00000931 0.00005334 -0.00006853 0.00004150 -0.00000063 0.00002373
shell0_X0_Y0_Z0_mono0_fix1/shell3_X-2_Y1_Z-3_mono2_fix1//test20tig_AVTZ// DONE 26.314263447294195 12	0.00006049 0.00001567 0.00008963 -0.00007478 0.00004565 -0.00001492 0.00002009
shell0_X0_Y0_Z0_mono0_fix1/shell3_X-1_Y3_Z3_mono0_fix1//test20tig_AVTZ// DONE 26.619548495820165 6	0.00009742 0.00010842 0.00014296 -0.00000597 -0.00003957 -0.00004359 -0.00004126
shell0_X0_Y0_Z0_mono0_fix1/shell3_X-1_Y-3_Z-3_mono0_fix1//test20tig_AVTZ// DONE 26.64477375215955 6	-0.00012946 -0.00012120 -0.00017208 0.00001808 0.00002454 0.00002849 0.00002620
shell0_X0_Y0_Z0_mono0_fix1/shell3_X-1_Y-3_Z3_mono0_fix1//test20tig_AVTZ// DONE 26.6697276918346 12	0.00012108 0.00008659 0.00017665 -0.00006986 0.00001429 -0.00003428 -0.00000620
shell0_X0_Y0_Z0_mono0_fix1/shell3_X-2_Y-3_Z0_mono3_fix1//test20tig_AVTZ// DONE 26.991308162902133 12	-0.00010066 -0.00009644 -0.00012760 0.00000240 0.00002454 0.00002948 0.00002662
shell0_X0_Y0_Z0_mono0_fix1/shell3_X-3_Y-2_Z0_mono3_fix1//test20tig_AVTZ// DONE 26.993307580029665 12	-0.00011734 -0.00009789 -0.00014687 0.00002331 0.00000622 0.00002982 0.00001617
shell0_X0_Y0_Z0_mono0_fix1/shell3_X-1_Y3_Z-2_mono2_fix1//test20tig_AVTZ// DONE 27.003348352802632 12	0.00003700 0.00002994 0.00005522 -0.00001899 0.00000076 -0.00001506 -0.00000591
shell0_X0_Y0_Z0_mono0_fix1/shell3_X3_Y1_Z-2_mono1_fix1//test20tig_AVTZ// DONE 27.005387114751187 12	-0.00004985 -0.00002966 -0.00005705 0.00002053 -0.00001333 0.00000716 -0.00000469
shell0_X0_Y0_Z0_mono0_fix1/shell4_X0_Y-4_Z-2_mono0_fix1//test20tig_AVTZ// DONE 27.325833403402047 12	-0.00007555 -0.00007664 -0.00009064 -0.00000825 0.00002334 0.00002219 0.00002285
shell0_X0_Y0_Z0_mono0_fix1/shell4_X0_Y-2_Z4_mono0_fix1//test20tig_AVTZ// DONE 27.35673503818135 12	0.00001788 0.00003619 0.00002923 0.00001757 -0.00002892 -0.00001711 -0.00002394
shell0_X0_Y0_Z0_mono0_fix1/shell3_X-1_Y-1_Z-3_mono3_fix1//test20tig_AVTZ// DONE 27.668766934292382 10	-0.00001482 0.00000400 -0.00001079 0.00001614 -0.00002017 -0.00000333 -0.00001307
shell0_X0_Y0_Z0_mono0_fix1/shell4_X0_Y0_Z-4_mono1_fix1//test20tig_AVTZ// DONE 27.679924298423874 6	0.00008799 0.00010968 0.00012687 0.00001297 -0.00005186 -0.00003877 -0.00004634
shell0_X0_Y0_Z0_mono0_fix1/shell4_X0_Y0_Z-4_mono2_fix1//test20tig_AVTZ// DONE 27.68000209421676 6	-0.00001638 -0.00001723 -0.00000534 -0.00001761 0.00000657 0.00000765 0.00000702
shell0_X0_Y0_Z0_mono0_fix1/shell3_X-1_Y2_Z-3_mono3_fix1//test20tig_AVTZ// DONE 27.691185369989345 10	0.00002767 -0.00001256 0.00004790 -0.00006758 0.00004735 -0.00000156 0.00002671
shell0_X0_Y0_Z0_mono0_fix1/shell4_X1_Y-2_Z-4_mono0_fix1//test20tig_AVTZ// DONE 27.989358668008848 12	0.00000017 0.00002155 0.00000968 0.00001865 -0.00002815 -0.00001046 -0.00002069
shell0_X0_Y0_Z0_mono0_fix1/shell4_X1_Y2_Z4_mono0_fix1//test20tig_AVTZ// DONE 28.011033594605735 12	-0.00009594 -0.00009304 -0.00012154 0.00000065 0.00002496 0.00003175 0.00002782
shell0_X0_Y0_Z0_mono0_fix1/shell4_X-1_Y4_Z-2_mono0_fix1//test20tig_AVTZ// DONE 28.025377261211812 12	-0.00002976 -0.00001452 -0.00003807 0.00002003 -0.00001172 -0.00000095 -0.00000718
shell0_X0_Y0_Z0_mono0_fix1/shell4_X1_Y-2_Z4_mono0_fix1//test20tig_AVTZ// DONE 28.032517801060802 12	0.00006784 0.00006881 0.00010212 -0.00001664 -0.00001764 -0.00002051 -0.00001885
shell0_X0_Y0_Z0_mono0_fix1/shell3_X0_Y-3_Z-2_mono3_fix1//test20tig_AVTZ// DONE 28.3269108506337 12	0.00015860 0.00013454 0.00022644 -0.00005845 -0.00000940 -0.00004885 -0.00002604
shell0_X0_Y0_Z0_mono0_fix1/shell2_X-2_Y-2_Z-2_mono3_fix1//test20tig_AVTZ// DONE 28.33217867394054 12	-0.00001607 -0.00005452 -0.00001880 -0.00005781 0.00006054 0.00001607 0.00004178
shell0_X0_Y0_Z0_mono0_fix1/shell4_X0_Y-4_Z0_mono3_fix1//test20tig_AVTZ// DONE 28.33740902835458 6	0.00006684 0.00002447 0.00010053 -0.00007357 0.00003987 -0.00001419 0.00001706
shell0_X0_Y0_Z0_mono0_fix1/shell3_X-3_Y0_Z-2_mono3_fix1//test20tig_AVTZ// DONE 28.342626756948373 12	-0.00007971 -0.00006649 -0.00010185 0.00001796 0.00000418 0.00001795 0.00000999
shell0_X0_Y0_Z0_mono0_fix1/shell4_X-4_Y0_Z0_mono3_fix1//test20tig_AVTZ// DONE 28.344321290693095 6	0.00004388 0.00006034 0.00006602 0.00001060 -0.00003274 -0.00002154 -0.00002801
shell0_X0_Y0_Z0_mono0_fix1/shell4_X-4_Y1_Z0_mono3_fix1//test20tig_AVTZ// DONE 28.34605427676526 6	0.00006743 0.00008997 0.00009912 0.00001650 -0.00004819 -0.00003110 -0.00004098
shell0_X0_Y0_Z0_mono0_fix1/shell3_X-3_Y1_Z-2_mono3_fix1//test20tig_AVTZ// DONE 28.34783452293002 12	-0.00002673 -0.00001840 -0.00002902 0.00000470 -0.00000241 0.00000505 0.00000074
shell0_X0_Y0_Z0_mono0_fix1/shell4_X-1_Y0_Z-4_mono2_fix1//test20tig_AVTZ// DONE 28.35307260917136 6	-0.00002647 -0.00001906 -0.00002340 -0.00000098 -0.00000208 0.00000883 0.00000252
shell0_X0_Y0_Z0_mono0_fix1/shell3_X-2_Y3_Z-2_mono3_fix1//test20tig_AVTZ// DONE 28.358251239138017 12	0.00003629 0.00002920 0.00006245 -0.00002772 0.00000156 -0.00000526 -0.00000132
shell0_X0_Y0_Z0_mono0_fix1/shell3_X3_Y3_Z0_mono1_fix1//test20tig_AVTZ// DONE 28.363460081900115 12	0.00004172 0.00002941 0.00006692 -0.00003222 0.00000702 -0.00000779 0.00000077
shell0_X0_Y0_Z0_mono0_fix1/shell3_X2_Y-3_Z-3_mono0_fix1//test20tig_AVTZ// DONE 28.636688006763112 6	0.00020740 0.00017013 0.00028595 -0.00007341 -0.00000514 -0.00006871 -0.00003196
shell0_X0_Y0_Z0_mono0_fix1/shell3_X3_Y2_Z-3_mono0_fix1//test20tig_AVTZ// DONE 28.677134762071983 6	-0.00005757 -0.00005305 -0.00007363 0.00000382 0.00001223 0.00001734 0.00001439
shell0_X0_Y0_Z0_mono0_fix1/shell3_X2_Y3_Z-3_mono0_fix1//test20tig_AVTZ// DONE 28.687144903034053 12	0.00008186 0.00003221 0.00012103 -0.00008456 0.00004539 -0.00001460 0.00002008
shell0_X0_Y0_Z0_mono0_fix1/shell3_X0_Y-2_Z-3_mono3_fix1//test20tig_AVTZ// DONE 28.97893446521797 10	0.00007811 0.00010094 0.00011127 0.00001653 -0.00004969 -0.00003384 -0.00004300
shell0_X0_Y0_Z0_mono0_fix1/shell3_X-2_Y-3_Z-1_mono3_fix1//test20tig_AVTZ// DONE 28.98384927493839 12	0.00000171 -0.00004995 0.00001436 -0.00008422 0.00007157 0.00001535 0.00004785
shell0_X0_Y0_Z0_mono0_fix1/shell3_X-3_Y-2_Z-1_mono3_fix1//test20tig_AVTZ// DONE 28.98710459446444 12	-0.00010333 -0.00009035 -0.00012938 0.00001480 0.00001124 0.00003122 0.00001967
shell0_X0_Y0_Z0_mono0_fix1/shell3_X-2_Y0_Z-3_mono3_fix1//test20tig_AVTZ// DONE 28.99199243835921 10	-0.00001898 -0.00005979 -0.00001152 -0.00006826 0.00006080 0.00001872 0.00004305
shell0_X0_Y0_Z0_mono0_fix1/shell4_X0_Y4_Z-1_mono2_fix1//test20tig_AVTZ// DONE 28.99519026388864 6	0.00003822 0.00004998 0.00005714 0.00000574 -0.00002466 -0.00001753 -0.00002165
shell0_X0_Y0_Z0_mono0_fix1/shell4_X4_Y0_Z-1_mono1_fix1//test20tig_AVTZ// DONE 28.9952457603883 6	-0.00003075 -0.00003247 -0.00002951 -0.00001385 0.00001260 0.00001533 0.00001375
shell0_X0_Y0_Z0_mono0_fix1/shell3_X-2_Y1_Z-3_mono3_fix1//test20tig_AVTZ// DONE 28.99848808757077 10	0.00000408 -0.00004208 0.00001425 -0.00007214 0.00006197 0.00000923 0.00003972
shell0_X0_Y0_Z0_mono0_fix1/shell3_X2_Y2_Z-3_mono1_fix1//test20tig_AVTZ// DONE 29.003324796859363 12	0.00002938 0.00003812 0.00005143 -0.00000284 -0.00001920 -0.00000988 -0.00001527
shell0_X0_Y0_Z0_mono0_fix1/shell3_X-2_Y2_Z-3_mono2_fix1//test20tig_AVTZ// DONE 29.006584272722442 12	0.00001650 0.00001116 0.00002894 -0.00001811 0.00000567 -0.00000139 0.00000269
shell0_X0_Y0_Z0_mono0_fix1/shell3_X0_Y3_Z-3_mono3_fix1//test20tig_AVTZ// DONE 29.011451696110665 10	0.00001612 0.00001585 0.00003367 -0.00001462 -0.00000294 -0.00000204 -0.00000256
shell0_X0_Y0_Z0_mono0_fix1/shell3_X-1_Y-3_Z-2_mono3_fix1//test20tig_AVTZ// DONE 29.614944463064003 12	0.00005460 0.00004995 0.00007684 -0.00001692 -0.00000533 -0.00001467 -0.00000927
shell0_X0_Y0_Z0_mono0_fix1/shell3_X-3_Y-1_Z-2_mono3_fix1//test20tig_AVTZ// DONE 29.624118791017544 12	-0.00001629 -0.00007684 -0.00001020 -0.00009464 0.00008855 0.00002491 0.00006170
shell0_X0_Y0_Z0_mono0_fix1/shell4_X-1_Y-4_Z0_mono3_fix1//test20tig_AVTZ// DONE 29.62412177447278 6	-0.00000295 -0.00001107 0.00000282 -0.00001896 0.00001319 0.00000244 0.00000866
shell0_X0_Y0_Z0_mono0_fix1/shell4_X-4_Y-1_Z0_mono3_fix1//test20tig_AVTZ// DONE 29.628658178910232 6	-0.00001471 0.00000377 -0.00001165 0.00001763 -0.00002069 -0.00000092 -0.00001235
shell0_X0_Y0_Z0_mono0_fix1/shell4_X1_Y1_Z-4_mono1_fix1//test20tig_AVTZ// DONE 29.633211771317246 6	0.00009004 0.00006255 0.00015492 -0.00008226 0.00001738 0.00000443 0.00001191
shell0_X0_Y0_Z0_mono0_fix1/shell3_X-3_Y2_Z-2_mono3_fix1//test20tig_AVTZ// DONE 29.63779904745808 12	0.00001999 0.00001688 0.00003468 -0.00001438 -0.00000031 -0.00000561 -0.00000255
shell0_X0_Y0_Z0_mono0_fix1/shell4_X4_Y1_Z-1_mono1_fix1//test20tig_AVTZ// DONE 29.637826591851535 6	-0.00002133 -0.00002205 -0.00001947 -0.00000998 0.00000813 0.00001017 0.00000899
shell0_X0_Y0_Z0_mono0_fix1/shell3_X3_Y3_Z-1_mono1_fix1//test20tig_AVTZ// DONE 29.646922906975192 12	0.00002832 0.00002234 0.00005245 -0.00002566 0.00000153 -0.00000108 0.00000043
shell0_X0_Y0_Z0_mono0_fix1/shell4_X-2_Y4_Z2_mono0_fix1//test20tig_AVTZ// DONE 29.914227440497918 6	0.00005295 0.00007899 0.00007932 0.00002227 -0.00004864 -0.00002601 -0.00003909
shell0_X0_Y0_Z0_mono0_fix1/shell4_X-2_Y-2_Z-4_mono0_fix1//test20tig_AVTZ// DONE 29.94968802187384 12	-0.00004203 -0.00003727 -0.00005198 0.00000235 0.00000761 0.00001478 0.00001063
shell0_X0_Y0_Z0_mono0_fix1/shell4_X-2_Y-4_Z2_mono0_fix1//test20tig_AVTZ// DONE 29.961401997942318 6	0.00006131 0.00005831 0.00008746 -0.00001521 -0.00001094 -0.00002012 -0.00001481
shell0_X0_Y0_Z0_mono0_fix1/shell3_X-1_Y-2_Z-3_mono3_fix1//test20tig_AVTZ// DONE 30.239019157071752 10	0.00001571 0.00003568 0.00002974 0.00001653 -0.00003055 -0.00001001 -0.00002189
shell0_X0_Y0_Z0_mono0_fix1/shell4_X0_Y-4_Z-1_mono3_fix1//test20tig_AVTZ// DONE 30.240452707027565 6	0.00003861 0.00005733 0.00005841 0.00001536 -0.00003516 -0.00001944 -0.00002853
shell0_X0_Y0_Z0_mono0_fix1/shell3_X-2_Y-1_Z-3_mono3_fix1//test20tig_AVTZ// DONE 30.24477012930497 10	-0.00000325 -0.00004133 0.00000725 -0.00006345 0.00005295 0.00001331 0.00003623
shell0_X0_Y0_Z0_mono0_fix1/shell4_X-4_Y0_Z-1_mono3_fix1//test20tig_AVTZ// DONE 30.2518973027111 6	-0.00000191 0.00000316 0.00000424 -0.00000217 -0.00000398 0.00000174 -0.00000157
shell0_X0_Y0_Z0_mono0_fix1/shell3_X0_Y3_Z-3_mono2_fix1//test20tig_AVTZ// DONE 30.253351625749552 12	0.00000603 -0.00003923 0.00002178 -0.00007719 0.00006144 0.00001656 0.00004250
shell0_X0_Y0_Z0_mono0_fix1/shell4_X-4_Y1_Z-1_mono3_fix1//test20tig_AVTZ// DONE 30.254750125617083 6	0.00007694 0.00003541 0.00011899 -0.00007824 0.00003619 -0.00000889 0.00001717
shell0_X0_Y0_Z0_mono0_fix1/shell3_X-2_Y2_Z-3_mono3_fix1//test20tig_AVTZ// DONE 30.261926557327264 10	0.00000475 -0.00000871 0.00001073 -0.00002587 0.00001989 0.00000397 0.00001318
shell0_X0_Y0_Z0_mono0_fix1/shell4_X-2_Y0_Z-4_mono2_fix1//test20tig_AVTZ// DONE 30.26621314156924 6	0.00000380 0.00000067 0.00001202 -0.00001369 0.00000547 0.00000376 0.00000475
shell0_X0_Y0_Z0_mono0_fix1/shell3_X-1_Y3_Z-3_mono3_fix1//test20tig_AVTZ// DONE 30.26763244164718 10	0.00001657 0.00001142 0.00002839 -0.00001467 0.00000286 -0.00000561 -0.00000071
shell0_X0_Y0_Z0_mono0_fix1/shell4_X0_Y-3_Z-4_mono0_fix1//test20tig_AVTZ// DONE 30.5431644741716 12	-0.00003720 -0.00003062 -0.00001895 -0.00002333 0.00000508 0.00003504 0.00001772
shell0_X0_Y0_Z0_mono0_fix1/shell4_X0_Y-3_Z4_mono0_fix1//test20tig_AVTZ// DONE 30.57637544884132 12	0.00005152 0.00004588 0.00007468 -0.00001776 -0.00000541 -0.00001637 -0.00001003
shell0_X0_Y0_Z0_mono0_fix1/shell3_X-3_Y-3_Z0_mono3_fix1//test20tig_AVTZ// DONE 30.858473731694353 12	-0.00000326 -0.00005656 -0.00000133 -0.00007775 0.00007582 0.00001564 0.00005044
shell0_X0_Y0_Z0_mono0_fix1/shell4_X0_Y0_Z-4_mono3_fix1//test20tig_AVTZ// DONE 30.859825958975904 2	0.00001840 -0.00000022 0.00002379 -0.00002578 0.00002040 -0.00000917 0.00000792
shell0_X0_Y0_Z0_mono0_fix1/shell4_X0_Y1_Z-4_mono3_fix1//test20tig_AVTZ// DONE 30.86656530868525 2	-0.00000007 -0.00001369 0.00000361 -0.00002459 0.00002092 0.00000351 0.00001357
shell0_X0_Y0_Z0_mono0_fix1/shell3_X3_Y1_Z-3_mono1_fix1//test20tig_AVTZ// DONE 30.867891558101256 12	0.00000060 -0.00000757 0.00000572 -0.00001982 0.00001471 0.00000709 0.00001150
shell0_X0_Y0_Z0_mono0_fix1/shell4_X-1_Y3_Z4_mono0_fix1//test20tig_AVTZ// DONE 31.138749373761556 12	0.00001867 0.00003100 0.00002677 0.00001230 -0.00002041 -0.00001291 -0.00001724
shell0_X0_Y0_Z0_mono0_fix1/shell4_X1_Y3_Z4_mono0_fix1//test20tig_AVTZ// DONE 31.15712521001141 12	-0.00004655 -0.00005489 -0.00005901 -0.00001164 0.00002411 0.00001465 0.00002012
shell0_X0_Y0_Z0_mono0_fix1/shell4_X1_Y3_Z-4_mono0_fix1//test20tig_AVTZ// DONE 31.177974864108542 12	0.00003058 0.00002505 0.00004010 -0.00001022 0.00000070 -0.00001204 -0.00000468
shell0_X0_Y0_Z0_mono0_fix1/shell4_X-1_Y3_Z-4_mono0_fix1//test20tig_AVTZ// DONE 31.180569907077558 12	0.00005036 0.00004779 0.00006601 -0.00000737 -0.00000828 -0.00002015 -0.00001329
shell0_X0_Y0_Z0_mono0_fix1/shell4_X-1_Y-4_Z-1_mono3_fix1//test20tig_AVTZ// DONE 31.449740508179143 6	0.00006385 0.00001725 0.00009420 -0.00007798 0.00004764 -0.00000629 0.00002489
shell0_X0_Y0_Z0_mono0_fix1/shell4_X-4_Y-1_Z-1_mono3_fix1//test20tig_AVTZ// DONE 31.457373364403157 6	0.00002481 -0.00002812 0.00004304 -0.00008608 0.00006785 0.00001234 0.00004443
shell0_X0_Y0_Z0_mono0_fix1/shell4_X0_Y4_Z-2_mono2_fix1//test20tig_AVTZ// DONE 31.461182425930087 6	0.00004256 0.00000243 0.00007110 -0.00007219 0.00004365 0.00000271 0.00002638
shell0_X0_Y0_Z0_mono0_fix1/shell4_X0_Y2_Z-4_mono2_fix1//test20tig_AVTZ// DONE 31.461211112692553 6	-0.00003379 -0.00003374 -0.00004034 -0.00000292 0.00000948 0.00001103 0.00001013
shell0_X0_Y0_Z0_mono0_fix1/shell4_X-4_Y2_Z-1_mono3_fix1//test20tig_AVTZ// DONE 31.464986213988773 6	0.00005592 0.00003882 0.00006524 -0.00001889 0.00000957 -0.00002558 -0.00000526
shell0_X0_Y0_Z0_mono0_fix1/shell4_X4_Y2_Z-1_mono1_fix1//test20tig_AVTZ// DONE 31.472637230350053 6	-0.00000400 -0.00000129 -0.00000030 -0.00000104 -0.00000266 -0.00000033 -0.00000168
shell0_X0_Y0_Z0_mono0_fix1/shell3_X-3_Y3_Z3_mono0_fix1//test20tig_AVTZ// DONE 31.7225106398705 2	0.00014008 0.00011959 0.00020441 -0.00005605 -0.00000828 -0.00003314 -0.00001877
shell0_X0_Y0_Z0_mono0_fix1/shell3_X-3_Y-3_Z3_mono0_fix1//test20tig_AVTZ// DONE 31.76709277337047 6	0.00005247 0.00000183 0.00007244 -0.00007505 0.00005508 -0.00000720 0.00002880
shell0_X0_Y0_Z0_mono0_fix1/shell3_X-2_Y-3_Z-2_mono3_fix1//test20tig_AVTZ// DONE 32.03541174400034 12	0.00003380 -0.00001290 0.00004927 -0.00007003 0.00005455 -0.00000162 0.00003085
shell0_X0_Y0_Z0_mono0_fix1/shell4_X0_Y-1_Z-4_mono3_fix1//test20tig_AVTZ// DONE 32.039028134550826 2	0.00002835 0.00002436 0.00004352 -0.00001391 -0.00000127 -0.00000802 -0.00000412
shell0_X0_Y0_Z0_mono0_fix1/shell3_X-3_Y-2_Z-2_mono3_fix1//test20tig_AVTZ// DONE 32.039034286897305 12	-0.00004789 -0.00005240 -0.00005644 -0.00001139 0.00001995 0.00001999 0.00001996
shell0_X0_Y0_Z0_mono0_fix1/shell4_X-2_Y-4_Z0_mono3_fix1//test20tig_AVTZ// DONE 32.04265170568501 6	-0.00003190 -0.00003071 -0.00003213 -0.00000750 0.00000773 0.00001527 0.00001091
shell0_X0_Y0_Z0_mono0_fix1/shell4_X-4_Y-2_Z0_mono3_fix1//test20tig_AVTZ// DONE 32.04504130965197 6	0.00002467 -0.00002425 0.00004198 -0.00007914 0.00006184 0.00000960 0.00003980
shell0_X0_Y0_Z0_mono0_fix1/shell4_X-1_Y0_Z-4_mono3_fix1//test20tig_AVTZ// DONE 32.04506070664548 2	-0.00000731 -0.00001344 -0.00000177 -0.00001621 0.00001067 0.00000517 0.00000835
shell0_X0_Y0_Z0_mono0_fix1/shell4_X-1_Y4_Z-2_mono2_fix1//test20tig_AVTZ// DONE 32.051044068841215 6	0.00002263 0.00002262 0.00003429 -0.00000642 -0.00000524 -0.00000746 -0.00000618
shell0_X0_Y0_Z0_mono0_fix1/shell4_X-1_Y1_Z-4_mono3_fix1//test20tig_AVTZ// DONE 32.05107762747444 2	-0.00001618 -0.00001807 -0.00001209 -0.00001171 0.00000762 0.00001016 0.00000869
shell0_X0_Y0_Z0_mono0_fix1/shell4_X-1_Y2_Z-4_mono2_fix1//test20tig_AVTZ// DONE 32.05347647843928 6	-0.00001629 -0.00001829 -0.00001838 -0.00000652 0.00000861 0.00000744 0.00000811
shell0_X0_Y0_Z0_mono0_fix1/shell3_X-3_Y3_Z-2_mono3_fix1//test20tig_AVTZ// DONE 32.057061453390794 12	0.00003575 0.00001972 0.00005530 -0.00003499 0.00001544 -0.00000029 0.00000880
shell0_X0_Y0_Z0_mono0_fix1/shell4_X0_Y2_Z-4_mono3_fix1//test20tig_AVTZ// DONE 32.057083749121716 2	-0.00000820 -0.00000718 0.00000536 -0.00001535 0.00000180 0.00001249 0.00000631
shell0_X0_Y0_Z0_mono0_fix1/shell3_X-3_Y2_Z-3_mono2_fix1//test20tig_AVTZ// DONE 32.060669773865186 12	0.00003037 0.00001537 0.00005081 -0.00003455 0.00001411 0.00000123 0.00000868
shell0_X0_Y0_Z0_mono0_fix1/shell3_X0_Y-3_Z-3_mono3_fix1//test20tig_AVTZ// DONE 32.60835483022842 10	0.00004956 0.00006805 0.00007277 0.00001482 -0.00003803 -0.00002112 -0.00003090
shell0_X0_Y0_Z0_mono0_fix1/shell3_X-2_Y-2_Z-3_mono3_fix1//test20tig_AVTZ// DONE 32.612948378256746 10	-0.00001170 -0.00001373 -0.00000666 -0.00001188 0.00000685 0.00000852 0.00000755
shell0_X0_Y0_Z0_mono0_fix1/shell3_X-3_Y-3_Z-1_mono3_fix1//test20tig_AVTZ// DONE 32.616380351392785 12	-0.00004167 -0.00004637 -0.00004953 -0.00001030 0.00001817 0.00001659 0.00001750
shell0_X0_Y0_Z0_mono0_fix1/shell3_X-3_Y0_Z-3_mono3_fix1//test20tig_AVTZ// DONE 32.62208716040108 10	-0.00003816 -0.00003706 -0.00004183 -0.00000600 0.00000967 0.00001760 0.00001301
shell0_X0_Y0_Z0_mono0_fix1/shell3_X-3_Y1_Z-3_mono3_fix1//test20tig_AVTZ// DONE 32.62664437252652 10	-0.00002112 -0.00002089 -0.00002092 -0.00000632 0.00000613 0.00001034 0.00000790
shell0_X0_Y0_Z0_mono0_fix1/shell3_X3_Y2_Z-3_mono1_fix1//test20tig_AVTZ// DONE 32.63233065581757 12	0.00001532 0.00001004 0.00002942 -0.00001816 0.00000406 0.00000039 0.00000251
shell0_X0_Y0_Z0_mono0_fix1/shell3_X-2_Y3_Z-3_mono3_fix1//test20tig_AVTZ// DONE 32.635751332314264 10	0.00002466 0.00000791 0.00003534 -0.00002913 0.00001846 -0.00000191 0.00000986
shell0_X0_Y0_Z0_mono0_fix1/shell4_X0_Y4_Z-3_mono3_fix1//test20tig_AVTZ// DONE 32.64030273428233 10	0.00003106 0.00001483 0.00005157 -0.00003664 0.00001614 0.00000285 0.00001053
shell0_X0_Y0_Z0_mono0_fix1/shell4_X-2_Y3_Z4_mono0_fix1//test20tig_AVTZ// DONE 32.87979231865732 12	0.00005356 0.00006709 0.00007014 0.00001444 -0.00003102 -0.00002529 -0.00002860
shell0_X0_Y0_Z0_mono0_fix1/shell4_X-2_Y-3_Z-4_mono0_fix1//test20tig_AVTZ// DONE 32.91097245483473 12	0.00000833 -0.00003312 0.00002017 -0.00006641 0.00005457 0.00001196 0.00003659
shell0_X0_Y0_Z0_mono0_fix1/shell4_X2_Y-4_Z3_mono0_fix1//test20tig_AVTZ// DONE 32.91981908792385 12	0.00004881 0.00000360 0.00006991 -0.00007191 0.00005082 -0.00000045 0.00002919
shell0_X0_Y0_Z0_mono0_fix1/shell4_X-2_Y3_Z-4_mono0_fix1//test20tig_AVTZ// DONE 32.9242322433622 12	0.00003240 0.00003236 0.00005874 -0.00001854 -0.00000780 -0.00000142 -0.00000511
shell0_X0_Y0_Z0_mono0_fix1/shell4_X0_Y-4_Z-2_mono3_fix1//test20tig_AVTZ// DONE 33.17600720978827 6	0.00007397 0.00005487 0.00010703 -0.00003922 0.00000616 -0.00001533 -0.00000291
shell0_X0_Y0_Z0_mono0_fix1/shell4_X-1_Y-1_Z-4_mono3_fix1//test20tig_AVTZ// DONE 33.18253619570692 2	0.00000759 0.00000373 0.00001374 -0.00001017 0.00000402 -0.00000164 0.00000163
shell0_X0_Y0_Z0_mono0_fix1/shell4_X-4_Y0_Z-2_mono3_fix1//test20tig_AVTZ// DONE 33.18902974410091 6	-0.00000890 -0.00001823 -0.00000832 -0.00001952 0.00001894 0.00001161 0.00001585
shell0_X0_Y0_Z0_mono0_fix1/shell4_X-4_Y1_Z-2_mono3_fix1//test20tig_AVTZ// DONE 33.19227289612843 6	-0.00000012 0.00000195 0.00000866 -0.00000680 -0.00000198 0.00000439 0.00000071
shell0_X0_Y0_Z0_mono0_fix1/shell4_X-1_Y2_Z-4_mono3_fix1//test20tig_AVTZ// DONE 33.1987853040015 2	0.00000324 -0.00000836 0.00000470 -0.00001690 0.00001544 -0.00000115 0.00000844
shell0_X0_Y0_Z0_mono0_fix1/shell4_X-3_Y0_Z-4_mono2_fix1//test20tig_AVTZ// DONE 33.20526259011478 6	0.00001523 0.00000948 0.00002943 -0.00001862 0.00000443 0.00000038 0.00000272
shell0_X0_Y0_Z0_mono0_fix1/shell3_X-1_Y-3_Z-3_mono3_fix1//test20tig_AVTZ// DONE 33.73300637305506 10	0.00007855 0.00003357 0.00011769 -0.00007984 0.00004070 -0.00000794 0.00002018
shell0_X0_Y0_Z0_mono0_fix1/shell4_X-2_Y-4_Z-1_mono3_fix1//test20tig_AVTZ// DONE 33.73818291023883 6	-0.00001365 -0.00001407 -0.00001222 -0.00000660 0.00000518 0.00000768 0.00000623
shell0_X0_Y0_Z0_mono0_fix1/shell3_X-3_Y-1_Z-3_mono3_fix1//test20tig_AVTZ// DONE 33.74128054221742 10	-0.00003285 -0.00003668 -0.00003958 -0.00000903 0.00001576 0.00001528 0.00001556
shell0_X0_Y0_Z0_mono0_fix1/shell4_X-4_Y-2_Z-1_mono3_fix1//test20tig_AVTZ// DONE 33.74230390452458 6	-0.00003538 -0.00003464 -0.00003856 -0.00000621 0.00000939 0.00001705 0.00001262
shell0_X0_Y0_Z0_mono0_fix1/shell4_X-2_Y4_Z-2_mono2_fix1//test20tig_AVTZ// DONE 33.75258919385262 6	0.00002837 0.00002274 0.00004734 -0.00002038 0.00000141 -0.00000213 -0.00000008
shell0_X0_Y0_Z0_mono0_fix1/shell3_X-3_Y2_Z-3_mono3_fix1//test20tig_AVTZ// DONE 33.753633396741726 10	0.00000037 -0.00000221 0.00001078 -0.00001442 0.00000401 0.00000618 0.00000493
shell0_X0_Y0_Z0_mono0_fix1/shell4_X-2_Y2_Z-4_mono2_fix1//test20tig_AVTZ// DONE 33.75672411878586 6	0.00002103 -0.00000146 0.00000539 -0.00000830 0.00002394 -0.00002719 0.00000237
shell0_X0_Y0_Z0_mono0_fix1/shell4_X-1_Y4_Z-3_mono3_fix1//test20tig_AVTZ// DONE 33.761860828708926 10	-0.00003413 0.00001196 -0.00004749 0.00006807 -0.00005472 -0.00000752 -0.00003480
shell0_X0_Y0_Z0_mono0_fix1/shell4_X-1_Y-4_Z-2_mono3_fix1//test20tig_AVTZ// DONE 34.281942330900534 6	0.00006649 0.00002656 0.00010291 -0.00007330 0.00003689 -0.00000405 0.00001962
shell0_X0_Y0_Z0_mono0_fix1/shell4_X0_Y-2_Z-4_mono3_fix1//test20tig_AVTZ// DONE 34.282925758354196 2	0.00009123 0.00003590 0.00011580 -0.00007694 0.00005236 -0.00002283 0.00002064
shell0_X0_Y0_Z0_mono0_fix1/shell4_X-4_Y-1_Z-2_mono3_fix1//test20tig_AVTZ// DONE 34.29079760675201 6	-0.00002250 -0.00003054 -0.00002745 -0.00001323 0.00001818 0.00001066 0.00001501
shell0_X0_Y0_Z0_mono0_fix1/shell4_X-2_Y0_Z-4_mono3_fix1//test20tig_AVTZ// DONE 34.29277183848415 2	-0.00001791 -0.00002076 -0.00000818 -0.00002149 0.00001176 0.00002161 0.00001592
shell0_X0_Y0_Z0_mono0_fix1/shell4_X-2_Y1_Z-4_mono3_fix1//test20tig_AVTZ// DONE 34.29767929341782 2	-0.00001658 -0.00001789 -0.00001216 -0.00001141 0.00000698 0.00001240 0.00000927
shell0_X0_Y0_Z0_mono0_fix1/shell4_X-4_Y2_Z-2_mono3_fix1//test20tig_AVTZ// DONE 34.299618688100075 6	0.00002518 0.00001376 0.00002707 -0.00001273 0.00001083 -0.00001016 0.00000198
shell0_X0_Y0_Z0_mono0_fix1/shell4_X0_Y3_Z-4_mono3_fix1//test20tig_AVTZ// DONE 34.30747804179709 2	0.00000878 0.00000258 0.00002195 -0.00001972 0.00000655 0.00000375 0.00000537
shell0_X0_Y0_Z0_mono0_fix1/shell4_X-3_Y1_Z-4_mono2_fix1//test20tig_AVTZ// DONE 34.3084535035174 6	0.00001107 0.00000745 0.00002747 -0.00001986 0.00000346 0.00000643 0.00000471
shell0_X0_Y0_Z0_mono0_fix1/shell4_X0_Y-4_Z-4_mono0_fix1//test20tig_AVTZ// DONE 34.55051957186431 6	-0.00007338 -0.00001432 -0.00008854 0.00007641 -0.00006124 0.00001253 -0.00003011
shell0_X0_Y0_Z0_mono0_fix1/shell4_X0_Y-4_Z4_mono0_fix1//test20tig_AVTZ// DONE 34.58113244420803 6	0.00002259 0.00002852 0.00003761 -0.00000155 -0.00001348 -0.00000493 -0.00000987
shell0_X0_Y0_Z0_mono0_fix1/shell4_X0_Y4_Z-3_mono2_fix1//test20tig_AVTZ// DONE 34.834359301128394 6	-0.00001121 -0.00001217 -0.00000774 -0.00000903 0.00000556 0.00000972 0.00000731
shell0_X0_Y0_Z0_mono0_fix1/shell4_X0_Y3_Z-4_mono2_fix1//test20tig_AVTZ// DONE 34.834369147592035 6	-0.00002205 -0.00002228 -0.00002526 -0.00000372 0.00000692 0.00000982 0.00000815
shell0_X0_Y0_Z0_mono0_fix1/shell4_X1_Y-4_Z-4_mono0_fix1//test20tig_AVTZ// DONE 35.078848373658964 6	0.00002056 0.00001657 0.00003142 -0.00001171 0.00000085 -0.00000436 -0.00000135
shell0_X0_Y0_Z0_mono0_fix1/shell4_X-1_Y-4_Z-4_mono0_fix1//test20tig_AVTZ// DONE 35.093536359269784 6	-0.00001842 -0.00002927 -0.00001955 -0.00001974 0.00002087 0.00001150 0.00001692
shell0_X0_Y0_Z0_mono0_fix1/shell4_X-1_Y-4_Z4_mono0_fix1//test20tig_AVTZ// DONE 35.11543680294036 12	0.00003802 0.00002382 0.00005853 -0.00003204 0.00001152 -0.00000063 0.00000639
shell0_X0_Y0_Z0_mono0_fix1/shell4_X-1_Y-2_Z-4_mono3_fix1//test20tig_AVTZ// DONE 35.35408860668288 2	0.00001783 0.00001647 0.00003268 -0.00001279 -0.00000205 0.00000010 -0.00000115
shell0_X0_Y0_Z0_mono0_fix1/shell3_X-3_Y-3_Z-2_mono3_fix1//test20tig_AVTZ// DONE 35.35588992417984 12	-0.00002837 -0.00002647 -0.00002908 -0.00000492 0.00000562 0.00001475 0.00000947
shell0_X0_Y0_Z0_mono0_fix1/shell4_X-2_Y-1_Z-4_mono3_fix1//test20tig_AVTZ// DONE 35.35858041611496 2	-0.00001581 -0.00001296 -0.00000884 -0.00000807 0.00000109 0.00001147 0.00000547
shell0_X0_Y0_Z0_mono0_fix1/shell4_X-3_Y-4_Z0_mono3_fix1//test20tig_AVTZ// DONE 35.361269188772944 6	-0.00000327 -0.00002637 -0.00002059 -0.00001661 0.00003393 -0.00000598 0.00001710
shell0_X0_Y0_Z0_mono0_fix1/shell4_X-4_Y-3_Z0_mono3_fix1//test20tig_AVTZ// DONE 35.36215822240536 6	-0.00001783 -0.00002398 -0.00002039 -0.00001103 0.00001359 0.00000860 0.00001148
shell0_X0_Y0_Z0_mono0_fix1/shell4_X-1_Y4_Z-3_mono2_fix1//test20tig_AVTZ// DONE 35.36841592654715 6	0.00000317 0.00000170 0.00001244 -0.00001195 0.00000268 0.00000672 0.00000438
shell0_X0_Y0_Z0_mono0_fix1/shell4_X-1_Y3_Z-4_mono2_fix1//test20tig_AVTZ// DONE 35.369320495106514 6	-0.00000651 -0.00001030 -0.00000598 -0.00000828 0.00000775 0.00000309 0.00000579
shell0_X0_Y0_Z0_mono0_fix1/shell4_X-2_Y2_Z-4_mono3_fix1//test20tig_AVTZ// DONE 35.37200641649992 2	-0.00000105 -0.00000753 0.00000827 -0.00002026 0.00001094 0.00001041 0.00001071
shell0_X0_Y0_Z0_mono0_fix1/shell3_X3_Y3_Z-3_mono1_fix1//test20tig_AVTZ// DONE 35.374676383484 12	0.00003768 0.00001084 0.00004592 -0.00003483 0.00002658 -0.00001186 0.00001036
shell0_X0_Y0_Z0_mono0_fix1/shell4_X-1_Y3_Z-4_mono3_fix1//test20tig_AVTZ// DONE 35.37647332637684 2	-0.00000517 0.00000148 0.00000708 -0.00000488 -0.00000737 0.00000711 -0.00000126
shell0_X0_Y0_Z0_mono0_fix1/shell4_X-3_Y3_Z4_mono0_fix1//test20tig_AVTZ// DONE 35.598843479948826 6	0.00004530 0.00006044 0.00006313 0.00001344 -0.00003126 -0.00001770 -0.00002554
shell0_X0_Y0_Z0_mono0_fix1/shell4_X-3_Y-3_Z4_mono0_fix1//test20tig_AVTZ// DONE 35.63566385633972 12	-0.00000820 -0.00000672 0.00000021 -0.00000983 0.00000143 0.00001190 0.00000584
shell0_X0_Y0_Z0_mono0_fix1/shell4_X-3_Y3_Z-4_mono0_fix1//test20tig_AVTZ// DONE 35.640888437413636 6	0.00001534 0.00001545 0.00003508 -0.00001639 -0.00000335 0.00000560 0.00000043
shell0_X0_Y0_Z0_mono0_fix1/shell3_X-2_Y-3_Z-3_mono3_fix1//test20tig_AVTZ// DONE 35.87636106757943 10	0.00000586 0.00000098 0.00001156 -0.00001132 0.00000562 0.00000051 0.00000347
shell0_X0_Y0_Z0_mono0_fix1/shell3_X-3_Y-2_Z-3_mono3_fix1//test20tig_AVTZ// DONE 35.879799769363196 10	-0.00002078 -0.00002428 -0.00001565 -0.00001625 0.00001111 0.00001597 0.00001316
shell0_X0_Y0_Z0_mono0_fix1/shell3_X-3_Y3_Z-3_mono3_fix1//test20tig_AVTZ// DONE 35.89692111789791 10	0.00001901 0.00000629 0.00003428 -0.00002921 0.00001394 0.00000551 0.00001038
shell0_X0_Y0_Z0_mono0_fix1/shell4_X-2_Y4_Z-3_mono3_fix1//test20tig_AVTZ// DONE 35.900343069021915 10	0.00002291 0.00000870 0.00003790 -0.00002879 0.00001380 0.00000076 0.00000830
shell0_X0_Y0_Z0_mono0_fix1/shell4_X-2_Y-4_Z-2_mono3_fix1//test20tig_AVTZ// DONE 36.39283665309001 6	0.00000540 -0.00000053 0.00001549 -0.00001729 0.00000720 0.00000466 0.00000613
shell0_X0_Y0_Z0_mono0_fix1/shell4_X-4_Y-2_Z-2_mono3_fix1//test20tig_AVTZ// DONE 36.39777086619338 6	-0.00001677 -0.00002845 -0.00002783 -0.00000902 0.00002008 0.00000112 0.00001208
shell0_X0_Y0_Z0_mono0_fix1/shell4_X-4_Y3_Z-2_mono3_fix1//test20tig_AVTZ// DONE 36.410066533636076 6	0.00002386 0.00001315 0.00004306 -0.00002851 0.00000931 0.00000409 0.00000711
shell0_X0_Y0_Z0_mono0_fix1/shell4_X-3_Y2_Z-4_mono2_fix1//test20tig_AVTZ// DONE 36.41499338124484 6	0.00001935 0.00000536 0.00003439 -0.00003032 0.00001529 0.00000508 0.00001098
shell0_X0_Y0_Z0_mono0_fix1/shell4_X-2_Y4_Z4_mono0_fix1//test20tig_AVTZ// DONE 36.63323618392087 6	0.00009032 0.00003771 0.00013436 -0.00009273 0.00004869 -0.00000646 0.00002542
shell0_X0_Y0_Z0_mono0_fix1/shell4_X-4_Y4_Z-2_mono0_fix1//test20tig_AVTZ// DONE 36.65900669030576 6	-0.00001814 -0.00002211 -0.00002404 -0.00000538 0.00001128 0.00000770 0.00000977
shell0_X0_Y0_Z0_mono0_fix1/shell4_X-2_Y-4_Z4_mono0_fix1//test20tig_AVTZ// DONE 36.67181433576766 12	0.00001482 0.00001381 0.00002758 -0.00001257 -0.00000019 0.00000241 0.00000091
shell0_X0_Y0_Z0_mono0_fix1/shell4_X0_Y-4_Z-3_mono3_fix1//test20tig_AVTZ// DONE 36.89808685495633 6	0.00007527 0.00003723 0.00011333 -0.00006994 0.00003188 -0.00000737 0.00001532
shell0_X0_Y0_Z0_mono0_fix1/shell4_X-3_Y-4_Z-1_mono3_fix1//test20tig_AVTZ// DONE 36.90520200123069 6	-0.00001260 -0.00002050 -0.00000711 -0.00002136 0.00001586 0.00001448 0.00001528
shell0_X0_Y0_Z0_mono0_fix1/shell4_X-4_Y-3_Z-1_mono3_fix1//test20tig_AVTZ// DONE 36.906775594065564 6	-0.00001514 -0.00002563 -0.00001968 -0.00001657 0.00002111 0.00001164 0.00001712
shell0_X0_Y0_Z0_mono0_fix1/shell4_X-4_Y0_Z-3_mono3_fix1//test20tig_AVTZ// DONE 36.91071167030633 5	-0.00000904 -0.00001705 -0.00000887 -0.00001643 0.00001626 0.00001151 0.00001426
shell0_X0_Y0_Z0_mono0_fix1/shell4_X-4_Y1_Z-3_mono3_fix1//test20tig_AVTZ// DONE 36.9138570708667 5	0.00000215 -0.00000733 0.00000974 -0.00002268 0.00001510 0.00001009 0.00001298
shell0_X0_Y0_Z0_mono0_fix1/shell4_X3_Y2_Z-4_mono1_fix1//test20tig_AVTZ// DONE 36.91778451248876 6	0.00001421 0.00000834 0.00003049 -0.00002154 0.00000526 0.00000496 0.00000513
shell0_X0_Y0_Z0_mono0_fix1/shell4_X4_Y2_Z-3_mono1_fix1//test20tig_AVTZ// DONE 36.9193647739831 6	0.00001698 0.00000007 0.00002461 -0.00002661 0.00001898 -0.00000083 0.00001062
shell0_X0_Y0_Z0_mono0_fix1/shell4_X-4_Y0_Z-4_mono2_fix1//test20tig_AVTZ// DONE 36.92643805630813 4	-0.00003443 0.00000810 -0.00003939 0.00005335 -0.00004839 0.00000202 -0.00002712
shell0_X0_Y0_Z0_mono0_fix1/shell4_X0_Y-3_Z-4_mono3_fix1//test20tig_AVTZ// DONE 37.40048459195544 2	0.00003221 0.00003149 0.00005163 -0.00001229 -0.00000712 -0.00000502 -0.00000624
shell0_X0_Y0_Z0_mono0_fix1/shell4_X-2_Y-2_Z-4_mono3_fix1//test20tig_AVTZ// DONE 37.40428301980801 2	0.00000724 -0.00000254 0.00000785 -0.00001185 0.00001124 -0.00000391 0.00000485
shell0_X0_Y0_Z0_mono0_fix1/shell4_X-3_Y0_Z-4_mono3_fix1//test20tig_AVTZ// DONE 37.411854308369506 2	-0.00000153 -0.00001759 -0.00000133 -0.00002516 0.00002496 0.00000760 0.00001764
shell0_X0_Y0_Z0_mono0_fix1/shell4_X-3_Y1_Z-4_mono3_fix1//test20tig_AVTZ// DONE 37.41563240110638 2	0.00000644 -0.00001261 0.00001356 -0.00003261 0.00002549 0.00000607 0.00001730
shell0_X0_Y0_Z0_mono0_fix1/shell4_X-2_Y3_Z-4_mono3_fix1//test20tig_AVTZ// DONE 37.423181589722304 2	0.00001232 0.00000076 0.00002722 -0.00002848 0.00001358 0.00000817 0.00001130
shell0_X0_Y0_Z0_mono0_fix1/shell4_X0_Y4_Z-4_mono3_fix1//test20tig_AVTZ// DONE 37.42695397108544 2	0.00002188 0.00000576 0.00003958 -0.00003557 0.00001787 0.00000709 0.00001332
shell0_X0_Y0_Z0_mono0_fix1/shell4_X-1_Y-4_Z-3_mono3_fix1//test20tig_AVTZ// DONE 37.895455687892394 6	0.00002501 0.00002181 0.00004086 -0.00001488 -0.00000097 -0.00000098 -0.00000098
shell0_X0_Y0_Z0_mono0_fix1/shell4_X-4_Y-1_Z-3_mono3_fix1//test20tig_AVTZ// DONE 37.9041996496412 5	-0.00001551 -0.00002095 -0.00000936 -0.00001900 0.00001284 0.00001590 0.00001413
shell0_X0_Y0_Z0_mono0_fix1/shell4_X-4_Y2_Z-3_mono3_fix1//test20tig_AVTZ// DONE 37.91291210144083 5	0.00001006 0.00000154 0.00001867 -0.00001761 0.00000899 0.00000061 0.00000546
shell0_X0_Y0_Z0_mono0_fix1/shell4_X-4_Y1_Z-4_mono2_fix1//test20tig_AVTZ// DONE 37.921624835802795 4	0.00003411 0.00000682 0.00004664 -0.00004269 0.00003016 -0.00000082 0.00001709
shell0_X0_Y0_Z0_mono0_fix1/shell4_X-1_Y-3_Z-4_mono3_fix1//test20tig_AVTZ// DONE 38.38474595062541 2	0.00002276 0.00001829 0.00003345 -0.00001112 0.00000043 -0.00000510 -0.00000190
shell0_X0_Y0_Z0_mono0_fix1/shell4_X-3_Y-1_Z-4_mono3_fix1//test20tig_AVTZ// DONE 38.39176084898132 2	-0.00000492 -0.00001604 0.00000323 -0.00002599 0.00001785 0.00001362 0.00001606
shell0_X0_Y0_Z0_mono0_fix1/shell4_X-3_Y2_Z-4_mono3_fix1//test20tig_AVTZ// DONE 38.4022468459823 2	0.00002134 -0.00000473 0.00001261 -0.00001970 0.00002842 -0.00001911 0.00000837
shell0_X0_Y0_Z0_mono0_fix1/shell4_X-1_Y4_Z-4_mono3_fix1//test20tig_AVTZ// DONE 38.409229053757265 2	0.00000409 0.00000478 0.00001846 -0.00001326 -0.00000111 0.00000737 0.00000247
shell0_X0_Y0_Z0_mono0_fix1/shell3_X-3_Y-3_Z-3_mono3_fix1//test20tig_AVTZ// DONE 38.86987555152813 10	-0.00000487 -0.00001201 0.00000195 -0.00001828 0.00001146 0.00000867 0.00001028
shell0_X0_Y0_Z0_mono0_fix1/shell4_X0_Y4_Z-4_mono2_fix1//test20tig_AVTZ// DONE 38.87931166188933 3	-0.00000487 -0.00001119 0.00000279 -0.00001874 0.00001108 0.00001109 0.00001108
shell0_X0_Y0_Z0_mono0_fix1/shell4_X-3_Y4_Z-3_mono3_fix1//test20tig_AVTZ// DONE 38.88873026380705 10	0.00002573 0.00000634 0.00004402 -0.00003933 0.00002105 0.00000620 0.00001478
shell0_X0_Y0_Z0_mono0_fix1/shell4_X3_Y-4_Z-4_mono0_fix1//test20tig_AVTZ// DONE 39.09173905513698 6	0.00008499 0.00003847 0.00011929 -0.00007431 0.00004001 -0.00001512 0.00001675
shell0_X0_Y0_Z0_mono0_fix1/shell4_X-3_Y-4_Z-4_mono0_fix1//test20tig_AVTZ// DONE 39.12352870967986 6	-0.00000257 -0.00000839 0.00000365 -0.00001563 0.00000941 0.00000803 0.00000883
shell0_X0_Y0_Z0_mono0_fix1/shell4_X-3_Y4_Z-4_mono0_fix1//test20tig_AVTZ// DONE 39.12879826261766 12	0.00001473 0.00000518 0.00002803 -0.00002366 0.00001036 0.00000595 0.00000850
shell0_X0_Y0_Z0_mono0_fix1/shell4_X-3_Y-4_Z-2_mono3_fix1//test20tig_AVTZ// DONE 39.34693799931803 6	-0.00000572 -0.00001142 0.00000374 -0.00001964 0.00001019 0.00001200 0.00001095
shell0_X0_Y0_Z0_mono0_fix1/shell4_X-4_Y-3_Z-2_mono3_fix1//test20tig_AVTZ// DONE 39.34888929416912 6	-0.00000518 -0.00001951 -0.00000195 -0.00002805 0.00002481 0.00001464 0.00002052
shell0_X0_Y0_Z0_mono0_fix1/shell4_X-4_Y-4_Z0_mono3_fix1//test20tig_AVTZ// DONE 39.35278840700282 3	-0.00000903 -0.00001574 -0.00000102 -0.00002076 0.00001275 0.00001380 0.00001319
shell0_X0_Y0_Z0_mono0_fix1/shell4_X-1_Y4_Z-4_mono2_fix1//test20tig_AVTZ// DONE 39.35862877004403 3	-0.00000004 -0.00000404 0.00001171 -0.00001791 0.00000616 0.00000990 0.00000774
shell0_X0_Y0_Z0_mono0_fix1/shell4_X-3_Y4_Z-3_mono2_fix1//test20tig_AVTZ// DONE 39.36251683321068 6	0.00003021 0.00000774 0.00004014 -0.00003299 0.00002307 -0.00000457 0.00001141
shell0_X0_Y0_Z0_mono0_fix1/shell4_X-3_Y3_Z-4_mono2_fix1//test20tig_AVTZ// DONE 39.36446723476661 6	-0.00005382 0.00000410 -0.00006572 0.00007643 -0.00006453 0.00000699 -0.00003436
shell0_X0_Y0_Z0_mono0_fix1/shell4_X-2_Y-4_Z-3_mono3_fix1//test20tig_AVTZ// DONE 39.815115797956345 6	0.00000695 0.00000469 0.00001798 -0.00001341 0.00000238 0.00000624 0.00000401
shell0_X0_Y0_Z0_mono0_fix1/shell4_X-4_Y-2_Z-3_mono3_fix1//test20tig_AVTZ// DONE 39.82014200342911 5	-0.00001193 -0.00001793 -0.00000453 -0.00001968 0.00001227 0.00001439 0.00001317
shell0_X0_Y0_Z0_mono0_fix1/shell4_X-4_Y3_Z-3_mono3_fix1//test20tig_AVTZ// DONE 39.83266624919639 5	-0.00000199 0.00000517 0.00000851 -0.00000283 -0.00000767 0.00000658 -0.00000166
shell0_X0_Y0_Z0_mono0_fix1/shell4_X-4_Y2_Z-4_mono2_fix1//test20tig_AVTZ// DONE 39.837676924162004 4	-0.00000130 0.00000520 0.00000768 -0.00000085 -0.00000812 0.00000343 -0.00000325
shell0_X0_Y0_Z0_mono0_fix1/shell4_X-2_Y-3_Z-4_mono3_fix1//test20tig_AVTZ// DONE 40.28100809578706 2	0.00000934 0.00000350 0.00001582 -0.00001282 0.00000634 0.00000142 0.00000426
shell0_X0_Y0_Z0_mono0_fix1/shell4_X-3_Y-2_Z-4_mono3_fix1//test20tig_AVTZ// DONE 40.28404335739702 2	0.00000626 -0.00001028 0.00001451 -0.00003202 0.00002377 0.00001179 0.00001872
shell0_X0_Y0_Z0_mono0_fix1/shell4_X-3_Y3_Z-4_mono3_fix1//test20tig_AVTZ// DONE 40.29916945022131 2	-0.00000171 0.00000085 0.00000545 -0.00000703 -0.00000014 0.00000793 0.00000326
shell0_X0_Y0_Z0_mono0_fix1/shell4_X-2_Y4_Z-4_mono3_fix1//test20tig_AVTZ// DONE 40.302191369592194 2	0.00001988 0.00000360 0.00003704 -0.00003551 0.00001835 0.00000807 0.00001401
shell0_X0_Y0_Z0_mono0_fix1/shell4_X-4_Y-4_Z-1_mono3_fix1//test20tig_AVTZ// DONE 40.74623750799543 3	0.00000100 -0.00001521 0.00000887 -0.00003216 0.00002430 0.00001360 0.00001978
shell0_X0_Y0_Z0_mono0_fix1/shell4_X4_Y2_Z-4_mono1_fix1//test20tig_AVTZ// DONE 40.75675956828165 3	0.00002114 0.00000137 0.00002993 -0.00003087 0.00002208 -0.00000010 0.00001272
shell0_X0_Y0_Z0_mono0_fix1/shell4_X0_Y-4_Z-4_mono3_fix1//test20tig_AVTZ// DONE 41.193507896914085 2	0.00002090 0.00002169 0.00003542 -0.00000857 -0.00000595 -0.00000086 -0.00000381
shell0_X0_Y0_Z0_mono0_fix1/shell4_X-4_Y0_Z-4_mono3_fix1//test20tig_AVTZ// DONE 41.2048473945106 1	-0.00000355 -0.00001104 0.00000555 -0.00002131 0.00001221 0.00001143 0.00001188
shell0_X0_Y0_Z0_mono0_fix1/shell4_X-4_Y1_Z-4_mono3_fix1//test20tig_AVTZ// DONE 41.207674550343654 1	0.00000807 -0.00000691 0.00001654 -0.00002724 0.00001877 0.00000592 0.00001335
shell0_X0_Y0_Z0_mono0_fix1/shell4_X-1_Y-4_Z-4_mono3_fix1//test20tig_AVTZ// DONE 42.089090696011695 2	0.00002298 0.00001425 0.00002877 -0.00001224 0.00000645 -0.00000643 0.00000102
shell0_X0_Y0_Z0_mono0_fix1/shell4_X-4_Y-1_Z-4_mono3_fix1//test20tig_AVTZ// DONE 42.097066689010845 1	-0.00000109 -0.00001202 0.00000281 -0.00001907 0.00001517 0.00000433 0.00001060
shell0_X0_Y0_Z0_mono0_fix1/shell4_X-4_Y2_Z-4_mono3_fix1//test20tig_AVTZ// DONE 42.105019143283506 1	-0.00000472 -0.00000202 -0.00000066 -0.00000125 -0.00000281 0.00000102 -0.00000119
shell0_X0_Y0_Z0_mono0_fix1/shell4_X4_Y-4_Z-4_mono0_fix1//test20tig_AVTZ// DONE 42.296680853160666 2	0.00003492 0.00002818 0.00004666 -0.00001221 0.00000047 -0.00000974 -0.00000384
shell0_X0_Y0_Z0_mono0_fix1/shell4_X-4_Y-4_Z-4_mono0_fix1//test20tig_AVTZ// DONE 42.330129333826854 6	0.00001548 0.00000041 0.00001833 -0.00001950 0.00001664 -0.00000434 0.00000779
shell0_X0_Y0_Z0_mono0_fix1/shell4_X-3_Y-4_Z-3_mono3_fix1//test20tig_AVTZ// DONE 42.53211763919175 6	0.00000897 -0.00000473 0.00001370 -0.00002141 0.00001667 0.00000053 0.00000986
shell0_X0_Y0_Z0_mono0_fix1/shell4_X-4_Y-3_Z-3_mono3_fix1//test20tig_AVTZ// DONE 42.53417865713241 5	0.00000081 -0.00001206 0.00001164 -0.00002933 0.00001850 0.00001324 0.00001628
shell0_X0_Y0_Z0_mono0_fix1/shell4_X-4_Y4_Z-3_mono3_fix1//test20tig_AVTZ// DONE 42.54856733490117 5	0.00002862 0.00000471 0.00004123 -0.00003821 0.00002560 -0.00000018 0.00001472
shell0_X0_Y0_Z0_mono0_fix1/shell4_X-4_Y3_Z-4_mono2_fix1//test20tig_AVTZ// DONE 42.5506236565712 4	0.00002776 0.00000390 0.00004221 -0.00004132 0.00002687 0.00000416 0.00001729
shell0_X0_Y0_Z0_mono0_fix1/shell4_X-3_Y-3_Z-4_mono3_fix1//test20tig_AVTZ// DONE 42.96847032747827 2	0.00000057 -0.00000470 0.00001152 -0.00001898 0.00000804 0.00001004 0.00000888
shell0_X0_Y0_Z0_mono0_fix1/shell4_X-4_Y-4_Z-2_mono3_fix1//test20tig_AVTZ// DONE 42.97046889914776 3	0.00000297 -0.00001128 0.00001231 -0.00002961 0.00002027 0.00001238 0.00001694
shell0_X0_Y0_Z0_mono0_fix1/shell4_X-3_Y4_Z-4_mono2_fix1//test20tig_AVTZ// DONE 42.98392609114957 3	0.00001858 0.00000332 0.00003440 -0.00003289 0.00001708 0.00000766 0.00001310
shell0_X0_Y0_Z0_mono0_fix1/shell4_X-3_Y4_Z-4_mono3_fix1//test20tig_AVTZ// DONE 42.98592052821742 2	0.00001794 0.00000276 0.00003328 -0.00003278 0.00001744 0.00000824 0.00001355
shell0_X0_Y0_Z0_mono0_fix1/shell4_X-2_Y-4_Z-4_mono3_fix1//test20tig_AVTZ// DONE 43.825267113167875 2	0.00001527 0.00000498 0.00003064 -0.00002635 0.00001098 0.00000725 0.00000941
shell0_X0_Y0_Z0_mono0_fix1/shell4_X-4_Y-2_Z-4_mono3_fix1//test20tig_AVTZ// DONE 43.82997758696986 1	0.00000510 -0.00000990 0.00001578 -0.00003083 0.00002014 0.00001103 0.00001630
shell0_X0_Y0_Z0_mono0_fix1/shell4_X-4_Y3_Z-4_mono3_fix1//test20tig_AVTZ// DONE 43.84172034884951 1	-0.00000935 0.00000118 -0.00000045 0.00000204 -0.00001094 0.00000838 -0.00000279
shell0_X0_Y0_Z0_mono0_fix1/shell4_X-4_Y-4_Z-3_mono3_fix1//test20tig_AVTZ// DONE 45.90491031769269 3	0.00000711 -0.00000694 0.00002031 -0.00003138 0.00001818 0.00001150 0.00001536
shell0_X0_Y0_Z0_mono0_fix1/shell4_X4_Y4_Z-4_mono1_fix1//test20tig_AVTZ// DONE 45.91962873976664 2	0.00002561 0.00000298 0.00004138 -0.00004070 0.00002493 0.00000454 0.00001633
shell0_X0_Y0_Z0_mono0_fix1/shell4_X-3_Y-4_Z-4_mono3_fix1//test20tig_AVTZ// DONE 46.30742019538434 2	0.00001646 -0.00000129 0.00002764 -0.00003237 0.00002119 0.00000597 0.00001477
shell0_X0_Y0_Z0_mono0_fix1/shell4_X-4_Y-3_Z-4_mono3_fix1//test20tig_AVTZ// DONE 46.309416342944694 1	0.00001226 -0.00000660 0.00002437 -0.00003691 0.00002481 0.00001141 0.00001915
shell0_X0_Y0_Z0_mono0_fix1/shell4_X-4_Y4_Z-4_mono3_fix1//test20tig_AVTZ// DONE 46.32335475082094 1	0.00002517 0.00000221 0.00003967 -0.00003997 0.00002547 0.00000387 0.00001636
