shell0_X0_Y0_Z0_mono0_fix1/shell1_X0_Y-1_Z-1_mono0_fix1/shell1_X0_Y0_Z-1_mono0_fix1//test20tig_AVDZ// DONE 8.34327286060742 5.849414294420457 6.141085043291241 20.333772198319117 12	0.00038464 0.00051695 0.00031667 0.00003791 0.00003006 0.00002695 0.00002875
shell0_X0_Y0_Z0_mono0_fix1/shell1_X0_Y0_Z-1_mono1_fix1/shell1_X0_Y1_Z-1_mono1_fix1//test20tig_AVDZ// DONE 7.2394392820421585 7.239439558657251 6.141085020779474 20.619963861478883 4	0.00101582 0.00156743 0.00116131 0.00011467 -0.00026016 -0.00019342 -0.00023201
shell0_X0_Y0_Z0_mono0_fix1/shell1_X0_Y0_Z-1_mono1_fix1/shell1_X0_Y-1_Z0_mono0_fix1//test20tig_AVDZ// DONE 7.2394392820421585 6.14108504329124 7.239439558657251 20.61996388399065 8	0.00102388 0.00156743 0.00116401 0.00011252 -0.00025265 -0.00020447 -0.00023232
shell0_X0_Y0_Z0_mono0_fix1/shell1_X-1_Y0_Z-1_mono0_fix1/shell1_X0_Y0_Z-1_mono0_fix1//test20tig_AVDZ// DONE 8.487159055786023 5.849414294420457 6.357429267555808 20.694002617762287 12	-0.00001116 0.00001537 -0.00023818 0.00003294 0.00019407 0.00021558 0.00020315
shell0_X0_Y0_Z0_mono0_fix1/shell2_X0_Y2_Z0_mono3_fix1/shell2_X0_Y2_Z1_mono3_fix1//test20tig_AVDZ// DONE 7.441595701055088 7.441595701324806 5.849414259311995 20.73260566169189 2	0.00257858 0.00269732 0.00353643 -0.00007802 -0.00087983 -0.00084798 -0.00086639
shell0_X0_Y0_Z0_mono0_fix1/shell0_X0_Y0_Z0_mono3_fix1/shell1_X0_Y0_Z1_mono3_fix1//test20tig_AVDZ// DONE 7.441595710913052 7.441595711182771 5.849414259311995 20.73260568140782 2	0.00006349 0.00026922 -0.00018202 0.00003955 0.00020596 0.00022957 0.00021592
shell0_X0_Y0_Z0_mono0_fix1/shell1_X0_Y0_Z-1_mono0_fix1/shell2_X0_Y2_Z0_mono3_fix1//test20tig_AVDZ// DONE 5.849414294420457 7.441595701055088 7.441595701324806 20.73260569680035 4	0.00007060 0.00026921 -0.00018341 0.00004104 0.00021296 0.00021830 0.00021521
shell0_X0_Y0_Z0_mono0_fix1/shell0_X0_Y0_Z0_mono3_fix1/shell1_X0_Y0_Z-1_mono0_fix1//test20tig_AVDZ// DONE 7.441595710913052 5.849414294420457 7.441595711182771 20.732605716516282 4	0.00256522 0.00269732 0.00351960 -0.00006032 -0.00089405 -0.00084306 -0.00087254
shell0_X0_Y0_Z0_mono0_fix1/shell1_X0_Y0_Z-1_mono1_fix1/shell1_X-1_Y0_Z0_mono0_fix1//test20tig_AVDZ// DONE 7.2394392820421585 6.357429267555808 7.239439500644278 20.836308050242245 4	0.00013070 0.00047049 -0.00001510 0.00009618 0.00004962 0.00011230 0.00007606
shell0_X0_Y0_Z0_mono0_fix1/shell1_X0_Y0_Z-1_mono1_fix1/shell1_X1_Y0_Z-1_mono1_fix1//test20tig_AVDZ// DONE 7.2394392820421585 7.239439500644278 6.357429417783243 20.83630820046968 2	0.00015985 0.00047050 0.00002733 0.00004838 0.00008415 0.00011780 0.00009834
shell0_X0_Y0_Z0_mono0_fix1/shell1_X0_Y1_Z-1_mono1_fix1/shell1_X-1_Y0_Z0_mono0_fix1//test20tig_AVDZ// DONE 7.239439558657251 6.357429267555808 7.239439752791947 20.836308579005006 4	0.00014159 0.00047050 0.00000802 0.00006902 0.00006454 0.00012349 0.00008941
shell0_X0_Y0_Z0_mono0_fix1/shell1_X0_Y1_Z-1_mono1_fix1/shell1_X1_Y1_Z-1_mono1_fix1//test20tig_AVDZ// DONE 7.239439558657251 7.239439752791947 6.357429417783243 20.836308729232442 2	0.00014120 0.00047050 0.00000533 0.00007367 0.00006220 0.00011946 0.00008636
shell0_X0_Y0_Z0_mono0_fix1/shell1_X0_Y0_Z-1_mono0_fix1/shell1_X1_Y0_Z0_mono2_fix1//test20tig_AVDZ// DONE 5.849414294420457 7.501411619895282 7.501411620166195 20.852237534481933 2	0.00229300 0.00238293 0.00307425 -0.00006782 -0.00071343 -0.00067316 -0.00069644
shell0_X0_Y0_Z0_mono0_fix1/shell1_X1_Y0_Z1_mono2_fix1/shell1_X1_Y0_Z0_mono2_fix1//test20tig_AVDZ// DONE 7.501411620166195 7.501411619895282 5.849414447403712 20.85223768746519 1	0.00231598 0.00238293 0.00311536 -0.00011119 -0.00068819 -0.00066556 -0.00067864
shell0_X0_Y0_Z0_mono0_fix1/shell1_X0_Y0_Z-1_mono0_fix1/shell1_X-1_Y1_Z0_mono2_fix1//test20tig_AVDZ// DONE 5.849414294420457 7.501411867012628 7.501411867283543 20.852238028716627 2	0.00229463 0.00238292 0.00306910 -0.00006300 -0.00071148 -0.00067960 -0.00069803
shell0_X0_Y0_Z0_mono0_fix1/shell1_X-1_Y1_Z1_mono2_fix1/shell1_X-1_Y1_Z0_mono2_fix1//test20tig_AVDZ// DONE 7.501411867283543 7.501411867012628 5.849414447403712 20.85223818169988 1	0.00229377 0.00238293 0.00306489 -0.00005753 -0.00071359 -0.00068528 -0.00070164
shell0_X0_Y0_Z0_mono0_fix1/shell1_X0_Y0_Z-1_mono0_fix1/shell1_X-1_Y0_Z0_mono2_fix1//test20tig_AVDZ// DONE 5.849414294420457 7.633408800312303 7.633408800568826 21.116231895301585 2	-0.00089346 -0.00089405 -0.00158466 0.00009007 0.00060114 0.00063827 0.00061680
shell0_X0_Y0_Z0_mono0_fix1/shell1_X-1_Y0_Z1_mono2_fix1/shell1_X-1_Y0_Z0_mono2_fix1//test20tig_AVDZ// DONE 7.633408800568826 7.633408800312303 5.849414447403712 21.116232048284843 1	-0.00090289 -0.00089405 -0.00159409 0.00010088 0.00059031 0.00064406 0.00061299
shell0_X0_Y0_Z0_mono0_fix1/shell1_X0_Y0_Z-1_mono0_fix1/shell1_X1_Y1_Z0_mono2_fix1//test20tig_AVDZ// DONE 5.849414294420457 7.633409059299531 7.633409059556055 21.116232413276045 2	-0.00089791 -0.00089405 -0.00157820 0.00008655 0.00059375 0.00064408 0.00061498
shell0_X0_Y0_Z0_mono0_fix1/shell1_X1_Y1_Z1_mono2_fix1/shell1_X1_Y1_Z0_mono2_fix1//test20tig_AVDZ// DONE 7.633409059556055 7.633409059299531 5.849414447403712 21.1162325662593 1	-0.00089111 -0.00089405 -0.00158066 0.00008704 0.00060252 0.00063802 0.00061749
shell0_X0_Y0_Z0_mono0_fix1/shell1_X1_Y-1_Z0_mono0_fix1/shell1_X0_Y-1_Z0_mono0_fix1//test20tig_AVDZ// DONE 8.644867251306648 6.14108504329124 6.357429267555808 21.143381562153696 6	0.00103992 0.00044995 0.00145357 -0.00021247 -0.00020118 -0.00018702 -0.00019521
shell0_X0_Y0_Z0_mono0_fix1/shell0_X0_Y0_Z0_mono3_fix1/shell1_X1_Y0_Z0_mono3_fix1//test20tig_AVDZ// DONE 7.441595710913052 7.441595913886067 6.357429264530413 21.240620889329534 4	-0.00146459 -0.00154772 -0.00219106 0.00004995 0.00067652 0.00075976 0.00071163
shell0_X0_Y0_Z0_mono0_fix1/shell0_X0_Y0_Z0_mono3_fix1/shell1_X-1_Y0_Z0_mono0_fix1//test20tig_AVDZ// DONE 7.441595710913052 6.357429267555808 7.441595913886067 21.240620892354926 8	-0.00146096 -0.00154772 -0.00218797 0.00004671 0.00068031 0.00075784 0.00071302
shell0_X0_Y0_Z0_mono0_fix1/shell1_X-1_Y0_Z0_mono2_fix1/shell1_X0_Y-1_Z0_mono0_fix1//test20tig_AVDZ// DONE 7.633408800312303 6.14108504329124 7.501411867012628 21.275905710616172 8	0.00299061 0.00346793 0.00385908 0.00001966 -0.00088813 -0.00086904 -0.00088008
shell0_X0_Y0_Z0_mono0_fix1/shell1_X-1_Y0_Z0_mono2_fix1/shell1_X-1_Y1_Z0_mono2_fix1//test20tig_AVDZ// DONE 7.633408800312303 7.501411867012628 6.141085058035455 21.275905725360385 4	0.00302451 0.00346791 0.00390388 -0.00002821 -0.00085116 -0.00087243 -0.00086013
shell0_X0_Y0_Z0_mono0_fix1/shell1_X-1_Y-1_Z0_mono0_fix1/shell1_X-1_Y0_Z0_mono0_fix1//test20tig_AVDZ// DONE 8.821829156691244 6.357429267555808 6.141085043291241 21.320343467538294 6	0.00125160 0.00190879 0.00150184 0.00015832 -0.00040856 -0.00042241 -0.00041441
shell0_X0_Y0_Z0_mono0_fix1/shell1_X-1_Y1_Z0_mono2_fix1/shell2_X0_Y2_Z1_mono3_fix1//test20tig_AVDZ// DONE 7.501411867012628 7.441595701324806 7.239439508500856 22.18244707683829 2	0.00070702 0.00061760 0.00080805 -0.00005118 -0.00004985 -0.00005833 -0.00005343
shell0_X0_Y0_Z0_mono0_fix1/shell1_X0_Y0_Z1_mono3_fix1/shell1_X1_Y0_Z1_mono1_fix1//test20tig_AVDZ// DONE 7.441595711182771 7.239439500644279 7.501411869074303 22.182447080901355 2	0.00066238 0.00061760 0.00074483 0.00001498 -0.00009743 -0.00005624 -0.00008006
shell0_X0_Y0_Z0_mono0_fix1/shell1_X1_Y0_Z1_mono3_fix1/shell1_X1_Y0_Z0_mono2_fix1//test20tig_AVDZ// DONE 7.441595914155785 7.501411619895282 7.239439563722077 22.182447097773142 2	0.00067830 0.00061759 0.00076980 -0.00001284 -0.00007866 -0.00005072 -0.00006687
shell0_X0_Y0_Z0_mono0_fix1/shell1_X0_Y0_Z-1_mono1_fix1/shell1_X-1_Y1_Z0_mono2_fix1//test20tig_AVDZ// DONE 7.2394392820421585 7.501411867012628 7.441595958391272 22.18244710744606 2	0.00067638 0.00061759 0.00076836 -0.00001128 -0.00008070 -0.00005090 -0.00006813
shell0_X0_Y0_Z0_mono0_fix1/shell1_X0_Y1_Z1_mono1_fix1/shell2_X1_Y2_Z1_mono3_fix1//test20tig_AVDZ// DONE 7.239439558657251 7.441595929316464 7.501411621956955 22.18244710993067 2	0.00067251 0.00061759 0.00075880 -0.00000145 -0.00008483 -0.00005205 -0.00007100
shell0_X0_Y0_Z0_mono0_fix1/shell1_X1_Y1_Z-1_mono1_fix1/shell1_X1_Y0_Z0_mono2_fix1//test20tig_AVDZ// DONE 7.239439752791947 7.501411619895282 7.441595749230804 22.18244712191803 2	0.00068923 0.00061760 0.00078353 -0.00002755 -0.00006674 -0.00005157 -0.00006034
shell0_X0_Y0_Z0_mono0_fix1/shell1_X1_Y1_Z-1_mono1_fix1/shell2_X0_Y2_Z0_mono3_fix1//test20tig_AVDZ// DONE 7.239439752791947 7.441595701055088 7.633408780261127 22.314444234108162 2	-0.00086149 -0.00088199 -0.00135886 0.00007471 0.00042266 0.00043153 0.00042640
shell0_X0_Y0_Z0_mono0_fix1/shell1_X0_Y0_Z-1_mono1_fix1/shell1_X1_Y0_Z0_mono3_fix1//test20tig_AVDZ// DONE 7.2394392820421585 7.441595913886067 7.63340903924835 22.314444235176573 2	-0.00087107 -0.00088198 -0.00135499 0.00006991 0.00041401 0.00044980 0.00042911
shell0_X0_Y0_Z0_mono0_fix1/shell0_X0_Y0_Z0_mono3_fix1/shell1_X-1_Y0_Z1_mono2_fix1//test20tig_AVDZ// DONE 7.441595710913052 7.633408800568826 7.239439744935367 22.314444256417246 2	-0.00086102 -0.00088199 -0.00134717 0.00006206 0.00042409 0.00044379 0.00043240
shell0_X0_Y0_Z0_mono0_fix1/shell1_X1_Y1_Z1_mono2_fix1/shell2_X1_Y2_Z0_mono3_fix1//test20tig_AVDZ// DONE 7.633409059556055 7.441595929046747 7.239439276977334 22.314444265580136 2	-0.00086699 -0.00088198 -0.00132965 0.00004934 0.00041332 0.00045805 0.00043219
shell0_X0_Y0_Z0_mono0_fix1/shell1_X1_Y0_Z1_mono1_fix1/shell1_X1_Y1_Z1_mono2_fix1//test20tig_AVDZ// DONE 7.239439500644279 7.633409059556055 7.441595758819045 22.31444431901938 2	-0.00087436 -0.00088198 -0.00136031 0.00007904 0.00040691 0.00044388 0.00042251
shell0_X0_Y0_Z0_mono0_fix1/shell1_X-1_Y0_Z1_mono2_fix1/shell1_X0_Y1_Z1_mono1_fix1//test20tig_AVDZ// DONE 7.633408800568826 7.239439558657251 7.44159597328223 22.314444332508305 2	-0.00085536 -0.00088199 -0.00133400 0.00005474 0.00042389 0.00043262 0.00042758
shell0_X0_Y0_Z0_mono0_fix1/shell1_X0_Y0_Z-1_mono0_fix1/shell1_X0_Y0_Z1_mono0_fix1//test20tig_AVDZ// DONE 5.849414294420457 5.849414294420458 11.29705896538643 22.995887554227345 3	0.00089688 0.00107543 0.00196031 0.00007338 -0.00113682 -0.00102628 -0.00109018
shell0_X0_Y0_Z0_mono0_fix1/shell1_X0_Y0_Z-1_mono1_fix1/shell1_X1_Y1_Z-1_mono1_fix1//test20tig_AVDZ// DONE 7.2394392820421585 7.239439752791947 8.644867266989586 23.12374630182369 2	0.00142194 0.00126515 0.00176672 -0.00007074 -0.00027404 -0.00028902 -0.00028036
shell0_X0_Y0_Z0_mono0_fix1/shell1_X0_Y1_Z-1_mono1_fix1/shell1_X-1_Y1_Z0_mono0_fix1//test20tig_AVDZ// DONE 7.239439558657251 8.644867251306648 7.239439500644278 23.123746310608176 4	0.00141677 0.00126515 0.00176996 -0.00007480 -0.00027839 -0.00027737 -0.00027796
shell0_X0_Y0_Z0_mono0_fix1/shell1_X1_Y1_Z-1_mono1_fix1/shell1_X1_Y1_Z0_mono0_fix1//test20tig_AVDZ// DONE 7.239439752791947 8.821829156691244 7.23943928204216 23.30070819152535 4	-0.00032288 -0.00034921 -0.00056091 0.00005900 0.00017903 0.00019845 0.00018722
shell0_X0_Y0_Z0_mono0_fix1/shell1_X0_Y1_Z-1_mono1_fix1/shell1_X1_Y0_Z-1_mono1_fix1//test20tig_AVDZ// DONE 7.239439558657251 7.239439500644278 8.821829228636577 23.300708287938107 2	-0.00031596 -0.00034921 -0.00053495 0.00003215 0.00018685 0.00021220 0.00019754
shell0_X0_Y0_Z0_mono0_fix1/shell0_X0_Y0_Z0_mono3_fix1/shell1_X1_Y0_Z1_mono3_fix1//test20tig_AVDZ// DONE 7.441595710913052 7.441595914155785 8.487159043655303 23.370350668724143 4	-0.00000850 -0.00004660 -0.00012332 -0.00000023 0.00011505 0.00014639 0.00012827
shell0_X0_Y0_Z0_mono0_fix1/shell0_X0_Y0_Z0_mono3_fix1/shell1_X-1_Y0_Z-1_mono0_fix1//test20tig_AVDZ// DONE 7.441595710913052 8.487159055786023 7.441595914155785 23.370350680854862 8	0.00001180 -0.00004660 -0.00011478 -0.00001090 0.00013747 0.00013025 0.00013442
shell0_X0_Y0_Z0_mono0_fix1/shell1_X0_Y1_Z-1_mono0_fix1/shell1_X-1_Y1_Z0_mono2_fix1//test20tig_AVDZ// DONE 8.34327286060742 7.501411867012628 7.633408800568826 23.478093528188875 8	0.00075805 0.00079776 0.00094572 0.00000504 -0.00019271 -0.00017969 -0.00018721
shell0_X0_Y0_Z0_mono0_fix1/shell1_X-1_Y0_Z1_mono2_fix1/shell1_X-1_Y1_Z0_mono2_fix1//test20tig_AVDZ// DONE 7.633408800568826 7.501411867012628 8.343272917945272 23.47809358552673 4	0.00079316 0.00079775 0.00099742 -0.00005075 -0.00015351 -0.00017615 -0.00016306
shell0_X0_Y0_Z0_mono0_fix1/shell0_X0_Y0_Z0_mono3_fix1/shell1_X0_Y0_Z1_mono1_fix1//test20tig_AVDZ// DONE 7.441595710913052 7.239439282042159 9.057222318897287 23.7382573118525 4	0.00070300 0.00083666 0.00089572 0.00002901 -0.00022173 -0.00021459 -0.00021872
shell0_X0_Y0_Z0_mono0_fix1/shell1_X0_Y1_Z-1_mono2_fix1/shell2_X0_Y2_Z0_mono3_fix1//test20tig_AVDZ// DONE 9.057222342191656 7.441595701055088 7.239439276977334 23.73825732022408 4	0.00071647 0.00083666 0.00090050 0.00002388 -0.00020791 -0.00022843 -0.00021657
shell0_X0_Y0_Z0_mono0_fix1/shell1_X0_Y1_Z1_mono1_fix1/shell2_X0_Y2_Z0_mono3_fix1//test20tig_AVDZ// DONE 7.239439558657251 7.441595701055088 9.057222108164261 23.7382573678766 2	0.00046865 0.00049739 0.00054689 0.00000715 -0.00008539 -0.00004749 -0.00006940
shell0_X0_Y0_Z0_mono0_fix1/shell1_X0_Y0_Z-1_mono1_fix1/shell1_X0_Y1_Z-1_mono2_fix1//test20tig_AVDZ// DONE 7.2394392820421585 9.057222342191656 7.441595758819045 23.738257383052858 4	0.00047793 0.00049740 0.00055229 0.00000199 -0.00007635 -0.00005862 -0.00006887
shell0_X0_Y0_Z0_mono0_fix1/shell0_X0_Y0_Z0_mono3_fix1/shell1_X0_Y0_Z-1_mono2_fix1//test20tig_AVDZ// DONE 7.441595710913052 9.05722213145863 7.239439563722077 23.73825740609376 2	0.00048664 0.00049739 0.00056720 -0.00001264 -0.00006792 -0.00005984 -0.00006451
shell0_X0_Y0_Z0_mono0_fix1/shell1_X0_Y0_Z-1_mono2_fix1/shell1_X0_Y1_Z-1_mono1_fix1//test20tig_AVDZ// DONE 9.05722213145863 7.239439558657251 7.4415957489610856 23.738257439076968 2	0.00072146 0.00083666 0.00091495 0.00000828 -0.00020177 -0.00022056 -0.00020970
shell0_X0_Y0_Z0_mono0_fix1/shell1_X1_Y0_Z1_mono1_fix1/shell1_X1_Y0_Z0_mono3_fix1//test20tig_AVDZ// DONE 7.239439500644279 7.441595913886067 9.057222318897287 23.73825773342763 2	0.00048945 0.00049739 0.00057434 -0.00002064 -0.00006425 -0.00005428 -0.00006004
shell0_X0_Y0_Z0_mono0_fix1/shell1_X0_Y1_Z-1_mono2_fix1/shell2_X1_Y2_Z0_mono3_fix1//test20tig_AVDZ// DONE 9.057222342191656 7.441595929046747 7.239439508500856 23.738257779739257 2	0.00049100 0.00049739 0.00057684 -0.00002319 -0.00006265 -0.00005393 -0.00005897
shell0_X0_Y0_Z0_mono0_fix1/shell1_X0_Y1_Z-1_mono2_fix1/shell1_X1_Y0_Z-1_mono1_fix1//test20tig_AVDZ// DONE 9.057222342191656 7.239439500644278 7.441595958121554 23.738257800957488 2	0.00072627 0.00083666 0.00090444 0.00001835 -0.00019652 -0.00023496 -0.00021273
shell0_X0_Y0_Z0_mono0_fix1/shell1_X1_Y1_Z-1_mono3_fix1/shell1_X1_Y0_Z0_mono2_fix1//test20tig_AVDZ// DONE 9.090813868877825 7.501411619895282 7.239439276977334 23.83166476575044 2	0.00022457 0.00025536 0.00021877 0.00005777 -0.00005197 -0.00000056 -0.00003028
shell0_X0_Y0_Z0_mono0_fix1/shell1_X0_Y0_Z-1_mono1_fix1/shell1_X1_Y1_Z-1_mono3_fix1//test20tig_AVDZ// DONE 7.2394392820421585 9.090813868877825 7.501411621956955 23.831664772876938 2	0.00029476 0.00025535 0.00032091 -0.00004925 0.00002310 -0.00000007 0.00001333
shell0_X0_Y0_Z0_mono0_fix1/shell1_X1_Y0_Z1_mono1_fix1/shell1_X1_Y0_Z0_mono2_fix1//test20tig_AVDZ// DONE 7.239439500644279 7.501411619895282 9.090813807198863 23.831664927738423 2	0.00025796 0.00025535 0.00026181 0.00001329 -0.00001714 -0.00000831 -0.00001342
shell0_X0_Y0_Z0_mono0_fix1/shell1_X0_Y1_Z-1_mono3_fix1/shell1_X-1_Y1_Z0_mono2_fix1//test20tig_AVDZ// DONE 9.090813705041763 7.501411867012628 7.239439744935367 23.831665316989756 2	0.00025933 0.00025535 0.00026138 0.00001291 -0.00001495 -0.00000847 -0.00001222
shell0_X0_Y0_Z0_mono0_fix1/shell1_X0_Y1_Z-1_mono3_fix1/shell1_X1_Y1_Z-1_mono1_fix1//test20tig_AVDZ// DONE 9.090813705041763 7.239439752791947 7.501411869074303 23.831665326908013 2	0.00027368 0.00025535 0.00029778 -0.00002426 0.00000016 0.00000318 0.00000143
shell0_X0_Y0_Z0_mono0_fix1/shell1_X0_Y1_Z1_mono1_fix1/shell1_X-1_Y1_Z0_mono2_fix1//test20tig_AVDZ// DONE 7.239439558657251 7.501411867012628 9.090813973045613 23.831665398715494 2	0.00024052 0.00025537 0.00024431 0.00003195 -0.00003574 -0.00000066 -0.00002094
shell0_X0_Y0_Z0_mono0_fix1/shell1_X0_Y1_Z-1_mono3_fix1/shell1_X1_Y0_Z-1_mono1_fix1//test20tig_AVDZ// DONE 9.090813705041763 7.239439500644278 7.633408780004605 23.963661985690646 2	-0.00041510 -0.00046025 -0.00066486 0.00002345 0.00022632 0.00025901 0.00024011
shell0_X0_Y0_Z0_mono0_fix1/shell1_X0_Y1_Z-1_mono3_fix1/shell1_X-1_Y0_Z0_mono2_fix1//test20tig_AVDZ// DONE 9.090813705041763 7.633408800312303 7.239439508500856 23.96366201385492 2	-0.00038844 -0.00046025 -0.00063244 -0.00000828 0.00025228 0.00024850 0.00025068
shell0_X0_Y0_Z0_mono0_fix1/shell1_X0_Y0_Z1_mono1_fix1/shell1_X-1_Y0_Z0_mono2_fix1//test20tig_AVDZ// DONE 7.239439282042159 7.633408800312303 9.090813973045613 23.963662055400075 2	-0.00038434 -0.00046026 -0.00062727 -0.00001418 0.00025711 0.00024905 0.00025371
shell0_X0_Y0_Z0_mono0_fix1/shell1_X0_Y1_Z-1_mono1_fix1/shell1_X1_Y1_Z-1_mono3_fix1//test20tig_AVDZ// DONE 7.239439558657251 9.090813868877825 7.633409038991829 23.963662466526905 2	-0.00042260 -0.00046025 -0.00067222 0.00003161 0.00021801 0.00026375 0.00023730
shell0_X0_Y0_Z0_mono0_fix1/shell1_X1_Y1_Z-1_mono3_fix1/shell1_X1_Y1_Z0_mono2_fix1//test20tig_AVDZ// DONE 9.090813868877825 7.633409059299531 7.239439563722077 23.96366249189943 2	-0.00038986 -0.00046025 -0.00063032 -0.00001179 0.00025225 0.00025462 0.00025325
shell0_X0_Y0_Z0_mono0_fix1/shell1_X1_Y1_Z1_mono1_fix1/shell1_X1_Y1_Z0_mono2_fix1//test20tig_AVDZ// DONE 7.239439752791949 7.633409059299531 9.090813807198863 23.963662619290343 2	-0.00039014 -0.00046025 -0.00063653 -0.00000528 0.00025167 0.00025023 0.00025106
shell0_X0_Y0_Z0_mono0_fix1/shell2_X0_Y2_Z-1_mono3_fix1/shell2_X0_Y2_Z0_mono3_fix1//test20tig_AVDZ// DONE 10.880867938006702 7.441595701055088 5.849414259311995 24.171877898373786 4	-0.00115029 -0.00119282 -0.00171957 0.00004641 0.00052287 0.00056134 0.00053910
shell0_X0_Y0_Z0_mono0_fix1/shell0_X0_Y0_Z0_mono3_fix1/shell1_X0_Y0_Z-1_mono3_fix1//test20tig_AVDZ// DONE 7.441595710913052 10.88086794046102 5.849414259311995 24.171877910686067 4	0.00010558 0.00010091 0.00014539 0.00000135 -0.00004116 -0.00004088 -0.00004104
shell0_X0_Y0_Z0_mono0_fix1/shell1_X0_Y0_Z-1_mono0_fix1/shell2_X0_Y2_Z-1_mono3_fix1//test20tig_AVDZ// DONE 5.849414294420457 10.880867938006702 7.441595701055088 24.171877933482246 8	0.00011298 0.00010091 0.00016582 -0.00002011 -0.00003274 -0.00003411 -0.00003332
shell0_X0_Y0_Z0_mono0_fix1/shell1_X0_Y0_Z-1_mono0_fix1/shell1_X0_Y0_Z-1_mono3_fix1//test20tig_AVDZ// DONE 5.849414294420457 10.88086794046102 7.441595710913052 24.17187794579453 8	-0.00117911 -0.00119282 -0.00177056 0.00010020 0.00049125 0.00055150 0.00051667
shell0_X0_Y0_Z0_mono0_fix1/shell1_X0_Y0_Z-1_mono1_fix1/shell2_X0_Y2_Z0_mono3_fix1//test20tig_AVDZ// DONE 7.2394392820421585 7.441595701055088 9.535100724717877 24.216135707815123 2	0.00049330 0.00044654 0.00062233 -0.00003597 -0.00009306 -0.00010636 -0.00009867
shell0_X0_Y0_Z0_mono0_fix1/shell0_X0_Y0_Z0_mono3_fix1/shell1_X0_Y-1_Z1_mono2_fix1//test20tig_AVDZ// DONE 7.441595710913052 9.535100747695719 7.239439276977334 24.216135735586107 2	0.00048895 0.00044654 0.00061499 -0.00002762 -0.00009841 -0.00010998 -0.00010329
shell0_X0_Y0_Z0_mono0_fix1/shell1_X0_Y-1_Z1_mono2_fix1/shell1_X0_Y0_Z1_mono1_fix1//test20tig_AVDZ// DONE 9.535100747695719 7.239439282042159 7.4415957489610856 24.216135778698963 2	0.00020598 0.00014929 0.00023619 -0.00003450 0.00000429 -0.00001280 -0.00000292
shell0_X0_Y0_Z0_mono0_fix1/shell1_X1_Y0_Z-1_mono1_fix1/shell2_X1_Y2_Z0_mono3_fix1//test20tig_AVDZ// DONE 7.239439500644278 7.441595929046747 9.535100724717877 24.2161361544089 2	0.00019886 0.00014929 0.00024533 -0.00003832 -0.00000815 -0.00000534 -0.00000697
shell0_X0_Y0_Z0_mono0_fix1/shell1_X0_Y-1_Z1_mono2_fix1/shell1_X1_Y0_Z0_mono3_fix1//test20tig_AVDZ// DONE 9.535100747695719 7.441595913886067 7.239439508500856 24.21613617008264 2	0.00019855 0.00014930 0.00023562 -0.00003064 -0.00000644 -0.00000804 -0.00000711
shell0_X0_Y0_Z0_mono0_fix1/shell1_X0_Y-1_Z1_mono2_fix1/shell1_X1_Y0_Z1_mono1_fix1//test20tig_AVDZ// DONE 9.535100747695719 7.239439500644279 7.44159597328223 24.216136221622225 2	0.00048278 0.00044654 0.00061783 -0.00002855 -0.00010650 -0.00010279 -0.00010493
shell0_X0_Y0_Z0_mono0_fix1/shell0_X0_Y0_Z0_mono3_fix1/shell1_X0_Y1_Z-1_mono1_fix1//test20tig_AVDZ// DONE 7.441595710913052 7.239439558657251 9.535101331788516 24.21613660135882 2	0.00019320 0.00014929 0.00023627 -0.00002818 -0.00001488 -0.00000671 -0.00001144
shell0_X0_Y0_Z0_mono0_fix1/shell2_X0_Y2_Z0_mono3_fix1/shell2_X0_Y2_Z1_mono2_fix1//test20tig_AVDZ// DONE 7.441595701055088 9.535101354766352 7.239439563722077 24.216136619543516 2	0.00023494 0.00014929 0.00027713 -0.00007661 0.00003442 -0.00001525 0.00001347
shell0_X0_Y0_Z0_mono0_fix1/shell1_X0_Y1_Z1_mono1_fix1/shell2_X0_Y2_Z1_mono2_fix1//test20tig_AVDZ// DONE 7.239439558657251 9.535101354766352 7.441595758819045 24.216136672242648 2	0.00048180 0.00044654 0.00060060 -0.00001272 -0.00010608 -0.00011045 -0.00010792
shell0_X0_Y0_Z0_mono0_fix1/shell1_X1_Y1_Z-1_mono1_fix1/shell1_X1_Y0_Z0_mono3_fix1//test20tig_AVDZ// DONE 7.239439752791947 7.441595913886067 9.535101331788516 24.21613699846653 2	0.00049121 0.00044654 0.00062013 -0.00003115 -0.00009777 -0.00011101 -0.00010336
shell0_X0_Y0_Z0_mono0_fix1/shell2_X0_Y2_Z1_mono2_fix1/shell2_X1_Y2_Z0_mono3_fix1//test20tig_AVDZ// DONE 9.535101354766352 7.441595929046747 7.239439744935367 24.216137028748467 2	0.00052796 -0.00032633 0.00357099 -0.00283614 -0.00020689 -0.00013015 -0.00017451   
shell0_X0_Y0_Z0_mono0_fix1/shell1_X1_Y1_Z1_mono1_fix1/shell2_X0_Y2_Z1_mono2_fix1//test20tig_AVDZ// DONE 7.239439752791949 9.535101354766352 7.441595958121554 24.216137065679852 2	0.00018893 0.00014929 0.00023639 -0.00002885 -0.00001861 0.00000003 -0.00001075
shell0_X0_Y0_Z0_mono0_fix1/shell1_X0_Y0_Z-1_mono2_fix1/shell1_X0_Y-1_Z0_mono0_fix1//test20tig_AVDZ// DONE 9.05722213145863 6.14108504329124 9.057222342191654 24.255529516941525 4	0.00009150 0.00009328 0.00001078 -0.00000309 0.00008381 0.00006876 0.00007746
shell0_X0_Y0_Z0_mono0_fix1/shell1_X0_Y0_Z-1_mono2_fix1/shell1_X0_Y1_Z-1_mono2_fix1//test20tig_AVDZ// DONE 9.05722213145863 9.057222342191656 6.141085058035455 24.25552953168574 2	0.00008746 0.00009327 -0.00000271 0.00000945 0.00008072 0.00006669 0.00007481
shell0_X0_Y0_Z0_mono0_fix1/shell1_X0_Y0_Z-1_mono0_fix1/shell1_X1_Y0_Z-1_mono2_fix1//test20tig_AVDZ// DONE 5.849414294420457 10.938276656130684 7.501411619895282 24.289102570446424 4	-0.00076070 -0.00076513 -0.00112884 0.00004172 0.00032642 0.00037341 0.00034625
shell0_X0_Y0_Z0_mono0_fix1/shell1_X1_Y0_Z-1_mono2_fix1/shell1_X1_Y0_Z0_mono2_fix1//test20tig_AVDZ// DONE 10.938276656130684 7.501411619895282 5.849414447403712 24.28910272342968 2	-0.00075350 -0.00076512 -0.00111881 0.00003147 0.00033384 0.00037046 0.00034929
shell0_X0_Y0_Z0_mono0_fix1/shell1_X-1_Y1_Z-1_mono2_fix1/shell1_X0_Y0_Z-1_mono0_fix1//test20tig_AVDZ// DONE 10.938276828330801 5.849414294420457 7.501411867012628 24.289102989763887 4	-0.00075960 -0.00076513 -0.00112353 0.00003693 0.00032700 0.00037303 0.00034642
shell0_X0_Y0_Z0_mono0_fix1/shell1_X-1_Y1_Z-1_mono2_fix1/shell1_X-1_Y1_Z0_mono2_fix1//test20tig_AVDZ// DONE 10.938276828330801 7.501411867012628 5.849414447403712 24.289103142747138 2	-0.00075506 -0.00076513 -0.00112114 0.00003332 0.00033276 0.00037304 0.00034975
shell0_X0_Y0_Z0_mono0_fix1/shell1_X0_Y-1_Z0_mono0_fix1/shell1_X0_Y1_Z0_mono0_fix1//test20tig_AVDZ// DONE 6.14108504329124 6.141085043291241 12.101112883300878 24.38328296988336 3	0.00176719 0.00238226 0.00269653 -0.00000567 -0.00092366 -0.00104099 -0.00097316
shell0_X0_Y0_Z0_mono0_fix1/shell1_X-1_Y0_Z-1_mono2_fix1/shell1_X0_Y0_Z-1_mono0_fix1//test20tig_AVDZ// DONE 10.981348313483988 5.849414294420457 7.633408800312303 24.46417140821675 8	-0.00004331 -0.00010336 -0.00006445 -0.00002988 0.00005103 0.00003448 0.00004405
shell0_X0_Y0_Z0_mono0_fix1/shell1_X-1_Y0_Z-1_mono2_fix1/shell1_X-1_Y0_Z0_mono2_fix1//test20tig_AVDZ// DONE 10.981348313483988 7.633408800312303 5.849414447403712 24.464171561200004 4	-0.00005066 -0.00010340 -0.00006402 -0.00002988 0.00004324 0.00004486 0.00004392
shell0_X0_Y0_Z0_mono0_fix1/shell1_X0_Y-1_Z-1_mono1_fix1/shell1_X0_Y0_Z-1_mono1_fix1//test20tig_AVDZ// DONE 11.143713760649016 7.2394392820421585 6.141085020779474 24.524238063470648 2	0.00024582 0.00022581 0.00042050 -0.00005825 -0.00011643 -0.00015703 -0.00013356
shell0_X0_Y0_Z0_mono0_fix1/shell1_X0_Y-1_Z-1_mono1_fix1/shell1_X0_Y-1_Z0_mono0_fix1//test20tig_AVDZ// DONE 11.143713760649016 6.14108504329124 7.23943928204216 24.524238085982415 4	-0.00084379 -0.00086829 -0.00103668 0.00001241 0.00018048 0.00025713 0.00021282
shell0_X0_Y0_Z0_mono0_fix1/shell1_X1_Y-1_Z-1_mono1_fix1/shell1_X1_Y0_Z-1_mono1_fix1//test20tig_AVDZ// DONE 11.14371391223659 7.239439500644278 6.141085020779474 24.524238433660344 2	-0.00083930 -0.00086830 -0.00103282 0.00000817 0.00018535 0.00025442 0.00021449
shell0_X0_Y0_Z0_mono0_fix1/shell1_X1_Y-1_Z-1_mono1_fix1/shell1_X0_Y-1_Z0_mono0_fix1//test20tig_AVDZ// DONE 11.14371391223659 6.14108504329124 7.239439500644278 24.524238456172107 4	0.00022390 0.00022581 0.00040005 -0.00003470 -0.00014146 -0.00015095 -0.00014546
shell0_X0_Y0_Z0_mono0_fix1/shell1_X0_Y1_Z-1_mono1_fix1/shell2_X0_Y2_Z-1_mono1_fix1//test20tig_AVDZ// DONE 7.239439558657251 11.143714291345113 6.141085020779474 24.52423887078184 2	-0.00081822 -0.00086829 -0.00102639 0.00000126 0.00020691 0.00023317 0.00021799
shell0_X0_Y0_Z0_mono0_fix1/shell1_X0_Y1_Z-1_mono1_fix1/shell1_X0_Y-1_Z0_mono0_fix1//test20tig_AVDZ// DONE 7.239439558657251 6.14108504329124 11.143714291345113 24.524238893293603 4	0.00024592 0.00022581 0.00042233 -0.00006472 -0.00011168 -0.00015103 -0.00012828
shell0_X0_Y0_Z0_mono0_fix1/shell1_X1_Y1_Z-1_mono1_fix1/shell2_X1_Y2_Z-1_mono1_fix1//test20tig_AVDZ// DONE 7.239439752791947 11.143714422265079 6.141085020779474 24.5242391958365 2	0.00022722 0.00022582 0.00042163 -0.00005840 -0.00013601 -0.00013365 -0.00013501
shell0_X0_Y0_Z0_mono0_fix1/shell1_X1_Y1_Z-1_mono1_fix1/shell1_X0_Y-1_Z0_mono0_fix1//test20tig_AVDZ// DONE 7.239439752791947 6.14108504329124 11.143714422265079 24.524239218348264 4	-0.00080788 -0.00086829 -0.00101751 -0.00000794 0.00021757 0.00022800 0.00022197
shell0_X0_Y0_Z0_mono0_fix1/shell1_X0_Y1_Z-1_mono3_fix1/shell1_X1_Y1_Z-1_mono3_fix1//test20tig_AVDZ// DONE 9.090813705041763 9.090813868877825 6.357429264530413 24.53905683845 2	0.00023545 0.00028612 0.00022581 0.00006857 -0.00005893 -0.00004125 -0.00005147
shell0_X0_Y0_Z0_mono0_fix1/shell1_X0_Y1_Z-1_mono3_fix1/shell1_X-1_Y0_Z0_mono0_fix1//test20tig_AVDZ// DONE 9.090813705041763 6.357429267555808 9.090813868877825 24.539056841475396 4	0.00024059 0.00028612 0.00022977 0.00006380 -0.00005298 -0.00004185 -0.00004828
shell0_X0_Y0_Z0_mono0_fix1/shell1_X0_Y0_Z-1_mono1_fix1/shell1_X1_Y0_Z0_mono2_fix1//test20tig_AVDZ// DONE 7.2394392820421585 7.501411619895282 9.808964217582226 24.549815119519664 2	-0.00029598 -0.00041131 -0.00045916 -0.00004303 0.00020622 0.00020755 0.00020678
shell0_X0_Y0_Z0_mono0_fix1/shell1_X-1_Y1_Z1_mono3_fix1/shell1_X0_Y1_Z1_mono1_fix1//test20tig_AVDZ// DONE 9.808964124188245 7.239439558657251 7.501411869074303 24.5498155519198 2	-0.00032296 -0.00041132 -0.00050285 0.00000371 0.00017618 0.00020108 0.00018669
shell0_X0_Y0_Z0_mono0_fix1/shell1_X-1_Y1_Z1_mono3_fix1/shell1_X-1_Y1_Z0_mono2_fix1//test20tig_AVDZ// DONE 9.808964124188245 7.501411867012628 7.239439563722077 24.549815554922947 2	-0.00031011 -0.00041132 -0.00048121 -0.00002003 0.00019112 0.00020801 0.00019825
shell0_X0_Y0_Z0_mono0_fix1/shell1_X1_Y0_Z1_mono1_fix1/shell2_X2_Y1_Z1_mono3_fix1//test20tig_AVDZ// DONE 7.239439500644279 9.808964592842516 7.501411621956955 24.54981571544375 2	-0.00032124 -0.00041131 -0.00051502 0.00001526 0.00017852 0.00019096 0.00018377
shell0_X0_Y0_Z0_mono0_fix1/shell1_X1_Y0_Z0_mono2_fix1/shell2_X2_Y1_Z1_mono3_fix1//test20tig_AVDZ// DONE 7.501411619895282 9.808964592842516 7.239439508500856 24.54981572123865 2	-0.00029437 -0.00041132 -0.00047081 -0.00003066 0.00020710 0.00019574 0.00020231
shell0_X0_Y0_Z0_mono0_fix1/shell1_X1_Y1_Z-1_mono1_fix1/shell1_X-1_Y1_Z0_mono2_fix1//test20tig_AVDZ// DONE 7.239439752791947 7.501411867012628 9.808964691090507 24.549816310895082 2	-0.00030308 -0.00041132 -0.00048292 -0.00001781 0.00019765 0.00019632 0.00019709
shell0_X0_Y0_Z0_mono0_fix1/shell1_X1_Y0_Z0_mono3_fix1/shell1_X0_Y-1_Z0_mono1_fix1//test20tig_AVDZ// DONE 7.441595913886067 9.622703379953736 7.501411621956955 24.565710915796757 2	-0.00039742 -0.00053477 -0.00060583 -0.00001706 0.00022547 0.00021693 0.00022187
shell0_X0_Y0_Z0_mono0_fix1/shell1_X1_Y0_Z0_mono2_fix1/shell2_X1_Y2_Z0_mono3_fix1//test20tig_AVDZ// DONE 7.501411619895282 7.441595929046747 9.622703374029955 24.56571092297198 2	-0.00043815 -0.00053477 -0.00065075 0.00003764 0.00017496 0.00021773 0.00019300
shell0_X0_Y0_Z0_mono0_fix1/shell1_X1_Y-1_Z0_mono1_fix1/shell1_X1_Y0_Z0_mono2_fix1//test20tig_AVDZ// DONE 9.622703562727217 7.501411619895282 7.441595758819045 24.565710941441544 2	-0.00040476 -0.00053477 -0.00062150 0.00000244 0.00021430 0.00020778 0.00021155
shell0_X0_Y0_Z0_mono0_fix1/shell0_X0_Y0_Z0_mono3_fix1/shell1_X-1_Y1_Z0_mono2_fix1//test20tig_AVDZ// DONE 7.441595710913052 7.501411867012628 9.622704140203066 24.565711718128746 2	-0.00040274 -0.00053476 -0.00060647 -0.00001560 0.00021933 0.00022183 0.00022039
shell0_X0_Y0_Z0_mono0_fix1/shell2_X0_Y2_Z0_mono3_fix1/shell2_X1_Y2_Z0_mono1_fix1//test20tig_AVDZ// DONE 7.441595701055088 9.62270415146066 7.501411869074303 24.565711721590052 2	-0.00041486 -0.00053477 -0.00061824 -0.00000206 0.00020543 0.00022632 0.00021424
shell0_X0_Y0_Z0_mono0_fix1/shell1_X-1_Y1_Z0_mono2_fix1/shell2_X0_Y2_Z0_mono1_fix1//test20tig_AVDZ// DONE 7.501411867012628 9.622704000650778 7.44159597328223 24.565711840945635 2	-0.00043624 -0.00053477 -0.00065338 0.00004049 0.00017666 0.00021236 0.00019172
shell0_X0_Y0_Z0_mono0_fix1/shell1_X-1_Y1_Z1_mono3_fix1/shell1_X0_Y0_Z1_mono1_fix1//test20tig_AVDZ// DONE 9.808964124188245 7.239439282042159 7.633408780004605 24.68181218623501 2	0.00011701 0.00005031 0.00010935 -0.00004351 0.00005117 0.00002372 0.00003959
shell0_X0_Y0_Z0_mono0_fix1/shell1_X-1_Y1_Z1_mono3_fix1/shell1_X-1_Y0_Z0_mono2_fix1//test20tig_AVDZ// DONE 9.808964124188245 7.633408800312303 7.239439276977334 24.681812201477882 2	 0.00013136 -0.00005415 0.00020428 -0.00013148 0.00005856 -0.00001976 0.00002552
shell0_X0_Y0_Z0_mono0_fix1/shell1_X0_Y1_Z-1_mono1_fix1/shell1_X1_Y1_Z0_mono2_fix1//test20tig_AVDZ// DONE 7.239439558657251 7.633409059299531 9.808964217582226 24.681812835539006 2	0.00010177 0.00005031 0.00009656 -0.00003258 0.00003779 0.00003586 0.00003698
shell0_X0_Y0_Z0_mono0_fix1/shell1_X1_Y0_Z-1_mono1_fix1/shell1_X-1_Y0_Z0_mono2_fix1//test20tig_AVDZ// DONE 7.239439500644278 7.633408800312303 9.808964691090507 24.681812992047085 2	0.00010588 0.00005030 0.00008712 -0.00002401 0.00004277 0.00002823 0.00003663
shell0_X0_Y0_Z0_mono0_fix1/shell1_X1_Y1_Z1_mono1_fix1/shell2_X2_Y1_Z1_mono3_fix1//test20tig_AVDZ// DONE 7.239439752791949 9.808964592842516 7.633409038991829 24.681813384626295 2	0.00011323 0.00005030 0.00008825 -0.00002440 0.00004938 0.00001664 0.00003557
shell0_X0_Y0_Z0_mono0_fix1/shell1_X1_Y1_Z0_mono2_fix1/shell2_X2_Y1_Z1_mono3_fix1//test20tig_AVDZ// DONE 7.633409059299531 9.808964592842516 7.239439744935367 24.681813397077413 2	0.00010129 0.00005030 0.00008005 -0.00001661 0.00003786 0.00002983 0.00003447
shell0_X0_Y0_Z0_mono0_fix1/shell0_X0_Y0_Z0_mono3_fix1/shell1_X1_Y-1_Z0_mono1_fix1//test20tig_AVDZ// DONE 7.441595710913052 9.622703562727217 7.633408780004605 24.697708053644874 2	0.00018900 0.00013639 0.00017039 -0.00003847 0.00005708 0.00000366 0.00003454
shell0_X0_Y0_Z0_mono0_fix1/shell1_X-1_Y0_Z0_mono2_fix1/shell2_X0_Y2_Z0_mono3_fix1//test20tig_AVDZ// DONE 7.633408800312303 7.441595701055088 9.622703573984813 24.697708075352203 2	0.00014047 0.00013639 0.00013879 -0.00000404 0.00000573 0.00003681 0.00001884
shell0_X0_Y0_Z0_mono0_fix1/shell1_X-1_Y0_Z0_mono2_fix1/shell1_X0_Y-1_Z0_mono1_fix1//test20tig_AVDZ// DONE 7.633408800312303 9.622703379953736 7.441595958121554 24.69770813838759 2	0.00013357 0.00013639 0.00012434 0.00001057 -0.00000135 0.00003276 0.00001304
shell0_X0_Y0_Z0_mono0_fix1/shell1_X1_Y1_Z0_mono2_fix1/shell2_X1_Y2_Z0_mono1_fix1//test20tig_AVDZ// DONE 7.633409059299531 9.62270415146066 7.4415957489610856 24.697708959721275 2	0.00014936 0.00013639 0.00013930 -0.00000528 0.00001534 0.00002723 0.00002036
shell0_X0_Y0_Z0_mono0_fix1/shell2_X0_Y2_Z0_mono1_fix1/shell2_X1_Y2_Z0_mono3_fix1//test20tig_AVDZ// DONE 9.622704000650778 7.441595929046747 7.633409038991829 24.697708968689355 2	0.00014855 0.00013639 0.00015615 -0.00002242 0.00001482 0.00004024 0.00002555
shell0_X0_Y0_Z0_mono0_fix1/shell1_X1_Y0_Z0_mono3_fix1/shell1_X1_Y1_Z0_mono2_fix1//test20tig_AVDZ// DONE 7.441595913886067 7.633409059299531 9.622704006574553 24.69770897976015 2	0.00014365 0.00013640 0.00015647 -0.00002187 0.00000906 0.00004672 0.00002495
shell0_X0_Y0_Z0_mono0_fix1/shell1_X-1_Y1_Z0_mono1_fix1/shell2_X0_Y2_Z0_mono3_fix1//test20tig_AVDZ// DONE 9.866507581504809 7.441595701055088 7.501411621956955 24.809514904516853 2	-0.00040734 -0.00044757 -0.00061416 0.00004246 0.00016437 0.00023403 0.00019376
shell0_X0_Y0_Z0_mono0_fix1/shell0_X0_Y0_Z0_mono3_fix1/shell1_X1_Y0_Z0_mono2_fix1//test20tig_AVDZ// DONE 7.441595710913052 7.501411619895282 9.866507590895072 24.809514921703407 2	-0.00035387 -0.00044757 -0.00054445 -0.00003055 0.00022113 0.00022782 0.00022395
shell0_X0_Y0_Z0_mono0_fix1/shell1_X-1_Y0_Z0_mono1_fix1/shell1_X-1_Y1_Z0_mono2_fix1//test20tig_AVDZ// DONE 9.866507372310462 7.501411867012628 7.441595758819045 24.809514998142134 2	-0.00038950 -0.00044758 -0.00059190 0.00002011 0.00018229 0.00022600 0.00020073
shell0_X0_Y0_Z0_mono0_fix1/shell1_X1_Y0_Z0_mono2_fix1/shell2_X2_Y1_Z0_mono1_fix1//test20tig_AVDZ// DONE 7.501411619895282 9.866508036508737 7.44159597328223 24.80951562968625 2	-0.00009267   -0.00089624   0.00021478    -0.00065533   0.00034789    0.00024285    0.00030358    
shell0_X0_Y0_Z0_mono0_fix1/shell1_X1_Y0_Z0_mono3_fix1/shell2_X2_Y0_Z0_mono1_fix1//test20tig_AVDZ// DONE 7.441595913886067 9.866507859478094 7.501411869074303 24.809515642438463 2	-0.00038581 -0.00044757 -0.00058716 0.00001410 0.00018724 0.00022785 0.00020437
shell0_X0_Y0_Z0_mono0_fix1/shell1_X-1_Y1_Z0_mono2_fix1/shell2_X1_Y2_Z0_mono3_fix1//test20tig_AVDZ// DONE 7.501411867012628 7.441595929046747 9.866507864797589 24.809515660856963 2	-0.00040887 -0.00044756 -0.00061936 0.00004896 0.00016153 0.00022639 0.00018889
shell0_X0_Y0_Z0_mono0_fix1/shell1_X-1_Y1_Z-1_mono0_fix1/shell1_X0_Y0_Z-1_mono0_fix1//test20tig_AVDZ// DONE 10.335202333258081 5.849414294420457 8.644867251306648 24.829483878985187 12	0.00006291 -0.00000845 0.00006047 -0.00001449 0.00001693 0.00002442 0.00002009
shell0_X0_Y0_Z0_mono0_fix1/shell1_X0_Y1_Z-1_mono3_fix1/shell2_X0_Y2_Z0_mono3_fix1//test20tig_AVDZ// DONE 9.090813705041763 7.441595701055088 8.343272834753902 24.87568224085075 4	0.00050470 0.00049643 0.00062349 -0.00003127 -0.00008752 -0.00013094 -0.00010583
shell0_X0_Y0_Z0_mono0_fix1/shell0_X0_Y0_Z0_mono3_fix1/shell1_X0_Y1_Z-1_mono3_fix1//test20tig_AVDZ// DONE 7.441595710913052 9.090813705041763 8.343272834753902 24.87568225070872 4	0.00016343 0.00020462 0.00016892 0.00004468 -0.00005018 -0.00001797 -0.00003659
shell0_X0_Y0_Z0_mono0_fix1/shell1_X0_Y-1_Z-1_mono0_fix1/shell1_X0_Y1_Z-1_mono3_fix1//test20tig_AVDZ// DONE 8.34327286060742 9.090813705041763 7.441595701055088 24.87568226670427 8	0.00018087 0.00020463 0.00016448 0.00004871 -0.00003232 -0.00004546 -0.00003787
shell0_X0_Y0_Z0_mono0_fix1/shell1_X0_Y1_Z-1_mono0_fix1/shell1_X0_Y1_Z-1_mono3_fix1//test20tig_AVDZ// DONE 8.34327286060742 9.090813705041763 7.441595710913052 24.875682276562234 8	0.00049874 0.00049643 0.00062235 -0.00003009 -0.00009352 -0.00012325 -0.00010606
shell0_X0_Y0_Z0_mono0_fix1/shell1_X0_Y0_Z-1_mono0_fix1/shell1_X0_Y-1_Z0_mono2_fix1//test20tig_AVDZ// DONE 5.849414294420457 9.535100747487162 9.535100747695719 24.919615789603338 2	0.00045446 0.00042555 0.00062415 -0.00002229 -0.00014740 -0.00008739 -0.00012208
shell0_X0_Y0_Z0_mono0_fix1/shell1_X0_Y-1_Z1_mono2_fix1/shell1_X0_Y-1_Z0_mono2_fix1//test20tig_AVDZ// DONE 9.535100747695719 9.535100747487162 5.849414447403712 24.91961594258659 1	0.00048313 0.00042555 0.00061557 -0.00001312 -0.00011932 -0.00013612 -0.00012641
shell0_X0_Y0_Z0_mono0_fix1/shell1_X0_Y0_Z-1_mono0_fix1/shell2_X0_Y2_Z0_mono2_fix1//test20tig_AVDZ// DONE 5.849414294420457 9.5351013545578 9.535101354766352 24.91961700374461 2	0.00044850 0.00042556 0.00058359 0.00002424 -0.00015933 -0.00013144 -0.00014757
shell0_X0_Y0_Z0_mono0_fix1/shell2_X0_Y2_Z0_mono2_fix1/shell2_X0_Y2_Z1_mono2_fix1//test20tig_AVDZ// DONE 9.5351013545578 9.535101354766352 5.849414447403712 24.91961715672786 1	0.00043654 0.00042555 0.00057526 0.00003156 -0.00017027 -0.00011967 -0.00014893
shell0_X0_Y0_Z0_mono0_fix1/shell0_X0_Y0_Z0_mono3_fix1/shell1_X-1_Y0_Z0_mono1_fix1//test20tig_AVDZ// DONE 7.441595710913052 9.866507372310462 7.633409038991829 24.941512122215343 2	0.00010861 0.00013372 0.00012838 0.00002002 -0.00003979 0.00000505 -0.00002087
shell0_X0_Y0_Z0_mono0_fix1/shell1_X1_Y1_Z0_mono2_fix1/shell2_X0_Y2_Z0_mono3_fix1//test20tig_AVDZ// DONE 7.633409059299531 7.441595701055088 9.866507362920204 24.941512123274826 2	0.00010957 0.00013372 0.00012785 0.00001916 -0.00003744 0.00000542 -0.00001936
shell0_X0_Y0_Z0_mono0_fix1/shell1_X-1_Y0_Z0_mono2_fix1/shell1_X-1_Y1_Z0_mono1_fix1//test20tig_AVDZ// DONE 7.633408800312303 9.866507581504809 7.4415957489610856 24.941512130778197 4	0.00009407 0.00013372 0.00010451 0.00004404 -0.00005448 0.00000509 -0.00002935
shell0_X0_Y0_Z0_mono0_fix1/shell1_X-1_Y0_Z0_mono2_fix1/shell1_X1_Y0_Z0_mono3_fix1//test20tig_AVDZ// DONE 7.633408800312303 7.441595913886067 9.86650803118924 24.94151274538761 2	0.00010768 0.00013371 0.00013218 0.00001595 -0.00004045 0.00000932 -0.00001945
shell0_X0_Y0_Z0_mono0_fix1/shell2_X2_Y1_Z0_mono1_fix1/shell2_X1_Y2_Z0_mono3_fix1//test20tig_AVDZ// DONE 9.866508036508737 7.441595929046747 7.633408780004605 24.941512745560086 2	0.00009639 0.00013372 0.00010262 0.00004576 -0.00005198 0.00000176 -0.00002931
shell0_X0_Y0_Z0_mono0_fix1/shell1_X0_Y0_Z-1_mono1_fix1/shell1_X1_Y0_Z0_mono0_fix1//test20tig_AVDZ// DONE 7.2394392820421585 6.357429267555808 11.348866390169837 24.945734939767803 4	-0.00050979 -0.00054401 -0.00065239 -0.00001087 0.00015347 0.00018306 0.00016595
shell0_X0_Y0_Z0_mono0_fix1/shell1_X-1_Y0_Z-1_mono1_fix1/shell1_X0_Y0_Z-1_mono1_fix1//test20tig_AVDZ// DONE 11.348866390169837 7.2394392820421585 6.357429417783243 24.94573508999524 2	0.00050528 0.00053176 0.00078991 -0.00004556 -0.00023907 -0.00020722 -0.00022563
shell0_X0_Y0_Z0_mono0_fix1/shell1_X-1_Y1_Z-1_mono1_fix1/shell1_X-1_Y0_Z0_mono0_fix1//test20tig_AVDZ// DONE 11.348866569053104 6.357429267555808 7.239439558657251 24.945735395266162 4	0.00049686 0.00053175 0.00076283 -0.00001940 -0.00024658 -0.00021830 -0.00023465
shell0_X0_Y0_Z0_mono0_fix1/shell1_X-1_Y1_Z-1_mono1_fix1/shell1_X0_Y1_Z-1_mono1_fix1//test20tig_AVDZ// DONE 11.348866569053104 7.239439558657251 6.357429417783243 24.945735545493598 2	-0.00054083 -0.00054402 -0.00069418 0.00003459 0.00011876 0.00018246 0.00014563
shell0_X0_Y0_Z0_mono0_fix1/shell1_X1_Y0_Z-1_mono1_fix1/shell1_X-1_Y0_Z0_mono0_fix1//test20tig_AVDZ// DONE 7.239439500644278 6.357429267555808 11.348866808891877 24.945735577091963 4	0.00052905 0.00053176 0.00080224 -0.00006243 -0.00021077 -0.00022310 -0.00021597
shell0_X0_Y0_Z0_mono0_fix1/shell1_X1_Y0_Z-1_mono1_fix1/shell2_X2_Y0_Z-1_mono1_fix1//test20tig_AVDZ// DONE 7.239439500644278 11.348866808891877 6.357429417783243 24.9457357273194 2	-0.00052208 -0.00054400 -0.00066246 -0.00000011 0.00014050 0.00018972 0.00016126
shell0_X0_Y0_Z0_mono0_fix1/shell1_X1_Y1_Z-1_mono1_fix1/shell1_X-1_Y0_Z0_mono0_fix1//test20tig_AVDZ// DONE 7.239439752791947 6.357429267555808 11.348866967288222 24.945735987635977 4	-0.00050427 -0.00054401 -0.00064830 -0.00001600 0.00016004 0.00018319 0.00016980
shell0_X0_Y0_Z0_mono0_fix1/shell1_X1_Y1_Z-1_mono1_fix1/shell2_X2_Y1_Z-1_mono1_fix1//test20tig_AVDZ// DONE 7.239439752791947 11.348866967288222 6.357429417783243 24.945736137863413 2	0.00050094 0.00053176 0.00076838 -0.00002516 -0.00024229 -0.00021759 -0.00023187
shell0_X0_Y0_Z0_mono0_fix1/shell1_X1_Y-1_Z0_mono2_fix1/shell1_X0_Y-1_Z0_mono0_fix1//test20tig_AVDZ// DONE 11.315755743122564 6.14108504329124 7.501411619895282 24.958252406309086 4	-0.00129124 -0.00144716 -0.00166544 -0.00004304 0.00041724 0.00041428 0.00041599
shell0_X0_Y0_Z0_mono0_fix1/shell1_X1_Y-1_Z0_mono2_fix1/shell1_X1_Y0_Z0_mono2_fix1//test20tig_AVDZ// DONE 11.315755743122564 7.501411619895282 6.141085058035455 24.9582524210533 2	-0.00133161 -0.00144716 -0.00171781 0.00001577 0.00037044 0.00040723 0.00038596
shell0_X0_Y0_Z0_mono0_fix1/shell1_X-1_Y1_Z0_mono2_fix1/shell1_X0_Y-1_Z0_mono0_fix1//test20tig_AVDZ// DONE 7.501411867012628 6.14108504329124 11.315756254589916 24.958253164893783 4	-0.00132345 -0.00144716 -0.00170809 0.00000328 0.00038136 0.00041243 0.00039447
shell0_X0_Y0_Z0_mono0_fix1/shell1_X-1_Y1_Z0_mono2_fix1/shell2_X-1_Y2_Z0_mono2_fix1//test20tig_AVDZ// DONE 7.501411867012628 11.315756254589916 6.141085058035455 24.958253179637996 2	-0.00129529 -0.00144716 -0.00167429 -0.00003375 0.00041275 0.00040843 0.00041093
shell0_X0_Y0_Z0_mono0_fix1/shell1_X-1_Y0_Z-1_mono0_fix1/shell1_X-1_Y1_Z-1_mono0_fix1//test20tig_AVDZ// DONE 8.487159055786023 10.335202333258081 6.141085043291241 24.963446432335346 12	0.00026873 0.00021442 0.00040391 -0.00006053 -0.00007466 -0.00005208 -0.00006513
shell0_X0_Y0_Z0_mono0_fix1/shell1_X-1_Y1_Z-1_mono0_fix1/shell1_X0_Y1_Z-1_mono0_fix1//test20tig_AVDZ// DONE 10.335202333258081 8.34327286060742 6.357429267555808 25.03590446142131 12	0.00038629 0.00041182 0.00054303 0.00007356 -0.00023031 -0.00014110 -0.00019268
shell0_X0_Y0_Z0_mono0_fix1/shell1_X-1_Y0_Z-1_mono0_fix1/shell1_X0_Y0_Z-1_mono2_fix1//test20tig_AVDZ// DONE 8.487159055786023 9.05722213145863 7.501411619895282 25.045792807139936 4	0.00048696 0.00048506 0.00060793 -0.00003245 -0.00008852 -0.00012604 -0.00010435
shell0_X0_Y0_Z0_mono0_fix1/shell1_X0_Y0_Z-1_mono2_fix1/shell1_X1_Y0_Z0_mono2_fix1//test20tig_AVDZ// DONE 9.05722213145863 7.501411619895282 8.487159167070894 25.04579291842481 2	0.00044517 0.00048506 0.00056908 0.00000939 -0.00013331 -0.00010629 -0.00012191
shell0_X0_Y0_Z0_mono0_fix1/shell1_X0_Y1_Z-1_mono2_fix1/shell1_X1_Y0_Z-1_mono0_fix1//test20tig_AVDZ// DONE 9.057222342191656 8.487159055786023 7.501411867012628 25.04579326499031 4	0.00045724 0.00048505 0.00058423 -0.00000631 -0.00012067 -0.00010964 -0.00011602
shell0_X0_Y0_Z0_mono0_fix1/shell1_X0_Y1_Z-1_mono2_fix1/shell1_X-1_Y1_Z0_mono2_fix1//test20tig_AVDZ// DONE 9.057222342191656 7.501411867012628 8.487159167070894 25.045793376275178 2	0.00048150 0.00048506 0.00059649 -0.00002002 -0.00009497 -0.00012909 -0.00010936
shell0_X0_Y0_Z0_mono0_fix1/shell1_X-1_Y-1_Z-1_mono0_fix1/shell1_X-1_Y0_Z-1_mono0_fix1//test20tig_AVDZ// DONE 10.43816662971961 8.487159055786023 6.141085043291241 25.066410728796875 12	0.00004799 0.00007529 0.00000494 0.00000012 0.00004293 0.00002470 0.00003524
shell0_X0_Y0_Z0_mono0_fix1/shell1_X-1_Y-1_Z-1_mono0_fix1/shell1_X0_Y0_Z-1_mono0_fix1//test20tig_AVDZ// DONE 10.43816662971961 5.849414294420457 8.821829156691244 25.10941008083131 12	-0.00023224 -0.00028871 -0.00041612 0.00002526 0.00015862 0.00016634 0.00016188
shell0_X0_Y0_Z0_mono0_fix1/shell1_X-1_Y-1_Z-1_mono0_fix1/shell1_X0_Y-1_Z-1_mono0_fix1//test20tig_AVDZ// DONE 10.43816662971961 8.34327286060742 6.357429267555808 25.13886875788284 12	-0.00027603 -0.00025315 -0.00042566 0.00002975 0.00011988 0.00015080 0.00013292
shell0_X0_Y0_Z0_mono0_fix1/shell1_X0_Y0_Z-1_mono0_fix1/shell1_X0_Y0_Z1_mono1_fix1//test20tig_AVDZ// DONE 5.849414294420457 7.239439282042159 12.087810429752329 25.176664006214946 8	-0.00077861 -0.00075070 -0.00105689 0.00005200 0.00022627 0.00028925 0.00025284
shell0_X0_Y0_Z0_mono0_fix1/shell1_X0_Y0_Z-1_mono1_fix1/shell2_X0_Y0_Z-2_mono1_fix1//test20tig_AVDZ// DONE 7.2394392820421585 12.087810429752329 5.849414412295252 25.17666412408974 4	0.00063894 0.00066698 0.00104975 -0.00005148 -0.00035933 -0.00037865 -0.00036748
shell0_X0_Y0_Z0_mono0_fix1/shell1_X0_Y0_Z-1_mono0_fix1/shell2_X1_Y0_Z-2_mono1_fix1//test20tig_AVDZ// DONE 5.849414294420457 12.08781055914772 7.239439500644278 25.176664354212452 4	0.00063337 0.00066697 0.00104029 -0.00004389 -0.00036303 -0.00037804 -0.00036936
shell0_X0_Y0_Z0_mono0_fix1/shell1_X0_Y0_Z-1_mono0_fix1/shell1_X0_Y1_Z1_mono1_fix1//test20tig_AVDZ// DONE 5.849414294420457 7.239439558657251 12.087810591547129 25.176664444624837 4	0.00065079 0.00066699 0.00105306 -0.00006059 -0.00034168 -0.00038309 -0.00035915
shell0_X0_Y0_Z0_mono0_fix1/shell1_X1_Y0_Z-1_mono1_fix1/shell2_X1_Y0_Z-2_mono1_fix1//test20tig_AVDZ// DONE 7.239439500644278 12.08781055914772 5.849414412295252 25.176664472087246 2	-0.00076428 -0.00075069 -0.00104509 0.00003960 0.00024121 0.00028037 0.00025773
shell0_X0_Y0_Z0_mono0_fix1/shell1_X0_Y1_Z-1_mono1_fix1/shell2_X0_Y1_Z-2_mono1_fix1//test20tig_AVDZ// DONE 7.239439558657251 12.087810591547129 5.849414412295252 25.17666456249963 2	-0.00077482 -0.00075070 -0.00105340 0.00004744 0.00023114 0.00028804 0.00025515
shell0_X0_Y0_Z0_mono0_fix1/shell1_X0_Y0_Z-1_mono2_fix1/shell1_X1_Y0_Z-1_mono0_fix1//test20tig_AVDZ// DONE 9.05722213145863 8.487159055786023 7.633408800312303 25.177789987556956 4	-0.00014478 -0.00023402 -0.00025725 -0.00006365 0.00017612 0.00014229 0.00016185
shell0_X0_Y0_Z0_mono0_fix1/shell1_X0_Y0_Z-1_mono2_fix1/shell1_X-1_Y0_Z0_mono2_fix1//test20tig_AVDZ// DONE 9.05722213145863 7.633408800312303 8.487159167070894 25.177790098841825 2	-0.00016946 -0.00023401 -0.00028341 -0.00003489 0.00014884 0.00015278 0.00015050
shell0_X0_Y0_Z0_mono0_fix1/shell1_X-1_Y0_Z-1_mono0_fix1/shell1_X0_Y1_Z-1_mono2_fix1//test20tig_AVDZ// DONE 8.487159055786023 9.057222342191656 7.633409059299531 25.17779045727721 4	-0.00023137 -0.00023402 -0.00037531 0.00006473 0.00007921 0.00014259 0.00010595
shell0_X0_Y0_Z0_mono0_fix1/shell1_X0_Y1_Z-1_mono2_fix1/shell1_X1_Y1_Z0_mono2_fix1//test20tig_AVDZ// DONE 9.057222342191656 7.633409059299531 8.487159167070894 25.17779056856208 2	-0.00016986 -0.00023402 -0.00029736 -0.00001959 0.00014709 0.00013932 0.00014381
shell0_X0_Y0_Z0_mono0_fix1/shell1_X-1_Y0_Z0_mono0_fix1/shell1_X1_Y0_Z0_mono0_fix1//test20tig_AVDZ// DONE 6.357429267555808 6.357429267555808 12.473424418076704 25.18828295318832 3	0.00118067 0.00140021 0.00186232 -0.00008821 -0.00059345 -0.00070035 -0.00063855
shell0_X0_Y0_Z0_mono0_fix1/shell1_X0_Y-1_Z-1_mono0_fix1/shell1_X0_Y-1_Z0_mono1_fix1//test20tig_AVDZ// DONE 8.34327286060742 9.622703379953736 7.239439282042159 25.205415522603314 4	0.00021189 0.00016917 0.00020751 0.00000897 -0.00000459 0.00000289 -0.00000144
shell0_X0_Y0_Z0_mono0_fix1/shell1_X0_Y0_Z-1_mono1_fix1/shell1_X0_Y-1_Z0_mono1_fix1//test20tig_AVDZ// DONE 7.2394392820421585 9.622703379953736 8.343272892091754 25.205415554087647 2	0.00069240 0.00068164 0.00092059 -0.00004933 -0.00017886 -0.00021266 -0.00019312
shell0_X0_Y0_Z0_mono0_fix1/shell1_X0_Y1_Z-1_mono0_fix1/shell1_X1_Y0_Z-1_mono1_fix1//test20tig_AVDZ// DONE 8.34327286060742 7.239439500644278 9.622703562727217 25.205415923978915 4	0.00069859 0.00068164 0.00092774 -0.00005726 -0.00017189 -0.00021312 -0.00018929
shell0_X0_Y0_Z0_mono0_fix1/shell1_X1_Y0_Z-1_mono1_fix1/shell1_X1_Y-1_Z0_mono1_fix1//test20tig_AVDZ// DONE 7.239439500644278 9.622703562727217 8.343272892091754 25.20541595546325 2	0.00022287 0.00016916 0.00022889 -0.00001083 0.00000482 0.00000273 0.00000394
shell0_X0_Y0_Z0_mono0_fix1/shell1_X0_Y-1_Z-1_mono0_fix1/shell1_X0_Y1_Z-1_mono1_fix1//test20tig_AVDZ// DONE 8.34327286060742 7.239439558657251 9.622704000650778 25.20541641991545 4	0.00068690 0.00068164 0.00091358 -0.00004190 -0.00018479 -0.00020919 -0.00019508
shell0_X0_Y0_Z0_mono0_fix1/shell1_X0_Y1_Z-1_mono1_fix1/shell2_X0_Y2_Z0_mono1_fix1//test20tig_AVDZ// DONE 7.239439558657251 9.622704000650778 8.343272892091754 25.205416451399785 2	0.00023793 0.00016917 0.00025078 -0.00003252 0.00001967 0.00000286 0.00001258
shell0_X0_Y0_Z0_mono0_fix1/shell1_X0_Y-1_Z-1_mono0_fix1/shell1_X1_Y1_Z-1_mono1_fix1//test20tig_AVDZ// DONE 8.34327286060742 7.239439752791947 9.62270415146066 25.205416764860026 4	0.00022782 0.00016916 0.00023642 -0.00001829 0.00000969 0.00000501 0.00000772
shell0_X0_Y0_Z0_mono0_fix1/shell1_X1_Y1_Z-1_mono1_fix1/shell2_X1_Y2_Z0_mono1_fix1//test20tig_AVDZ// DONE 7.239439752791947 9.62270415146066 8.343272892091754 25.20541679634436 2	0.00069772 0.00068164 0.00092919 -0.00005912 -0.00017236 -0.00020885 -0.00018776
shell0_X0_Y0_Z0_mono0_fix1/shell1_X-1_Y-1_Z0_mono2_fix1/shell1_X0_Y-1_Z0_mono0_fix1//test20tig_AVDZ// DONE 11.435515355585895 6.14108504329124 7.633408800312303 25.21000919918944 4	-0.00077794 -0.00075337 -0.00103454 0.00007401 0.00018259 0.00027861 0.00022310
shell0_X0_Y0_Z0_mono0_fix1/shell1_X-1_Y-1_Z0_mono2_fix1/shell1_X-1_Y0_Z0_mono2_fix1//test20tig_AVDZ// DONE 11.435515355585895 7.633408800312303 6.141085058035455 25.210009213933652 2	-0.00079387 -0.00075336 -0.00105334 0.00009427 0.00016519 0.00028227 0.00021459
shell0_X0_Y0_Z0_mono0_fix1/shell1_X1_Y1_Z0_mono2_fix1/shell1_X0_Y-1_Z0_mono0_fix1//test20tig_AVDZ// DONE 7.633409059299531 6.14108504329124 11.435515861312147 25.21000996390292 4	-0.00077486 -0.00075337 -0.00103758 0.00007625 0.00018647 0.00027849 0.00022529
shell0_X0_Y0_Z0_mono0_fix1/shell1_X1_Y1_Z0_mono2_fix1/shell2_X1_Y2_Z0_mono2_fix1//test20tig_AVDZ// DONE 7.633409059299531 11.435515861312147 6.141085058035455 25.210009978647133 2	-0.00076262 -0.00075336 -0.00102044 0.00005640 0.00020142 0.00027540 0.00023263
shell0_X0_Y0_Z0_mono0_fix1/shell2_X-1_Y2_Z0_mono3_fix1/shell2_X0_Y2_Z0_mono3_fix1//test20tig_AVDZ// DONE 11.502609029793193 7.441595701055088 6.357429264530413 25.301633995378694 4	0.00110739 0.00119551 0.00151498 -0.00005656 -0.00035103 -0.00042957 -0.00038417
shell0_X0_Y0_Z0_mono0_fix1/shell1_X-1_Y0_Z0_mono0_fix1/shell2_X-1_Y2_Z0_mono3_fix1//test20tig_AVDZ// DONE 6.357429267555808 11.502609029793193 7.441595701055088 25.30163399840409 8	0.00063770 0.00073400 0.00092225 0.00000966 -0.00029422 -0.00029632 -0.00029510
shell0_X0_Y0_Z0_mono0_fix1/shell0_X0_Y0_Z0_mono3_fix1/shell1_X-1_Y0_Z0_mono3_fix1//test20tig_AVDZ// DONE 7.441595710913052 11.502609040752764 6.357429264530413 25.30163401619623 4	0.00062079 0.00073401 0.00090961 0.00002403 -0.00031285 -0.00028669 -0.00030181
shell0_X0_Y0_Z0_mono0_fix1/shell0_X0_Y0_Z0_mono3_fix1/shell1_X1_Y0_Z0_mono0_fix1//test20tig_AVDZ// DONE 7.441595710913052 6.357429267555808 11.502609040752764 25.301634019221623 8	0.00109259 0.00119551 0.00151501 -0.00005594 -0.00036647 -0.00041236 -0.00038583
shell0_X0_Y0_Z0_mono0_fix1/shell1_X-1_Y1_Z1_mono3_fix1/shell1_X-1_Y1_Z0_mono3_fix1//test20tig_AVDZ// DONE 9.808964124188245 9.808964123986634 5.849414259311995 25.467342507486872 2	0.00005228 -0.00003778 0.00001930 -0.00003878 0.00007176 0.00005317 0.00006392
shell0_X0_Y0_Z0_mono0_fix1/shell1_X0_Y0_Z-1_mono0_fix1/shell1_X-1_Y1_Z0_mono3_fix1//test20tig_AVDZ// DONE 5.849414294420457 9.808964123986634 9.808964124188245 25.467342542595336 4	0.00005028 -0.00003778 -0.00000011 -0.00001783 0.00006821 0.00003780 0.00005538
shell0_X0_Y0_Z0_mono0_fix1/shell1_X-1_Y0_Z-1_mono0_fix1/shell1_X0_Y-1_Z-1_mono0_fix1//test20tig_AVDZ// DONE 8.487159055786023 8.34327286060742 8.644867251306648 25.475299167700094 12	0.00122077 0.00127991 0.00158679 -0.00000149 -0.00036453 -0.00036375 -0.00036420
shell0_X0_Y0_Z0_mono0_fix1/shell1_X-1_Y0_Z-1_mono0_fix1/shell1_X-1_Y0_Z0_mono1_fix1//test20tig_AVDZ// DONE 8.487159055786023 9.866507372310462 7.239439282042159 25.593105710138644 4	0.00010692 0.00006061 0.00010179 -0.00003367 0.00003880 0.00004688 0.00004221
shell0_X0_Y0_Z0_mono0_fix1/shell1_X0_Y0_Z-1_mono1_fix1/shell1_X-1_Y0_Z0_mono1_fix1//test20tig_AVDZ// DONE 7.2394392820421585 9.866507372310462 8.487159154940175 25.593105809292794 2	0.00029929 0.00030864 0.00038719 0.00001593 -0.00010383 -0.00008442 -0.00009564
shell0_X0_Y0_Z0_mono0_fix1/shell1_X-1_Y0_Z-1_mono0_fix1/shell1_X-1_Y1_Z0_mono1_fix1//test20tig_AVDZ// DONE 8.487159055786023 9.866507581504809 7.239439558657251 25.59310619594808 4	0.00030287 0.00030865 0.00040276 -0.00000078 -0.00009910 -0.00007338 -0.00008825
shell0_X0_Y0_Z0_mono0_fix1/shell1_X0_Y1_Z-1_mono1_fix1/shell1_X-1_Y1_Z0_mono1_fix1//test20tig_AVDZ// DONE 7.239439558657251 9.866507581504809 8.487159154940175 25.59310629510223 2	0.00013797 0.00006061 0.00013284 -0.00006756 0.00007270 0.00004213 0.00005980
shell0_X0_Y0_Z0_mono0_fix1/shell1_X-1_Y0_Z-1_mono0_fix1/shell1_X1_Y0_Z-1_mono1_fix1//test20tig_AVDZ// DONE 8.487159055786023 7.239439500644278 9.866507859478094 25.593106415908395 4	0.00031334 0.00030864 0.00040778 -0.00000605 -0.00008838 -0.00008457 -0.00008677
shell0_X0_Y0_Z0_mono0_fix1/shell1_X1_Y0_Z-1_mono1_fix1/shell2_X2_Y0_Z0_mono1_fix1//test20tig_AVDZ// DONE 7.239439500644278 9.866507859478094 8.487159154940175 25.593106515062544 2	0.00010658 0.00006061 0.00010026 -0.00003241 0.00003874 0.00004727 0.00004234
shell0_X0_Y0_Z0_mono0_fix1/shell1_X-1_Y0_Z-1_mono0_fix1/shell1_X1_Y1_Z-1_mono1_fix1//test20tig_AVDZ// DONE 8.487159055786023 7.239439752791947 9.866508036508737 25.59310684508671 4	0.00011346 0.00006061 0.00011144 -0.00004405 0.00004607 0.00005127 0.00004826
shell0_X0_Y0_Z0_mono0_fix1/shell1_X1_Y1_Z-1_mono1_fix1/shell2_X2_Y1_Z0_mono1_fix1//test20tig_AVDZ// DONE 7.239439752791947 9.866508036508737 8.487159154940175 25.59310694424086 2	0.00031325 0.00030864 0.00040889 -0.00000716 -0.00008849 -0.00008152 -0.00008555
shell0_X0_Y0_Z0_mono0_fix1/shell1_X-1_Y0_Z0_mono0_fix1/shell1_X0_Y-1_Z0_mono1_fix1//test20tig_AVDZ// DONE 6.357429267555808 9.622703379953736 9.622703562727217 25.60283621023676 2	-0.00072374 -0.00084644 -0.00103948 -0.00000476 0.00032051 0.00034320 0.00033008
shell0_X0_Y0_Z0_mono0_fix1/shell1_X1_Y-1_Z0_mono1_fix1/shell1_X0_Y-1_Z0_mono1_fix1//test20tig_AVDZ// DONE 9.622703562727217 9.622703379953736 6.357429417783243 25.602836360464195 1	-0.00068568 -0.00084644 -0.00100321 -0.00004745 0.00036498 0.00034212 0.00035534
shell0_X0_Y0_Z0_mono0_fix1/shell1_X-1_Y0_Z0_mono0_fix1/shell2_X0_Y2_Z0_mono1_fix1//test20tig_AVDZ// DONE 6.357429267555808 9.622704000650778 9.62270415146066 25.602837419667246 2	-0.00067906 -0.00084643 -0.00099168 -0.00005905 0.00037168 0.00034035 0.00035846
shell0_X0_Y0_Z0_mono0_fix1/shell2_X0_Y2_Z0_mono1_fix1/shell2_X1_Y2_Z0_mono1_fix1//test20tig_AVDZ// DONE 9.622704000650778 9.62270415146066 6.357429417783243 25.60283756989468 1	-0.00069332 -0.00084644 -0.00101716 -0.00003250 0.00035634 0.00033878 0.00034893
shell0_X0_Y0_Z0_mono0_fix1/shell0_X0_Y0_Z0_mono3_fix1/shell1_X1_Y0_Z1_mono1_fix1//test20tig_AVDZ// DONE 7.441595710913052 7.239439500644279 10.938276818547493 25.619312030104822 2	-0.00032282 -0.00031324 -0.00047279 0.00011406 0.00003592 0.00013202 0.00007646
shell0_X0_Y0_Z0_mono0_fix1/shell1_X-1_Y1_Z-1_mono2_fix1/shell2_X0_Y2_Z0_mono3_fix1//test20tig_AVDZ// DONE 10.938276828330801 7.441595701055088 7.239439508500856 25.619312037886743 2	-0.00022384 -0.00031324 -0.00034775 -0.00002148 0.00014539 0.00012347 0.00013614
shell0_X0_Y0_Z0_mono0_fix1/shell1_X-1_Y1_Z-1_mono2_fix1/shell1_X0_Y0_Z-1_mono1_fix1//test20tig_AVDZ// DONE 10.938276828330801 7.2394392820421585 7.441595958121554 25.619312068494512 2	-0.00022821 -0.00031324 -0.00033893 -0.00002903 0.00013975 0.00013239 0.00013664
shell0_X0_Y0_Z0_mono0_fix1/shell1_X1_Y0_Z-1_mono2_fix1/shell1_X1_Y0_Z0_mono3_fix1//test20tig_AVDZ// DONE 10.938276656130684 7.441595913886067 7.239439563722079 25.61931213373883 2	-0.00023243 -0.00031324 -0.00035742 -0.00001107 0.00013607 0.00012405 0.00013099
shell0_X0_Y0_Z0_mono0_fix1/shell1_X0_Y1_Z1_mono1_fix1/shell2_X1_Y2_Z0_mono3_fix1//test20tig_AVDZ// DONE 7.239439558657251 7.441595929046747 10.938276646347376 25.619312134051373 2	-0.00023184 -0.00031324 -0.00034608 -0.00002157 0.00013581 0.00013073 0.00013367
shell0_X0_Y0_Z0_mono0_fix1/shell1_X1_Y0_Z-1_mono2_fix1/shell1_X1_Y1_Z-1_mono1_fix1//test20tig_AVDZ// DONE 10.938276656130684 7.239439752791947 7.4415957489610856 25.619312157883716 2	-0.00022626 -0.00031324 -0.00034067 -0.00002735 0.00014177 0.00012930 0.00013651
shell0_X0_Y0_Z0_mono0_fix1/shell1_X1_Y0_Z-1_mono3_fix1/shell1_X1_Y0_Z0_mono2_fix1//test20tig_AVDZ// DONE 10.880868078478514 7.501411619895282 7.239439563722077 25.621719262095873 4	0.00069572 0.00076477 0.00095608 -0.00004678 -0.00021358 -0.00021307 -0.00021337
shell0_X0_Y0_Z0_mono0_fix1/shell1_X0_Y1_Z-1_mono1_fix1/shell2_X1_Y2_Z-1_mono3_fix1//test20tig_AVDZ// DONE 7.239439558657251 10.880868083630029 7.501411621956955 25.621719264244234 4	0.00068270 0.00076477 0.00092173 -0.00001027 -0.00022877 -0.00022790 -0.00022840
shell0_X0_Y0_Z0_mono0_fix1/shell1_X0_Y0_Z1_mono1_fix1/shell1_X-1_Y1_Z0_mono2_fix1//test20tig_AVDZ// DONE 7.239439282042159 7.501411867012628 10.880868139575282 25.621719288630068 4	0.00069028 0.00076478 0.00094760 -0.00003794 -0.00021938 -0.00021383 -0.00021704
shell0_X0_Y0_Z0_mono0_fix1/shell1_X-1_Y0_Z-1_mono0_fix1/shell1_X0_Y1_Z-1_mono0_fix1//test20tig_AVDZ// DONE 8.487159055786023 8.34327286060742 8.821829156691244 25.652261073084688 12	-0.00013225 -0.00015055 -0.00022191 0.00002156 0.00006809 0.00009966 0.00008141
shell0_X0_Y0_Z0_mono0_fix1/shell1_X0_Y0_Z1_mono1_fix1/shell1_X1_Y0_Z0_mono3_fix1//test20tig_AVDZ// DONE 7.239439282042159 7.441595913886067 10.98134847444212 25.662383670370346 2	-0.00040308 -0.00045637 -0.00059340 -0.00000664 0.00019695 0.00017449 0.00018747
shell0_X0_Y0_Z0_mono0_fix1/shell1_X1_Y1_Z-1_mono2_fix1/shell2_X1_Y2_Z0_mono3_fix1//test20tig_AVDZ// DONE 10.981348491203732 7.441595929046747 7.239439276977334 25.662383697227817 2	-0.00042422 -0.00045637 -0.00060741 0.00000887 0.00017431 0.00018873 0.00018039
shell0_X0_Y0_Z0_mono0_fix1/shell1_X1_Y1_Z1_mono1_fix1/shell2_X0_Y2_Z0_mono3_fix1//test20tig_AVDZ// DONE 7.239439752791949 7.441595701055088 10.98134829672238 25.66238375056942 2	-0.00040921 -0.00045637 -0.00059438 -0.00000653 0.00019170 0.00018391 0.00018842
shell0_X0_Y0_Z0_mono0_fix1/shell1_X1_Y0_Z-1_mono1_fix1/shell1_X1_Y1_Z-1_mono2_fix1//test20tig_AVDZ// DONE 7.239439500644278 10.981348491203732 7.441595758819045 25.662383750667054 2	-0.00041548 -0.00045637 -0.00059022 -0.00000985 0.00018460 0.00019404 0.00018858
shell0_X0_Y0_Z0_mono0_fix1/shell0_X0_Y0_Z0_mono3_fix1/shell1_X-1_Y0_Z-1_mono2_fix1//test20tig_AVDZ// DONE 7.441595710913052 10.981348313483988 7.239439744935367 25.662383769332408 2	-0.00040507 -0.00045637 -0.00059205 -0.00000742 0.00019441 0.00017700 0.00018707
shell0_X0_Y0_Z0_mono0_fix1/shell1_X-1_Y0_Z-1_mono2_fix1/shell1_X0_Y1_Z-1_mono1_fix1//test20tig_AVDZ// DONE 10.981348313483988 7.239439558657251 7.44159597328223 25.662383845423467 2	-0.00041607 -0.00045637 -0.00060646 0.00000719 0.00018320 0.00018010 0.00018189
shell0_X0_Y0_Z0_mono0_fix1/shell1_X0_Y0_Z-1_mono1_fix1/shell1_X1_Y0_Z-1_mono3_fix1//test20tig_AVDZ// DONE 7.2394392820421585 10.880868078478514 7.633409038991829 25.753716399512502 4	-0.00014050 -0.00015195 -0.00020575 0.00000050 0.00006475 0.00010703 0.00008259
shell0_X0_Y0_Z0_mono0_fix1/shell1_X1_Y1_Z0_mono2_fix1/shell2_X1_Y2_Z-1_mono3_fix1//test20tig_AVDZ// DONE 7.633409059299531 10.880868083630029 7.239439276977334 25.753716419906894 4	-0.00012860 -0.00015192 -0.00020021 -0.00000587 0.00007748 0.00009850 0.00008635
shell0_X0_Y0_Z0_mono0_fix1/shell1_X0_Y1_Z1_mono1_fix1/shell1_X-1_Y0_Z0_mono2_fix1//test20tig_AVDZ// DONE 7.239439558657251 7.633408800312303 10.880868144726799 25.753716503696353 4	-0.00012038 -0.00015194 -0.00020356 -0.00000145 0.00008464 0.00008080 0.00008302
shell0_X0_Y0_Z0_mono0_fix1/shell1_X0_Y0_Z-1_mono1_fix1/shell2_X0_Y0_Z-2_mono0_fix1//test20tig_AVDZ// DONE 7.2394392820421585 11.29705896538643 7.239439282042159 25.77593752947075 2	0.00012983 0.00018265 0.00015636 0.00006438 -0.00009092 -0.00003403 -0.00006692
shell0_X0_Y0_Z0_mono0_fix1/shell1_X0_Y0_Z-1_mono1_fix1/shell1_X0_Y0_Z1_mono1_fix1//test20tig_AVDZ// DONE 7.2394392820421585 7.239439282042159 11.297059029207528 25.775937593291847 1	-0.00031676 -0.00028229 -0.00046770 0.00005574 0.00009519 0.00013236 0.00011087
shell0_X0_Y0_Z0_mono0_fix1/shell1_X1_Y0_Z1_mono1_fix1/shell2_X0_Y0_Z2_mono0_fix1//test20tig_AVDZ// DONE 7.239439500644279 11.29705896538643 7.239439500644278 25.775937966674984 2	-0.00030060 -0.00028229 -0.00045591 0.00004400 0.00011130 0.00012183 0.00011574
shell0_X0_Y0_Z0_mono0_fix1/shell1_X1_Y0_Z-1_mono1_fix1/shell1_X1_Y0_Z1_mono1_fix1//test20tig_AVDZ// DONE 7.239439500644278 7.239439500644279 11.297059029207528 25.775938030496086 1	0.00017596 0.00018264 0.00022391 -0.00000504 -0.00004291 -0.00003300 -0.00003873
shell0_X0_Y0_Z0_mono0_fix1/shell1_X0_Y1_Z-1_mono1_fix1/shell2_X0_Y0_Z-2_mono0_fix1//test20tig_AVDZ// DONE 7.239439558657251 11.29705896538643 7.239439558657251 25.775938082700932 2	-0.00030626 -0.00028228 -0.00046401 0.00005280 0.00010494 0.00011987 0.00011124
shell0_X0_Y0_Z0_mono0_fix1/shell1_X0_Y1_Z-1_mono1_fix1/shell1_X0_Y1_Z1_mono1_fix1//test20tig_AVDZ// DONE 7.239439558657251 7.239439558657251 11.297059029207528 25.77593814652203 1	0.00017878 0.00018265 0.00023173 -0.00001300 -0.00003995 -0.00002839 -0.00003507
shell0_X0_Y0_Z0_mono0_fix1/shell1_X1_Y1_Z1_mono1_fix1/shell2_X0_Y0_Z2_mono0_fix1//test20tig_AVDZ// DONE 7.239439752791949 11.29705896538643 7.239439752791947 25.775938470970324 2	0.00017676 0.00018263 0.00021774 0.00000037 -0.00004135 -0.00003630 -0.00003922
shell0_X0_Y0_Z0_mono0_fix1/shell1_X1_Y1_Z-1_mono1_fix1/shell1_X1_Y1_Z1_mono1_fix1//test20tig_AVDZ// DONE 7.239439752791947 7.239439752791949 11.297059029207528 25.775938534791422 1	-0.00031306 -0.00028228 -0.00046981 0.00005795 0.00009880 0.00012577 0.00011018
shell0_X0_Y0_Z0_mono0_fix1/shell1_X1_Y-1_Z0_mono0_fix1/shell1_X0_Y-1_Z0_mono2_fix1//test20tig_AVDZ// DONE 8.644867251306648 9.535100747487162 7.633408800312303 25.813376799106113 4	0.00087543 0.00085689 0.00113419 -0.00006451 -0.00019424 -0.00024859 -0.00021717
shell0_X0_Y0_Z0_mono0_fix1/shell1_X-1_Y0_Z0_mono2_fix1/shell1_X0_Y-1_Z0_mono2_fix1//test20tig_AVDZ// DONE 7.633408800312303 9.535100747487162 8.644867263827603 25.81337681162707 2	0.00087792 0.00085689 0.00114577 -0.00007505 -0.00019280 -0.00024706 -0.00021569
shell0_X0_Y0_Z0_mono0_fix1/shell1_X-1_Y1_Z0_mono0_fix1/shell2_X0_Y2_Z0_mono2_fix1//test20tig_AVDZ// DONE 8.644867251306648 9.5351013545578 7.633409059299531 25.813377665163976 4	0.00086673 0.00085689 0.00113134 -0.00006258 -0.00020202 -0.00023824 -0.00021730
shell0_X0_Y0_Z0_mono0_fix1/shell1_X1_Y1_Z0_mono2_fix1/shell2_X0_Y2_Z0_mono2_fix1//test20tig_AVDZ// DONE 7.633409059299531 9.5351013545578 8.644867263827603 25.813377677684933 2	0.00085551 0.00085689 0.00111699 -0.00004240 -0.00021908 -0.00025084 -0.00023248
shell0_X0_Y0_Z0_mono0_fix1/shell1_X1_Y0_Z0_mono2_fix1/shell1_X1_Y1_Z0_mono0_fix1//test20tig_AVDZ// DONE 7.501411619895282 8.821829156691244 9.535100747487162 25.858341524073687 4	0.00042386 0.00042733 0.00057304 -0.00005916 -0.00009002 -0.00008656 -0.00008856
shell0_X0_Y0_Z0_mono0_fix1/shell1_X1_Y0_Z0_mono2_fix1/shell1_X0_Y-1_Z0_mono2_fix1//test20tig_AVDZ// DONE 7.501411619895282 9.535100747487162 8.821829254418137 25.85834162180058 2	0.00042136 0.00042733 0.00056095 -0.00004348 -0.00009612 -0.00009711 -0.00009654
shell0_X0_Y0_Z0_mono0_fix1/shell1_X-1_Y-1_Z0_mono0_fix1/shell1_X-1_Y1_Z0_mono2_fix1//test20tig_AVDZ// DONE 8.821829156691244 7.501411867012628 9.5351013545578 25.85834237826167 4	0.00042296 0.00042733 0.00055986 -0.00004259 -0.00009431 -0.00009841 -0.00009604
shell0_X0_Y0_Z0_mono0_fix1/shell1_X-1_Y1_Z0_mono2_fix1/shell2_X0_Y2_Z0_mono2_fix1//test20tig_AVDZ// DONE 7.501411867012628 9.5351013545578 8.821829254418137 25.858342475988565 2	0.00042702 0.00042733 0.00057324 -0.00005825 -0.00008797 -0.00009160 -0.00008950
shell0_X0_Y0_Z0_mono0_fix1/shell1_X-1_Y0_Z0_mono1_fix1/shell1_X-1_Y1_Z0_mono1_fix1//test20tig_AVDZ// DONE 9.866507372310462 9.866507581504809 6.141085020779474 25.874099974594746 2	-0.00065481 -0.00072216 -0.00094258 0.00004306 0.00024471 0.00028531 0.00026184
shell0_X0_Y0_Z0_mono0_fix1/shell1_X-1_Y0_Z0_mono1_fix1/shell1_X0_Y-1_Z0_mono0_fix1//test20tig_AVDZ// DONE 9.866507372310462 6.14108504329124 9.866507581504809 25.874099997106512 4	-0.00063674 -0.00072217 -0.00089596 -0.00000291 0.00026214 0.00029626 0.00027653
shell0_X0_Y0_Z0_mono0_fix1/shell1_X-1_Y1_Z0_mono3_fix1/shell2_X0_Y2_Z0_mono3_fix1//test20tig_AVDZ// DONE 9.808964123986634 7.441595701055088 8.644867254468636 25.89542707951036 4	-0.00044844 -0.00052594 -0.00065560 -0.00002228 0.00022944 0.00024668 0.00023671
shell0_X0_Y0_Z0_mono0_fix1/shell0_X0_Y0_Z0_mono3_fix1/shell1_X1_Y-1_Z0_mono0_fix1//test20tig_AVDZ// DONE 7.441595710913052 8.644867251306648 9.808964123986634 25.895427086206332 8	-0.00046100 -0.00052595 -0.00066940 -0.00000802 0.00021642 0.00025424 0.00023237
shell0_X0_Y0_Z0_mono0_fix1/shell1_X1_Y-1_Z1_mono2_fix1/shell1_X1_Y0_Z0_mono3_fix1//test20tig_AVDZ// DONE 11.315755743299297 7.441595913886067 7.239439276977334 25.996790934162696 2	-0.00048073 -0.00059230 -0.00067402 -0.00000267 0.00019596 0.00022532 0.00020834
shell0_X0_Y0_Z0_mono0_fix1/shell1_X0_Y0_Z-1_mono1_fix1/shell2_X1_Y2_Z0_mono3_fix1//test20tig_AVDZ// DONE 7.2394392820421585 7.441595929046747 11.315755739915751 25.996790951004655 2	-0.00046296 -0.00059230 -0.00065693 -0.00002303 0.00021701 0.00021900 0.00021785
shell0_X0_Y0_Z0_mono0_fix1/shell1_X1_Y-1_Z1_mono2_fix1/shell1_X1_Y0_Z1_mono1_fix1//test20tig_AVDZ// DONE 11.315755743299297 7.239439500644279 7.4415957489610856 25.99679099290466 2	-0.00044840 -0.00059230 -0.00063791 -0.00004161 0.00023112 0.00021919 0.00022609
shell0_X0_Y0_Z0_mono0_fix1/shell2_X-1_Y2_Z1_mono2_fix1/shell2_X0_Y2_Z0_mono3_fix1//test20tig_AVDZ// DONE 11.315756254766647 7.441595701055088 7.239439744935367 25.996791700757104 2	-0.00050871 -0.00059230 -0.00073207 0.00005495 0.00016841 0.00021916 0.00018982
shell0_X0_Y0_Z0_mono0_fix1/shell0_X0_Y0_Z0_mono3_fix1/shell1_X1_Y1_Z-1_mono1_fix1//test20tig_AVDZ// DONE 7.441595710913052 7.239439752791947 11.3157562513831 25.9967917150881 2	-0.00048129 -0.00059230 -0.00068284 0.00000574 0.00019580 0.00021915 0.00020565
shell0_X0_Y0_Z0_mono0_fix1/shell1_X0_Y1_Z1_mono1_fix1/shell2_X-1_Y2_Z1_mono2_fix1//test20tig_AVDZ// DONE 7.239439558657251 11.315756254766647 7.441595958121554 25.996791771545453 2	-0.00045788 -0.00059230 -0.00064511 -0.00003442 0.00022165 0.00022528 0.00022318
shell0_X0_Y0_Z0_mono0_fix1/shell0_X0_Y0_Z0_mono3_fix1/shell1_X-1_Y1_Z0_mono3_fix1//test20tig_AVDZ// DONE 7.441595710913052 9.808964123986634 8.821829130909677 26.072388965809363 4	-0.00003229 -0.00006276 -0.00006270 -0.00004568 0.00007609 0.00006421 0.00007108
shell0_X0_Y0_Z0_mono0_fix1/shell1_X-1_Y-1_Z0_mono0_fix1/shell1_X-1_Y1_Z0_mono3_fix1//test20tig_AVDZ// DONE 8.821829156691244 9.808964123986634 7.441595701055088 26.072388981732967 8	-0.00008814 -0.00006277 -0.00014544 0.00004306 0.00001424 0.00005908 0.00003316
shell0_X0_Y0_Z0_mono0_fix1/shell1_X1_Y-1_Z-1_mono1_fix1/shell1_X1_Y0_Z0_mono2_fix1//test20tig_AVDZ// DONE 11.14371391223659 7.501411619895282 7.441595759088763 26.086721291220634 2	0.00045083 0.00046435 0.00061878 -0.00007612 -0.00009183 -0.00014270 -0.00011329
shell0_X0_Y0_Z0_mono0_fix1/shell1_X0_Y-1_Z1_mono1_fix1/shell1_X1_Y0_Z1_mono3_fix1//test20tig_AVDZ// DONE 11.143713760649016 7.441595914155785 7.501411621956955 26.086721296761755 2	0.00041611 0.00046438 0.00059127 -0.00004469 -0.00013047 -0.00012488 -0.00012811
shell0_X0_Y0_Z0_mono0_fix1/shell1_X1_Y0_Z0_mono2_fix1/shell2_X1_Y2_Z1_mono3_fix1//test20tig_AVDZ// DONE 7.501411619895282 7.441595929316464 11.143713757167339 26.086721306379083 2	0.00038422 0.00046437 0.00054470 0.00000632 -0.00016680 -0.00012833 -0.00015057
shell0_X0_Y0_Z0_mono0_fix1/shell2_X0_Y2_Z1_mono3_fix1/shell2_X1_Y2_Z1_mono1_fix1//test20tig_AVDZ// DONE 7.441595701324806 11.14371442226508 7.501411869074303 26.086721992664188 2	0.00040866 0.00046439 0.00057615 -0.00003036 -0.00013714 -0.00012689 -0.00013282
shell0_X0_Y0_Z0_mono0_fix1/shell1_X0_Y0_Z1_mono3_fix1/shell1_X-1_Y1_Z0_mono2_fix1//test20tig_AVDZ// DONE 7.441595711182771 7.501411867012628 11.14371441495649 26.08672199315189 2	0.00041464 0.00046436 0.00057322 -0.00002502 -0.00013356 -0.00014071 -0.00013658
shell0_X0_Y0_Z0_mono0_fix1/shell1_X-1_Y1_Z0_mono2_fix1/shell2_X0_Y2_Z-1_mono1_fix1//test20tig_AVDZ// DONE 7.501411867012628 11.143714291345113 7.44159597355195 26.08672213190969 2	0.00039463 0.00046438 0.00055805 -0.00000837 -0.00015505 -0.00012835 -0.00014379
shell0_X0_Y0_Z0_mono0_fix1/shell1_X0_Y1_Z-1_mono3_fix1/shell2_X0_Y2_Z-1_mono3_fix1//test20tig_AVDZ// DONE 9.090813705041763 10.880867938006702 6.141085006035259 26.11276664908372 4	-0.00011094 -0.00018389 -0.00020161 -0.00001800 0.00010868 0.00005356 0.00008543
shell0_X0_Y0_Z0_mono0_fix1/shell1_X0_Y0_Z-1_mono3_fix1/shell1_X0_Y1_Z-1_mono3_fix1//test20tig_AVDZ// DONE 10.88086794046102 9.090813705041763 6.141085006035259 26.112766651538042 4	0.00049402 0.00048901 0.00062720 -0.00006887 -0.00006431 -0.00014232 -0.00009722
shell0_X0_Y0_Z0_mono0_fix1/shell1_X0_Y1_Z-1_mono3_fix1/shell1_X0_Y-1_Z0_mono0_fix1//test20tig_AVDZ// DONE 9.090813705041763 6.14108504329124 10.880867938006704 26.112766686339704 8	0.00042277 0.00048901 0.00055081 0.00001757 -0.00014562 -0.00012639 -0.00013751
shell0_X0_Y0_Z0_mono0_fix1/shell1_X0_Y0_Z-1_mono3_fix1/shell1_X0_Y-1_Z0_mono0_fix1//test20tig_AVDZ// DONE 10.88086794046102 6.14108504329124 9.090813705041764 26.112766688794025 8	-0.00012329 -0.00018389 -0.00019792 -0.00002306 0.00009769 0.00007473 0.00008800
shell0_X0_Y0_Z0_mono0_fix1/shell1_X1_Y0_Z-1_mono1_fix1/shell2_X0_Y2_Z0_mono3_fix1//test20tig_AVDZ// DONE 7.239439500644278 7.441595701055088 11.435515333145988 26.116550534845352 2	0.00024404 0.00027580 0.00034531 0.00000271 -0.00010397 -0.00009510 -0.00010023
shell0_X0_Y0_Z0_mono0_fix1/shell0_X0_Y0_Z0_mono3_fix1/shell1_X-1_Y-1_Z1_mono2_fix1//test20tig_AVDZ// DONE 7.441595710913052 11.435515355756916 7.239439508500856 26.116550575170823 2	0.00023890 0.00027580 0.00033924 0.00000967 -0.00011001 -0.00009425 -0.00010336
shell0_X0_Y0_Z0_mono0_fix1/shell1_X-1_Y-1_Z1_mono2_fix1/shell1_X0_Y0_Z1_mono1_fix1//test20tig_AVDZ// DONE 11.435515355756916 7.239439282042159 7.44159597328223 26.116550611081305 2	0.00025022 0.00027579 0.00034946 0.00000055 -0.00009979 -0.00010499 -0.00010198
shell0_X0_Y0_Z0_mono0_fix1/shell1_X0_Y1_Z-1_mono1_fix1/shell1_X1_Y0_Z0_mono3_fix1//test20tig_AVDZ// DONE 7.239439558657251 7.441595913886067 11.435515838872243 26.116551311415563 2	0.00022927 0.00027580 0.00032019 0.00003078 -0.00012170 -0.00010269 -0.00011368
shell0_X0_Y0_Z0_mono0_fix1/shell2_X1_Y2_Z0_mono3_fix1/shell2_X1_Y2_Z1_mono2_fix1//test20tig_AVDZ// DONE 7.441595929046747 11.435515861483173 7.239439563722077 26.116551354251996 2	0.00023347 0.00027579 0.00032931 0.00002144 -0.00011729 -0.00010032 -0.00011013
shell0_X0_Y0_Z0_mono0_fix1/shell1_X1_Y1_Z1_mono1_fix1/shell2_X1_Y2_Z1_mono2_fix1//test20tig_AVDZ// DONE 7.239439752791949 11.435515861483173 7.441595758819045 26.116551373094165 2	0.00025436 0.00027580 0.00034374 0.00000511 -0.00009449 -0.00011561 -0.00010340
shell0_X0_Y0_Z0_mono0_fix1/shell0_X0_Y0_Z0_mono3_fix1/shell1_X1_Y-1_Z-1_mono1_fix1//test20tig_AVDZ// DONE 7.441595710913052 11.14371391223659 7.633408780261127 26.21871840341077 2	0.00019945 0.00021216 0.00023981 0.00001438 -0.00005474 -0.00005243 -0.00005377
shell0_X0_Y0_Z0_mono0_fix1/shell1_X-1_Y0_Z1_mono2_fix1/shell2_X0_Y2_Z0_mono3_fix1//test20tig_AVDZ// DONE 7.633408800568826 7.441595701055088 11.143713919545183 26.218718421169097 2	0.00020223 0.00021216 0.00025665 -0.00000380 -0.00005061 -0.00003544 -0.00004421
shell0_X0_Y0_Z0_mono0_fix1/shell1_X-1_Y0_Z1_mono2_fix1/shell1_X0_Y-1_Z1_mono1_fix1//test20tig_AVDZ// DONE 7.633408800568826 11.143713760649016 7.441595958121554 26.218718519339394 2	0.00021910 0.00021216 0.00027706 -0.00002479 -0.00003318 -0.00004050 -0.00003627
shell0_X0_Y0_Z0_mono0_fix1/shell1_X1_Y1_Z1_mono2_fix1/shell2_X1_Y2_Z1_mono1_fix1//test20tig_AVDZ// DONE 7.633409059556055 11.14371442226508 7.4415957489610856 26.21871923078222 2	0.00021953 0.00021216 0.00026905 -0.00001701 -0.00003251 -0.00004689 -0.00003857
shell0_X0_Y0_Z0_mono0_fix1/shell2_X0_Y2_Z-1_mono1_fix1/shell2_X1_Y2_Z0_mono3_fix1//test20tig_AVDZ// DONE 11.143714291345113 7.441595929046747 7.63340903924835 26.21871925964021 2	0.00019855 0.00021216 0.00024896 0.00000461 -0.00005502 -0.00003889 -0.00004821
shell0_X0_Y0_Z0_mono0_fix1/shell1_X1_Y1_Z1_mono2_fix1/shell1_X1_Y0_Z0_mono3_fix1//test20tig_AVDZ// DONE 7.633409059556055 7.441595913886067 11.143714294826792 26.218719268268913 2	0.00021945 0.00021216 0.00027701 -0.00002553 -0.00003203 -0.00004052 -0.00003561
shell0_X0_Y0_Z0_mono0_fix1/shell1_X-1_Y1_Z0_mono2_fix1/shell2_X-1_Y2_Z1_mono3_fix1//test20tig_AVDZ// DONE 7.501411867012628 11.502609029964711 7.239439276977334 26.243460173954674 4	0.00023330 0.00026087 0.00034627 -0.00000738 -0.00010559 -0.00008872 -0.00009847
shell0_X0_Y0_Z0_mono0_fix1/shell1_X-1_Y0_Z1_mono3_fix1/shell1_X0_Y0_Z1_mono1_fix1//test20tig_AVDZ// DONE 11.502609040924284 7.239439282042159 7.501411869074303 26.243460192040747 4	0.00028539 0.00026088 0.00042569 -0.00009177 -0.00004853 -0.00008163 -0.00006249
shell0_X0_Y0_Z0_mono0_fix1/shell1_X0_Y1_Z-1_mono1_fix1/shell1_X1_Y0_Z0_mono2_fix1//test20tig_AVDZ// DONE 7.239439558657251 7.501411619895282 11.50260908981811 26.24346026837064 4	0.00023271 0.00026088 0.00034608 -0.00000718 -0.00010619 -0.00008831 -0.00009865
shell0_X0_Y0_Z0_mono0_fix1/shell1_X-1_Y1_Z1_mono1_fix1/shell2_X0_Y2_Z1_mono3_fix1//test20tig_AVDZ// DONE 11.348866569053103 7.441595701324806 7.501411621956955 26.291873892334863 4	0.00076389 0.00090348 0.00097955 0.00003463 -0.00025029 -0.00023337 -0.00024315
shell0_X0_Y0_Z0_mono0_fix1/shell1_X0_Y0_Z1_mono3_fix1/shell1_X1_Y0_Z0_mono2_fix1//test20tig_AVDZ// DONE 7.441595711182771 7.501411619895282 11.348866574739592 26.291873905817646 4	0.00073443 0.00090347 0.00093147 0.00008570 -0.00028274 -0.00024270 -0.00026585
shell0_X0_Y0_Z0_mono0_fix1/shell1_X-1_Y0_Z-1_mono1_fix1/shell1_X-1_Y1_Z0_mono2_fix1//test20tig_AVDZ// DONE 11.348866390169837 7.501411867012628 7.441595759088763 26.29187401627123 2	0.00075403 0.00090348 0.00096171 0.00005253 -0.00026020 -0.00023483 -0.00024950
shell0_X0_Y0_Z0_mono0_fix1/shell1_X1_Y0_Z0_mono2_fix1/shell2_X2_Y1_Z-1_mono1_fix1//test20tig_AVDZ// DONE 7.501411619895282 11.348866967288222 7.44159597355195 26.29187456073545 2	0.00079165 0.00090349 0.00101619 -0.00000054 -0.00022400 -0.00024535 -0.00023301
shell0_X0_Y0_Z0_mono0_fix1/shell1_X0_Y0_Z-1_mono2_fix1/shell1_X-1_Y0_Z0_mono0_fix1//test20tig_AVDZ// DONE 9.05722213145863 6.357429267555808 10.938276656130684 26.35292805514512 8	0.00016144 0.00012206 0.00020772 -0.00003923 -0.00000704 -0.00003509 -0.00001888
shell0_X0_Y0_Z0_mono0_fix1/shell1_X0_Y0_Z-1_mono2_fix1/shell1_X1_Y0_Z-1_mono2_fix1//test20tig_AVDZ// DONE 9.05722213145863 10.938276656130684 6.3574294208086375 26.352928208397948 4	0.00015607 0.00012207 0.00019781 -0.00003269 -0.00000906 -0.00002752 -0.00001685
shell0_X0_Y0_Z0_mono0_fix1/shell1_X0_Y1_Z1_mono1_fix1/shell2_X-1_Y2_Z1_mono3_fix1//test20tig_AVDZ// DONE 7.239439558657251 11.502609029964711 7.633408780004605 26.375457368626567 4	0.00024628 0.00024945 0.00034017 -0.00000827 -0.00008562 -0.00007126 -0.00007956
shell0_X0_Y0_Z0_mono0_fix1/shell1_X-1_Y0_Z1_mono3_fix1/shell1_X-1_Y0_Z0_mono2_fix1//test20tig_AVDZ// DONE 11.502609040924284 7.633408800312303 7.239439563722077 26.375457404958663 4	0.00023290 0.00024945 0.00031067 0.00002367 -0.00010144 -0.00008073 -0.00009270
shell0_X0_Y0_Z0_mono0_fix1/shell1_X0_Y0_Z-1_mono1_fix1/shell1_X1_Y1_Z0_mono2_fix1//test20tig_AVDZ// DONE 7.2394392820421585 7.633409059299531 11.502609100777681 26.37545744211937 4	0.00025324 0.00024945 0.00033873 -0.00000833 -0.00007715 -0.00007583 -0.00007659
shell0_X0_Y0_Z0_mono0_fix1/shell2_X0_Y2_Z0_mono3_fix1/shell3_X0_Y3_Z0_mono3_fix1//test20tig_AVDZ// DONE 7.441595701055088 12.802997308621592 6.141085006035259 26.38567801571194 4	0.00034379 0.00062633 0.00054207 0.00007516 -0.00027344 -0.00023657 -0.00025789
shell0_X0_Y0_Z0_mono0_fix1/shell0_X0_Y0_Z0_mono3_fix1/shell1_X0_Y-1_Z0_mono3_fix1//test20tig_AVDZ// DONE 7.441595710913052 12.802997311564035 6.141085006035258 26.385678028512345 4	-0.00080129 -0.00082146 -0.00094179 0.00001263 0.00012787 0.00016121 0.00014194
shell0_X0_Y0_Z0_mono0_fix1/shell1_X0_Y-1_Z0_mono0_fix1/shell2_X0_Y2_Z0_mono3_fix1//test20tig_AVDZ// DONE 6.14108504329124 7.441595701055088 12.802997308621592 26.38567805296792 8	-0.00079836 -0.00082146 -0.00093635 0.00000734 0.00013065 0.00016133 0.00014359
shell0_X0_Y0_Z0_mono0_fix1/shell1_X0_Y-1_Z0_mono0_fix1/shell1_X0_Y-1_Z0_mono3_fix1//test20tig_AVDZ// DONE 6.14108504329124 12.802997311564035 7.441595710913052 26.385678065768328 8	0.00034412 0.00062632 0.00053764 0.00007998 -0.00027350 -0.00023922 -0.00025904
shell0_X0_Y0_Z0_mono0_fix1/shell1_X-1_Y0_Z-1_mono2_fix1/shell1_X-1_Y0_Z0_mono0_fix1//test20tig_AVDZ// DONE 10.981348313483988 6.357429267555808 9.05722213145863 26.395999712498426 8	-0.00026851 -0.00031132 -0.00040786 -0.00002722 0.00016657 0.00016233 0.00016478
shell0_X0_Y0_Z0_mono0_fix1/shell1_X-1_Y0_Z-1_mono2_fix1/shell1_X0_Y0_Z-1_mono2_fix1//test20tig_AVDZ// DONE 10.981348313483988 9.05722213145863 6.3574294208086375 26.395999865751257 4	-0.00026357 -0.00031132 -0.00041471 -0.00002161 0.00017275 0.00015246 0.00016419
shell0_X0_Y0_Z0_mono0_fix1/shell1_X-1_Y0_Z1_mono2_fix1/shell1_X-1_Y1_Z1_mono1_fix1//test20tig_AVDZ// DONE 7.633408800568826 11.348866569053103 7.4415957489610856 26.423871118583012 4	0.00000280 0.00000857 -0.00001336 0.00002198 -0.00000582 0.00001116 0.00000134
shell0_X0_Y0_Z0_mono0_fix1/shell0_X0_Y0_Z0_mono3_fix1/shell1_X-1_Y0_Z-1_mono1_fix1//test20tig_AVDZ// DONE 7.441595710913052 11.348866390169837 7.63340903924835 26.423871140331237 2	0.00001541 0.00000857 -0.00000198 0.00000926 0.00000812 0.00000611 0.00000727
shell0_X0_Y0_Z0_mono0_fix1/shell1_X1_Y1_Z1_mono2_fix1/shell2_X0_Y2_Z0_mono3_fix1//test20tig_AVDZ// DONE 7.633409059556055 7.441595701055088 11.34886638448335 26.423871145094495 2	-0.00006614   -0.00016528   0.00035688    -0.00035693   -0.00006609   -0.00004035   -0.00005523   
shell0_X0_Y0_Z0_mono0_fix1/shell2_X2_Y1_Z-1_mono1_fix1/shell2_X1_Y2_Z0_mono3_fix1//test20tig_AVDZ// DONE 11.348866967288222 7.441595929046747 7.633408780261127 26.423871676596097 2	0.00001743 0.00000858 0.00000637 0.00000507 0.00000599 0.00000289 0.00000469
shell0_X0_Y0_Z0_mono0_fix1/shell1_X-1_Y0_Z1_mono2_fix1/shell1_X1_Y0_Z0_mono3_fix1//test20tig_AVDZ// DONE 7.633408800568826 7.441595913886067 11.348866963199107 26.423871677654 2	-0.00001210 0.00000856 -0.00001578 0.00002938 -0.00002571 0.00001919 -0.00000677
shell0_X0_Y0_Z0_mono0_fix1/shell1_X0_Y-1_Z-1_mono1_fix1/shell1_X0_Y0_Z-1_mono0_fix1//test20tig_AVDZ// DONE 11.143713760649016 5.849414294420457 9.622703379953734 26.615831435023207 4	0.00018777 0.00015002 0.00024413 -0.00001620 -0.00004016 -0.00004483 -0.00004213
shell0_X0_Y0_Z0_mono0_fix1/shell1_X0_Y-1_Z1_mono1_fix1/shell1_X0_Y-1_Z0_mono1_fix1//test20tig_AVDZ// DONE 11.143713760649016 9.622703379953736 5.849414412295252 26.615831552898 2	-0.00006414 -0.00009764 -0.00013857 0.00001516 0.00005927 0.00006599 0.00006211
shell0_X0_Y0_Z0_mono0_fix1/shell1_X0_Y0_Z-1_mono0_fix1/shell1_X1_Y-1_Z-1_mono1_fix1//test20tig_AVDZ// DONE 5.849414294420457 11.14371391223659 9.622703562727217 26.615831769384265 4	-0.00007114 -0.00009764 -0.00014975 0.00002514 0.00005347 0.00006661 0.00005901
shell0_X0_Y0_Z0_mono0_fix1/shell1_X1_Y-1_Z-1_mono1_fix1/shell1_X1_Y-1_Z0_mono1_fix1//test20tig_AVDZ// DONE 11.14371391223659 9.622703562727217 5.849414412295254 26.615831887259063 2	0.00017460 0.00015003 0.00021471 0.00001527 -0.00005538 -0.00005587 -0.00005559
shell0_X0_Y0_Z0_mono0_fix1/shell1_X0_Y0_Z-1_mono0_fix1/shell2_X0_Y2_Z-1_mono1_fix1//test20tig_AVDZ// DONE 5.849414294420457 11.143714291345113 9.622704000650778 26.615832586416346 4	-0.00007046 -0.00009763 -0.00014877 0.00002589 0.00005242 0.00006419 0.00005739
shell0_X0_Y0_Z0_mono0_fix1/shell2_X0_Y2_Z-1_mono1_fix1/shell2_X0_Y2_Z0_mono1_fix1//test20tig_AVDZ// DONE 11.143714291345113 9.622704000650778 5.849414412295254 26.615832704291144 2	0.00018176 0.00015002 0.00023561 -0.00000669 -0.00004716 -0.00004523 -0.00004634
shell0_X0_Y0_Z0_mono0_fix1/shell1_X0_Y0_Z-1_mono0_fix1/shell2_X1_Y2_Z-1_mono1_fix1//test20tig_AVDZ// DONE 5.849414294420457 11.143714422265079 9.62270415146066 26.615832868146196 4	0.00016653 0.00015003 0.00021722 0.00001259 -0.00006328 -0.00004244 -0.00005449
shell0_X0_Y0_Z0_mono0_fix1/shell2_X1_Y2_Z-1_mono1_fix1/shell2_X1_Y2_Z0_mono1_fix1//test20tig_AVDZ// DONE 11.143714422265079 9.62270415146066 5.849414412295254 26.61583298602099 2	-0.00005966 -0.00009763 -0.00014223 0.00001861 0.00006395 0.00005997 0.00006227
shell0_X0_Y0_Z0_mono0_fix1/shell2_X0_Y2_Z0_mono3_fix1/shell2_X1_Y2_Z-1_mono3_fix1//test20tig_AVDZ// DONE 7.441595701055088 10.880868083630029 8.487159043655303 26.80962282834042 4	-0.00035287 -0.00041733 -0.00050646 -0.00001542 0.00016901 0.00015583 0.00016345
shell0_X0_Y0_Z0_mono0_fix1/shell0_X0_Y0_Z0_mono3_fix1/shell1_X1_Y0_Z-1_mono3_fix1//test20tig_AVDZ// DONE 7.441595710913052 10.880868078478514 8.487159043655303 26.80962283304687 4	0.00012320 0.00005851 0.00011570 -0.00008119 0.00008868 0.00001336 0.00005691
shell0_X0_Y0_Z0_mono0_fix1/shell1_X1_Y0_Z-1_mono0_fix1/shell2_X1_Y2_Z-1_mono3_fix1//test20tig_AVDZ// DONE 8.487159055786023 10.880868083630029 7.441595701055088 26.80962284047114 8	0.00007785 0.00005850 0.00005903 -0.00001678 0.00003559 0.00001288 0.00002601
shell0_X0_Y0_Z0_mono0_fix1/shell0_X0_Y0_Z0_mono3_fix1/shell1_X-1_Y0_Z1_mono0_fix1//test20tig_AVDZ// DONE 7.441595710913052 8.487159055786023 10.880868078478514 26.80962284517759 8	-0.00034828 -0.00041734 -0.00049818 -0.00002372 0.00017362 0.00015643 0.00016636
shell0_X0_Y0_Z0_mono0_fix1/shell1_X0_Y1_Z-1_mono0_fix1/shell1_X1_Y1_Z-1_mono2_fix1//test20tig_AVDZ// DONE 8.34327286060742 10.981348491203732 7.501411619895282 26.826032971706436 4	0.00038332 0.00045254 0.00053595 0.00002243 -0.00017506 -0.00012254 -0.00015290
shell0_X0_Y0_Z0_mono0_fix1/shell1_X1_Y1_Z-1_mono2_fix1/shell1_X1_Y0_Z0_mono2_fix1//test20tig_AVDZ// DONE 10.981348491203732 7.501411619895282 8.343272917945272 26.82603302904429 2	0.00043598 0.00045255 0.00059333 -0.00004152 -0.00011583 -0.00013275 -0.00012297
shell0_X0_Y0_Z0_mono0_fix1/shell1_X-1_Y0_Z-1_mono2_fix1/shell1_X0_Y-1_Z-1_mono0_fix1//test20tig_AVDZ// DONE 10.981348313483988 8.34327286060742 7.501411867012628 26.826033041104036 4	0.00040585 0.00045255 0.00056131 -0.00000798 -0.00014748 -0.00012006 -0.00013591
shell0_X0_Y0_Z0_mono0_fix1/shell1_X-1_Y0_Z-1_mono2_fix1/shell1_X-1_Y1_Z0_mono2_fix1//test20tig_AVDZ// DONE 10.981348313483988 7.501411867012628 8.343272917945272 26.82603309844189 2	0.00041372 0.00045255 0.00057717 -0.00002411 -0.00013935 -0.00011958 -0.00013101
shell0_X0_Y0_Z0_mono0_fix1/shell1_X1_Y-1_Z-1_mono0_fix1/shell1_X1_Y1_Z-1_mono3_fix1//test20tig_AVDZ// DONE 10.335202333258081 9.090813868877825 7.441595701055088 26.867611903190994 8	0.00013840 0.00011958 0.00016056 0.00000150 -0.00002366 -0.00000122 -0.00001419
shell0_X0_Y0_Z0_mono0_fix1/shell0_X0_Y0_Z0_mono3_fix1/shell1_X1_Y1_Z-1_mono3_fix1//test20tig_AVDZ// DONE 7.441595710913052 9.090813868877825 10.335202328483634 26.86761190827451 4	0.00013363 0.00011959 0.00015453 0.00000667 -0.00002758 0.00000312 -0.00001463
shell0_X0_Y0_Z0_mono0_fix1/shell1_X1_Y-1_Z1_mono0_fix1/shell1_X1_Y0_Z0_mono2_fix1//test20tig_AVDZ// DONE 10.335202333258081 7.501411619895282 9.057222342191656 26.893836295345018 4	0.00028879 0.00028762 0.00039455 -0.00004376 -0.00006201 -0.00004987 -0.00005689
shell0_X0_Y0_Z0_mono0_fix1/shell1_X0_Y1_Z-1_mono2_fix1/shell1_X1_Y0_Z0_mono2_fix1//test20tig_AVDZ// DONE 9.057222342191656 7.501411619895282 10.335202369588796 26.893836331675733 4	0.00029400 0.00028762 0.00039419 -0.00004455 -0.00005564 -0.00005409 -0.00005499
shell0_X0_Y0_Z0_mono0_fix1/shell1_X0_Y0_Z-1_mono2_fix1/shell1_X1_Y-1_Z-1_mono0_fix1//test20tig_AVDZ// DONE 9.05722213145863 10.335202333258081 7.501411867012628 26.89383633172934 4	0.00030134 0.00028762 0.00040603 -0.00005610 -0.00004859 -0.00005456 -0.00005111
shell0_X0_Y0_Z0_mono0_fix1/shell1_X-1_Y1_Z-1_mono2_fix1/shell1_X0_Y1_Z-1_mono0_fix1//test20tig_AVDZ// DONE 10.938276828330801 8.34327286060742 7.633408800312303 26.914958489250523 4	0.00011925 0.00011292 0.00012620 0.00001866 -0.00002561 -0.00002669 -0.00002607
shell0_X0_Y0_Z0_mono0_fix1/shell1_X-1_Y1_Z-1_mono2_fix1/shell1_X-1_Y0_Z0_mono2_fix1//test20tig_AVDZ// DONE 10.938276828330801 7.633408800312303 8.343272917945272 26.914958546588373 2	0.00012059 0.00011292 0.00016363 -0.00001451 -0.00002853 -0.00000281 -0.00001768
shell0_X0_Y0_Z0_mono0_fix1/shell1_X0_Y-1_Z-1_mono0_fix1/shell1_X1_Y0_Z-1_mono2_fix1//test20tig_AVDZ// DONE 8.34327286060742 10.938276656130684 7.633409059299531 26.914958576037634 4	0.00012672 0.00011292 0.00017199 -0.00002343 -0.00002184 -0.00000288 -0.00001384
shell0_X0_Y0_Z0_mono0_fix1/shell1_X1_Y0_Z-1_mono2_fix1/shell1_X1_Y1_Z0_mono2_fix1//test20tig_AVDZ// DONE 10.938276656130684 7.633409059299531 8.343272917945272 26.914958633375484 2	0.00013361 0.00011292 0.00017034 -0.00002040 -0.00001632 -0.00001650 -0.00001640
shell0_X0_Y0_Z0_mono0_fix1/shell1_X0_Y0_Z-1_mono2_fix1/shell1_X0_Y1_Z-1_mono0_fix1//test20tig_AVDZ// DONE 9.05722213145863 8.34327286060742 9.535100747487162 26.935595739553214 4	0.00009742 0.00011734 0.00010513 0.00004325 -0.00005096 -0.00001268 -0.00003481
shell0_X0_Y0_Z0_mono0_fix1/shell1_X0_Y0_Z-1_mono2_fix1/shell1_X0_Y-1_Z0_mono2_fix1//test20tig_AVDZ// DONE 9.05722213145863 9.535100747487162 8.343272917945272 26.935595796891064 2	0.00015716 0.00011734 0.00021407 -0.00007066 0.00001375 0.00000196 0.00000878
shell0_X0_Y0_Z0_mono0_fix1/shell1_X0_Y1_Z1_mono0_fix1/shell2_X0_Y2_Z0_mono2_fix1//test20tig_AVDZ// DONE 8.34327286060742 9.5351013545578 9.057222342191656 26.935596557356874 4	0.00010866 0.00011734 0.00011932 0.00003122 -0.00004188 -0.00002130 -0.00003320
shell0_X0_Y0_Z0_mono0_fix1/shell1_X0_Y1_Z-1_mono2_fix1/shell2_X0_Y2_Z0_mono2_fix1//test20tig_AVDZ// DONE 9.057222342191656 9.5351013545578 8.343272917945272 26.935596614694724 2	0.00015434 0.00011734 0.00019079 -0.00004153 0.00000508 -0.00002238 -0.00000651
shell0_X0_Y0_Z0_mono0_fix1/shell1_X1_Y0_Z0_mono0_fix1/shell2_X2_Y0_Z0_mono2_fix1//test20tig_AVDZ// DONE 6.357429267555808 13.106335551506868 7.501411619895282 26.965176438957958 8	0.00003834 0.00012110 0.00013242 -0.00006324 -0.00003083 -0.00007824 -0.00005083
shell0_X0_Y0_Z0_mono0_fix1/shell1_X1_Y0_Z0_mono2_fix1/shell2_X2_Y0_Z0_mono2_fix1//test20tig_AVDZ// DONE 7.501411619895282 13.106335551506868 6.3574294208086375 26.96517659221079 4	0.00003587 0.00012111 0.00013320 -0.00006363 -0.00003369 -0.00007560 -0.00005137
shell0_X0_Y0_Z0_mono0_fix1/shell1_X1_Y1_Z-1_mono3_fix1/shell2_X0_Y2_Z0_mono3_fix1//test20tig_AVDZ// DONE 9.090813868877825 7.441595701055088 10.438166608305513 26.970576178238424 4	-0.00008868 -0.00011370 -0.00016166 0.00000908 0.00006390 0.00005152 0.00005868
