shell0_X0_Y0_Z0_mono0_fix1/shell1_X0_Y-1_Z-1_mono0_fix1/shell1_X0_Y0_Z-1_mono0_fix1//test20tig_AVDZ// DONE 8.34327286060742 5.849414294420457 6.141085043291241 20.333772198319117 12 0.00047476 0.00040817 0.00040803 -0.00000001 0.00006675 0.00010651 0.00008352
shell0_X0_Y0_Z0_mono0_fix1/shell1_X0_Y0_Z-1_mono1_fix1/shell1_X0_Y1_Z-1_mono1_fix1//test20tig_AVDZ// DONE 7.2394392820421585 7.239439558657251 6.141085020779474 20.619963861478883 4 0.00132378 0.00136116 0.00136060 -0.00000001 -0.00003681 -0.00005358 -0.00004388
shell0_X0_Y0_Z0_mono0_fix1/shell1_X0_Y0_Z-1_mono1_fix1/shell1_X0_Y-1_Z0_mono0_fix1//test20tig_AVDZ// DONE 7.2394392820421585 6.14108504329124 7.239439558657251 20.61996388399065 8 0.00132539 0.00136116 0.00136062 -0.00000002 -0.00003522 -0.00005361 -0.00004298
shell0_X0_Y0_Z0_mono0_fix1/shell1_X-1_Y0_Z-1_mono0_fix1/shell1_X0_Y0_Z-1_mono0_fix1//test20tig_AVDZ// DONE 8.487159055786023 5.849414294420457 6.357429267555808 20.694002617762287 12 0.00005986 -0.00017905 -0.00017938 -0.00000001 0.00023924 0.00020654 0.00022544
shell0_X0_Y0_Z0_mono0_fix1/shell2_X0_Y2_Z0_mono3_fix1/shell2_X0_Y2_Z1_mono3_fix1//test20tig_AVDZ// DONE 7.441595701055088 7.441595701324806 5.849414259311995 20.73260566169189 2 0.00291076 0.00355714 0.00355733 -0.00000003 -0.00064655 -0.00067137 -0.00065702
shell0_X0_Y0_Z0_mono0_fix1/shell0_X0_Y0_Z0_mono3_fix1/shell1_X0_Y0_Z1_mono3_fix1//test20tig_AVDZ// DONE 7.441595710913052 7.441595711182771 5.849414259311995 20.73260568140782 2 0.00006460 -0.00009378 -0.00009417 -0.00000003 0.00015879 0.00021369 0.00018195
shell0_X0_Y0_Z0_mono0_fix1/shell1_X0_Y0_Z-1_mono0_fix1/shell2_X0_Y2_Z0_mono3_fix1//test20tig_AVDZ// DONE 5.849414294420457 7.441595701055088 7.441595701324806 20.73260569680035 4 0.00006534 -0.00009378 -0.00009415 -0.00000003 0.00015952 0.00021381 0.00018243
shell0_X0_Y0_Z0_mono0_fix1/shell0_X0_Y0_Z0_mono3_fix1/shell1_X0_Y0_Z-1_mono0_fix1//test20tig_AVDZ// DONE 7.441595710913052 5.849414294420457 7.441595711182771 20.732605716516282 4 0.00291605 0.00355715 0.00355734 -0.00000003 -0.00064125 -0.00067136 -0.00065395
shell0_X0_Y0_Z0_mono0_fix1/shell1_X0_Y0_Z-1_mono1_fix1/shell1_X-1_Y0_Z0_mono0_fix1//test20tig_AVDZ// DONE 7.2394392820421585 6.357429267555808 7.239439500644278 20.836308050242245 4 0.00028781 0.00013673 0.00013665 -0.00000001 0.00015117 0.00014693 0.00014938
shell0_X0_Y0_Z0_mono0_fix1/shell1_X0_Y0_Z-1_mono1_fix1/shell1_X1_Y0_Z-1_mono1_fix1//test20tig_AVDZ// DONE 7.2394392820421585 7.239439500644278 6.357429417783243 20.83630820046968 2 0.00028711 0.00013673 0.00013645 -0.00000001 0.00015067 0.00014750 0.00014933
shell0_X0_Y0_Z0_mono0_fix1/shell1_X0_Y1_Z-1_mono1_fix1/shell1_X-1_Y0_Z0_mono0_fix1//test20tig_AVDZ// DONE 7.239439558657251 6.357429267555808 7.239439752791947 20.836308579005006 4 0.00028736 0.00013674 0.00013646 -0.00000001 0.00015092 0.00014750 0.00014948
shell0_X0_Y0_Z0_mono0_fix1/shell1_X0_Y1_Z-1_mono1_fix1/shell1_X1_Y1_Z-1_mono1_fix1//test20tig_AVDZ// DONE 7.239439558657251 7.239439752791947 6.357429417783243 20.836308729232442 2 0.00028734 0.00013673 0.00013665 -0.00000001 0.00015071 0.00014751 0.00014936
shell0_X0_Y0_Z0_mono0_fix1/shell1_X0_Y0_Z-1_mono0_fix1/shell1_X1_Y0_Z0_mono2_fix1//test20tig_AVDZ// DONE 5.849414294420457 7.501411619895282 7.501411620166195 20.852237534481933 2 0.00264569 0.00309185 0.00309167 -0.00000001 -0.00044597 -0.00055047 -0.00049006
shell0_X0_Y0_Z0_mono0_fix1/shell1_X1_Y0_Z1_mono2_fix1/shell1_X1_Y0_Z0_mono2_fix1//test20tig_AVDZ// DONE 7.501411620166195 7.501411619895282 5.849414447403712 20.85223768746519 1 0.00264901 0.00309183 0.00309166 -0.00000001 -0.00044263 -0.00055497 -0.00049003
shell0_X0_Y0_Z0_mono0_fix1/shell1_X0_Y0_Z-1_mono0_fix1/shell1_X-1_Y1_Z0_mono2_fix1//test20tig_AVDZ// DONE 5.849414294420457 7.501411867012628 7.501411867283543 20.852238028716627 2 0.00264955 0.00309183 0.00309165 -0.00000001 -0.00044209 -0.00055498 -0.00048972
shell0_X0_Y0_Z0_mono0_fix1/shell1_X-1_Y1_Z1_mono2_fix1/shell1_X-1_Y1_Z0_mono2_fix1//test20tig_AVDZ// DONE 7.501411867283543 7.501411867012628 5.849414447403712 20.85223818169988 1 0.00264614 0.00309186 0.00309167 -0.00000001 -0.00044551 -0.00055048 -0.00048980
shell0_X0_Y0_Z0_mono0_fix1/shell1_X0_Y0_Z-1_mono0_fix1/shell1_X-1_Y0_Z0_mono2_fix1//test20tig_AVDZ// DONE 5.849414294420457 7.633408800312303 7.633408800568826 21.116231895301585 2 -0.00099932 -0.00148154 -0.00148090 -0.00000001 0.00048158 0.00050819 0.00049281
shell0_X0_Y0_Z0_mono0_fix1/shell1_X-1_Y0_Z1_mono2_fix1/shell1_X-1_Y0_Z0_mono2_fix1//test20tig_AVDZ// DONE 7.633408800568826 7.633408800312303 5.849414447403712 21.116232048284843 1 -0.00095554 -0.00148155 -0.00148090 -0.00000001 0.00052536 0.00051515 0.00052105
shell0_X0_Y0_Z0_mono0_fix1/shell1_X0_Y0_Z-1_mono0_fix1/shell1_X1_Y1_Z0_mono2_fix1//test20tig_AVDZ// DONE 5.849414294420457 7.633409059299531 7.633409059556055 21.116232413276045 2 -0.00100517 -0.00148154 -0.00148090 -0.00000000 0.00047574 0.00051519 0.00049238
shell0_X0_Y0_Z0_mono0_fix1/shell1_X1_Y1_Z1_mono2_fix1/shell1_X1_Y1_Z0_mono2_fix1//test20tig_AVDZ// DONE 7.633409059556055 7.633409059299531 5.849414447403712 21.1162325662593 1 -0.00095089 -0.00148154 -0.00148090 -0.00000001 0.00053001 0.00050812 0.00052078
shell0_X0_Y0_Z0_mono0_fix1/shell1_X1_Y-1_Z0_mono0_fix1/shell1_X0_Y-1_Z0_mono0_fix1//test20tig_AVDZ// DONE 8.644867251306648 6.14108504329124 6.357429267555808 21.143381562153696 6 0.00099778 0.00120943 0.00120903 -0.00000001 -0.00021124 -0.00021664 -0.00021352
shell0_X0_Y0_Z0_mono0_fix1/shell0_X0_Y0_Z0_mono3_fix1/shell1_X1_Y0_Z0_mono3_fix1//test20tig_AVDZ// DONE 7.441595710913052 7.441595913886067 6.357429264530413 21.240620889329534 4 -0.00159066 -0.00212816 -0.00212815 -0.00000003 0.00053752 0.00054356 0.00054007
shell0_X0_Y0_Z0_mono0_fix1/shell0_X0_Y0_Z0_mono3_fix1/shell1_X-1_Y0_Z0_mono0_fix1//test20tig_AVDZ// DONE 7.441595710913052 6.357429267555808 7.441595913886067 21.240620892354926 8 -0.00159100 -0.00212817 -0.00212816 -0.00000002 0.00053719 0.00054354 0.00053987
shell0_X0_Y0_Z0_mono0_fix1/shell1_X-1_Y0_Z0_mono2_fix1/shell1_X0_Y-1_Z0_mono0_fix1//test20tig_AVDZ// DONE 7.633408800312303 6.14108504329124 7.501411867012628 21.275905710616172 8 0.00335148 0.00395854 0.00395866 -0.00000001 -0.00060716 -0.00058714 -0.00059871
shell0_X0_Y0_Z0_mono0_fix1/shell1_X-1_Y0_Z0_mono2_fix1/shell1_X-1_Y1_Z0_mono2_fix1//test20tig_AVDZ// DONE 7.633408800312303 7.501411867012628 6.141085058035455 21.275905725360385 4 0.00338410 0.00395855 0.00395867 -0.00000001 -0.00057455 -0.00058745 -0.00057999
shell0_X0_Y0_Z0_mono0_fix1/shell1_X-1_Y-1_Z0_mono0_fix1/shell1_X-1_Y0_Z0_mono0_fix1//test20tig_AVDZ// DONE 8.821829156691244 6.357429267555808 6.141085043291241 21.320343467538294 6 0.00164037 0.00175292 0.00175244 -0.00000000 -0.00011206 -0.00019565 -0.00014733
shell0_X0_Y0_Z0_mono0_fix1/shell1_X-1_Y1_Z0_mono2_fix1/shell2_X0_Y2_Z1_mono3_fix1//test20tig_AVDZ// DONE 7.501411867012628 7.441595701324806 7.239439508500856 22.18244707683829 2 0.00068844 0.00078340 0.00078344 -0.00000002 -0.00009498 -0.00008642 -0.00009137
shell0_X0_Y0_Z0_mono0_fix1/shell1_X0_Y0_Z1_mono3_fix1/shell1_X1_Y0_Z1_mono1_fix1//test20tig_AVDZ// DONE 7.441595711182771 7.239439500644279 7.501411869074303 22.182447080901355 2 0.00069285 0.00078340 0.00078344 -0.00000002 -0.00009057 -0.00008981 -0.00009025
shell0_X0_Y0_Z0_mono0_fix1/shell1_X1_Y0_Z1_mono3_fix1/shell1_X1_Y0_Z0_mono2_fix1//test20tig_AVDZ// DONE 7.441595914155785 7.501411619895282 7.239439563722077 22.182447097773142 2 0.00069313 0.00078338 0.00078343 -0.00000002 -0.00009029 -0.00009555 -0.00009251
shell0_X0_Y0_Z0_mono0_fix1/shell1_X0_Y0_Z-1_mono1_fix1/shell1_X-1_Y1_Z0_mono2_fix1//test20tig_AVDZ// DONE 7.2394392820421585 7.501411867012628 7.441595958391272 22.18244710744606 2 0.00068675 0.00078339 0.00078344 -0.00000002 -0.00009667 -0.00008355 -0.00009113
shell0_X0_Y0_Z0_mono0_fix1/shell1_X0_Y1_Z1_mono1_fix1/shell2_X1_Y2_Z1_mono3_fix1//test20tig_AVDZ// DONE 7.239439558657251 7.441595929316464 7.501411621956955 22.18244710993067 2 0.00068635 0.00078339 0.00078344 -0.00000002 -0.00009706 -0.00008408 -0.00009159
shell0_X0_Y0_Z0_mono0_fix1/shell1_X1_Y1_Z-1_mono1_fix1/shell1_X1_Y0_Z0_mono2_fix1//test20tig_AVDZ// DONE 7.239439752791947 7.501411619895282 7.441595749230804 22.18244712191803 2 0.00068567 0.00078340 0.00078344 -0.00000002 -0.00009774 -0.00008653 -0.00009301
shell0_X0_Y0_Z0_mono0_fix1/shell1_X1_Y1_Z-1_mono1_fix1/shell2_X0_Y2_Z0_mono3_fix1//test20tig_AVDZ// DONE 7.239439752791947 7.441595701055088 7.633408780261127 22.314444234108162 2 -0.00094763 -0.00127296 -0.00127258 -0.00000002 0.00032497 0.00034340 0.00033275
shell0_X0_Y0_Z0_mono0_fix1/shell1_X0_Y0_Z-1_mono1_fix1/shell1_X1_Y0_Z0_mono3_fix1//test20tig_AVDZ// DONE 7.2394392820421585 7.441595913886067 7.63340903924835 22.314444235176573 2 -0.00094674 -0.00127296 -0.00127258 -0.00000002 0.00032586 0.00034340 0.00033326
shell0_X0_Y0_Z0_mono0_fix1/shell0_X0_Y0_Z0_mono3_fix1/shell1_X-1_Y0_Z1_mono2_fix1//test20tig_AVDZ// DONE 7.441595710913052 7.633408800568826 7.239439744935367 22.314444256417246 2 -0.00094666 -0.00127297 -0.00127258 -0.00000002 0.00032594 0.00034278 0.00033305
shell0_X0_Y0_Z0_mono0_fix1/shell1_X1_Y1_Z1_mono2_fix1/shell2_X1_Y2_Z0_mono3_fix1//test20tig_AVDZ// DONE 7.633409059556055 7.441595929046747 7.239439276977334 22.314444265580136 2 -0.00094735 -0.00127296 -0.00127258 -0.00000002 0.00032525 0.00034333 0.00033288
shell0_X0_Y0_Z0_mono0_fix1/shell1_X1_Y0_Z1_mono1_fix1/shell1_X1_Y1_Z1_mono2_fix1//test20tig_AVDZ// DONE 7.239439500644279 7.633409059556055 7.441595758819045 22.31444431901938 2 -0.00094685 -0.00127296 -0.00127258 -0.00000002 0.00032575 0.00034318 0.00033310
shell0_X0_Y0_Z0_mono0_fix1/shell1_X-1_Y0_Z1_mono2_fix1/shell1_X0_Y1_Z1_mono1_fix1//test20tig_AVDZ// DONE 7.633408800568826 7.239439558657251 7.44159597328223 22.314444332508305 2 -0.00094758 -0.00127297 -0.00127258 -0.00000002 0.00032503 0.00034339 0.00033278
shell0_X0_Y0_Z0_mono0_fix1/shell1_X0_Y0_Z-1_mono0_fix1/shell1_X0_Y0_Z1_mono0_fix1//test20tig_AVDZ// DONE 5.849414294420457 5.849414294420458 11.29705896538643 22.995887554227345 3 0.00126195 0.00205730 0.00205792 0.00000000 -0.00079598 -0.00079391 -0.00079510
shell0_X0_Y0_Z0_mono0_fix1/shell1_X0_Y0_Z-1_mono1_fix1/shell1_X1_Y1_Z-1_mono1_fix1//test20tig_AVDZ// DONE 7.2394392820421585 7.239439752791947 8.644867266989586 23.12374630182369 2 0.00150083 0.00170582 0.00170499 -0.00000002 -0.00020415 -0.00026335 -0.00022912
shell0_X0_Y0_Z0_mono0_fix1/shell1_X0_Y1_Z-1_mono1_fix1/shell1_X-1_Y1_Z0_mono0_fix1//test20tig_AVDZ// DONE 7.239439558657251 8.644867251306648 7.239439500644278 23.123746310608176 4 0.00149266 0.00170583 0.00170499 -0.00000001 -0.00021232 -0.00026442 -0.00023430
shell0_X0_Y0_Z0_mono0_fix1/shell1_X1_Y1_Z-1_mono1_fix1/shell1_X1_Y1_Z0_mono0_fix1//test20tig_AVDZ// DONE 7.239439752791947 8.821829156691244 7.23943928204216 23.30070819152535 4 -0.00036393 -0.00049912 -0.00049904 -0.00000001 0.00013512 0.00015168 0.00014211
shell0_X0_Y0_Z0_mono0_fix1/shell1_X0_Y1_Z-1_mono1_fix1/shell1_X1_Y0_Z-1_mono1_fix1//test20tig_AVDZ// DONE 7.239439558657251 7.239439500644278 8.821829228636577 23.300708287938107 2 -0.00032266 -0.00049913 -0.00049905 -0.00000001 0.00017640 0.00015286 0.00016647
shell0_X0_Y0_Z0_mono0_fix1/shell0_X0_Y0_Z0_mono3_fix1/shell1_X1_Y0_Z1_mono3_fix1//test20tig_AVDZ// DONE 7.441595710913052 7.441595914155785 8.487159043655303 23.370350668724143 4 -0.00010511 -0.00011812 -0.00011829 -0.00000003 0.00001321 0.00008555 0.00004373
shell0_X0_Y0_Z0_mono0_fix1/shell0_X0_Y0_Z0_mono3_fix1/shell1_X-1_Y0_Z-1_mono0_fix1//test20tig_AVDZ// DONE 7.441595710913052 8.487159055786023 7.441595914155785 23.370350680854862 8 -0.00010340 -0.00011812 -0.00011829 -0.00000003 0.00001492 0.00008544 0.00004467
shell0_X0_Y0_Z0_mono0_fix1/shell1_X0_Y1_Z-1_mono0_fix1/shell1_X-1_Y1_Z0_mono2_fix1//test20tig_AVDZ// DONE 8.34327286060742 7.501411867012628 7.633408800568826 23.478093528188875 8 0.00082172 0.00096903 0.00096913 -0.00000002 -0.00014738 -0.00013472 -0.00014204
shell0_X0_Y0_Z0_mono0_fix1/shell1_X-1_Y0_Z1_mono2_fix1/shell1_X-1_Y1_Z0_mono2_fix1//test20tig_AVDZ// DONE 7.633408800568826 7.501411867012628 8.343272917945272 23.47809358552673 4 0.00082180 0.00096902 0.00096915 -0.00000002 -0.00014734 -0.00013474 -0.00014202
shell0_X0_Y0_Z0_mono0_fix1/shell0_X0_Y0_Z0_mono3_fix1/shell1_X0_Y0_Z1_mono1_fix1//test20tig_AVDZ// DONE 7.441595710913052 7.239439282042159 9.057222318897287 23.7382573118525 4 0.00080295 0.00094489 0.00094505 -0.00000002 -0.00014209 -0.00013082 -0.00013733
shell0_X0_Y0_Z0_mono0_fix1/shell1_X0_Y1_Z-1_mono2_fix1/shell2_X0_Y2_Z0_mono3_fix1//test20tig_AVDZ// DONE 9.057222342191656 7.441595701055088 7.239439276977334 23.73825732022408 4 0.00080424 0.00094489 0.00094505 -0.00000002 -0.00014079 -0.00013084 -0.00013659
shell0_X0_Y0_Z0_mono0_fix1/shell1_X0_Y1_Z1_mono1_fix1/shell2_X0_Y2_Z0_mono3_fix1//test20tig_AVDZ// DONE 7.239439558657251 7.441595701055088 9.057222108164261 23.7382573678766 2 0.00054935 0.00056217 0.00056198 -0.00000002 -0.00001262 -0.00004206 -0.00002504
shell0_X0_Y0_Z0_mono0_fix1/shell1_X0_Y0_Z-1_mono1_fix1/shell1_X0_Y1_Z-1_mono2_fix1//test20tig_AVDZ// DONE 7.2394392820421585 9.057222342191656 7.441595758819045 23.738257383052858 4 0.00054927 0.00056217 0.00056199 -0.00000002 -0.00001269 -0.00004206 -0.00002508
shell0_X0_Y0_Z0_mono0_fix1/shell0_X0_Y0_Z0_mono3_fix1/shell1_X0_Y0_Z-1_mono2_fix1//test20tig_AVDZ// DONE 7.441595710913052 9.05722213145863 7.239439563722077 23.73825740609376 2 0.00054966 0.00056217 0.00056198 -0.00000002 -0.00001231 -0.00004249 -0.00002504
shell0_X0_Y0_Z0_mono0_fix1/shell1_X0_Y0_Z-1_mono2_fix1/shell1_X0_Y1_Z-1_mono1_fix1//test20tig_AVDZ// DONE 9.05722213145863 7.239439558657251 7.4415957489610856 23.738257439076968 2 0.00080381 0.00094489 0.00094505 -0.00000002 -0.00014123 -0.00013065 -0.00013677
shell0_X0_Y0_Z0_mono0_fix1/shell1_X1_Y0_Z1_mono1_fix1/shell1_X1_Y0_Z0_mono3_fix1//test20tig_AVDZ// DONE 7.239439500644279 7.441595913886067 9.057222318897287 23.73825773342763 2 0.00054942 0.00056217 0.00056198 -0.00000002 -0.00001254 -0.00004194 -0.00002494
shell0_X0_Y0_Z0_mono0_fix1/shell1_X0_Y1_Z-1_mono2_fix1/shell2_X1_Y2_Z0_mono3_fix1//test20tig_AVDZ// DONE 9.057222342191656 7.441595929046747 7.239439508500856 23.738257779739257 2 0.00054932 0.00056217 0.00056198 -0.00000002 -0.00001264 -0.00004192 -0.00002499
shell0_X0_Y0_Z0_mono0_fix1/shell1_X0_Y1_Z-1_mono2_fix1/shell1_X1_Y0_Z-1_mono1_fix1//test20tig_AVDZ// DONE 9.057222342191656 7.239439500644278 7.441595958121554 23.738257800957488 2 0.00080367 0.00094488 0.00094504 -0.00000002 -0.00014135 -0.00013106 -0.00013701
shell0_X0_Y0_Z0_mono0_fix1/shell1_X1_Y1_Z-1_mono3_fix1/shell1_X1_Y0_Z0_mono2_fix1//test20tig_AVDZ// DONE 9.090813868877825 7.501411619895282 7.239439276977334 23.83166476575044 2 0.00026047 0.00028716 0.00028763 -0.00000001 -0.00002715 -0.00001008 -0.00001995
shell0_X0_Y0_Z0_mono0_fix1/shell1_X0_Y0_Z-1_mono1_fix1/shell1_X1_Y1_Z-1_mono3_fix1//test20tig_AVDZ// DONE 7.2394392820421585 9.090813868877825 7.501411621956955 23.831664772876938 2 0.00025935 0.00028716 0.00028763 -0.00000001 -0.00002827 -0.00001016 -0.00002063
shell0_X0_Y0_Z0_mono0_fix1/shell1_X1_Y0_Z1_mono1_fix1/shell1_X1_Y0_Z0_mono2_fix1//test20tig_AVDZ// DONE 7.239439500644279 7.501411619895282 9.090813807198863 23.831664927738423 2 0.00026076 0.00028716 0.00028763 -0.00000001 -0.00002685 -0.00001036 -0.00001990
shell0_X0_Y0_Z0_mono0_fix1/shell1_X0_Y1_Z-1_mono3_fix1/shell1_X-1_Y1_Z0_mono2_fix1//test20tig_AVDZ// DONE 9.090813705041763 7.501411867012628 7.239439744935367 23.831665316989756 2 0.00026039 0.00028716 0.00028763 -0.00000001 -0.00002723 -0.00001011 -0.00002001
shell0_X0_Y0_Z0_mono0_fix1/shell1_X0_Y1_Z-1_mono3_fix1/shell1_X1_Y1_Z-1_mono1_fix1//test20tig_AVDZ// DONE 9.090813705041763 7.239439752791947 7.501411869074303 23.831665326908013 2 0.00025975 0.00028716 0.00028763 -0.00000001 -0.00002787 -0.00001024 -0.00002043
shell0_X0_Y0_Z0_mono0_fix1/shell1_X0_Y1_Z1_mono1_fix1/shell1_X-1_Y1_Z0_mono2_fix1//test20tig_AVDZ// DONE 7.239439558657251 7.501411867012628 9.090813973045613 23.831665398715494 2 0.00026084 0.00028716 0.00028763 -0.00000001 -0.00002678 -0.00001020 -0.00001978
shell0_X0_Y0_Z0_mono0_fix1/shell1_X0_Y1_Z-1_mono3_fix1/shell1_X1_Y0_Z-1_mono1_fix1//test20tig_AVDZ// DONE 9.090813705041763 7.239439500644278 7.633408780004605 23.963661985690646 2 -0.00042975 -0.00063885 -0.00063868 -0.00000000 0.00020894 0.00017689 0.00019542
shell0_X0_Y0_Z0_mono0_fix1/shell1_X0_Y1_Z-1_mono3_fix1/shell1_X-1_Y0_Z0_mono2_fix1//test20tig_AVDZ// DONE 9.090813705041763 7.633408800312303 7.239439508500856 23.96366201385492 2 -0.00042979 -0.00063885 -0.00063868 -0.00000001 0.00020890 0.00017695 0.00019542
shell0_X0_Y0_Z0_mono0_fix1/shell1_X0_Y0_Z1_mono1_fix1/shell1_X-1_Y0_Z0_mono2_fix1//test20tig_AVDZ// DONE 7.239439282042159 7.633408800312303 9.090813973045613 23.963662055400075 2 -0.00042965 -0.00063885 -0.00063868 -0.00000000 0.00020904 0.00017699 0.00019552
shell0_X0_Y0_Z0_mono0_fix1/shell1_X0_Y1_Z-1_mono1_fix1/shell1_X1_Y1_Z-1_mono3_fix1//test20tig_AVDZ// DONE 7.239439558657251 9.090813868877825 7.633409038991829 23.963662466526905 2 -0.00042993 -0.00063885 -0.00063868 -0.00000000 0.00020876 0.00017699 0.00019535
shell0_X0_Y0_Z0_mono0_fix1/shell1_X1_Y1_Z-1_mono3_fix1/shell1_X1_Y1_Z0_mono2_fix1//test20tig_AVDZ// DONE 9.090813868877825 7.633409059299531 7.239439563722077 23.96366249189943 2 -0.00042990 -0.00063885 -0.00063868 -0.00000001 0.00020878 0.00017693 0.00019534
shell0_X0_Y0_Z0_mono0_fix1/shell1_X1_Y1_Z1_mono1_fix1/shell1_X1_Y1_Z0_mono2_fix1//test20tig_AVDZ// DONE 7.239439752791949 7.633409059299531 9.090813807198863 23.963662619290343 2 -0.00042978 -0.00063885 -0.00063868 -0.00000000 0.00020891 0.00017698 0.00019544
shell0_X0_Y0_Z0_mono0_fix1/shell2_X0_Y2_Z-1_mono3_fix1/shell2_X0_Y2_Z0_mono3_fix1//test20tig_AVDZ// DONE 10.880867938006702 7.441595701055088 5.849414259311995 24.171877898373786 4 -0.00128691 -0.00169066 -0.00169003 -0.00000001 0.00040314 0.00042521 0.00041245
shell0_X0_Y0_Z0_mono0_fix1/shell0_X0_Y0_Z0_mono3_fix1/shell1_X0_Y0_Z-1_mono3_fix1//test20tig_AVDZ// DONE 7.441595710913052 10.88086794046102 5.849414259311995 24.171877910686067 4 0.00011610 0.00014516 0.00014549 -0.00000001 -0.00002938 -0.00001954 -0.00002523
shell0_X0_Y0_Z0_mono0_fix1/shell1_X0_Y0_Z-1_mono0_fix1/shell2_X0_Y2_Z-1_mono3_fix1//test20tig_AVDZ// DONE 5.849414294420457 10.880867938006702 7.441595701055088 24.171877933482246 8 0.00011581 0.00014516 0.00014549 -0.00000001 -0.00002967 -0.00001957 -0.00002541
shell0_X0_Y0_Z0_mono0_fix1/shell1_X0_Y0_Z-1_mono0_fix1/shell1_X0_Y0_Z-1_mono3_fix1//test20tig_AVDZ// DONE 5.849414294420457 10.88086794046102 7.441595710913052 24.17187794579453 8 -0.00128714 -0.00169066 -0.00169001 -0.00000002 0.00040289 0.00042529 0.00041234
shell0_X0_Y0_Z0_mono0_fix1/shell1_X0_Y0_Z-1_mono1_fix1/shell2_X0_Y2_Z0_mono3_fix1//test20tig_AVDZ// DONE 7.2394392820421585 7.441595701055088 9.535100724717877 24.216135707815123 2 0.00044395 0.00059156 0.00059146 -0.00000003 -0.00014748 -0.00008410 -0.00012074
shell0_X0_Y0_Z0_mono0_fix1/shell0_X0_Y0_Z0_mono3_fix1/shell1_X0_Y-1_Z1_mono2_fix1//test20tig_AVDZ// DONE 7.441595710913052 9.535100747695719 7.239439276977334 24.216135735586107 2 0.00044718 0.00059156 0.00059147 -0.00000003 -0.00014426 -0.00008385 -0.00011877
shell0_X0_Y0_Z0_mono0_fix1/shell1_X0_Y-1_Z1_mono2_fix1/shell1_X0_Y0_Z1_mono1_fix1//test20tig_AVDZ// DONE 9.535100747695719 7.239439282042159 7.4415957489610856 24.216135778698963 2 0.00016514 0.00020304 0.00020308 -0.00000003 -0.00003792 -0.00000908 -0.00002575
shell0_X0_Y0_Z0_mono0_fix1/shell1_X1_Y0_Z-1_mono1_fix1/shell2_X1_Y2_Z0_mono3_fix1//test20tig_AVDZ// DONE 7.239439500644278 7.441595929046747 9.535100724717877 24.2161361544089 2 0.00016495 0.00020304 0.00020310 -0.00000003 -0.00003812 -0.00000849 -0.00002562
shell0_X0_Y0_Z0_mono0_fix1/shell1_X0_Y-1_Z1_mono2_fix1/shell1_X1_Y0_Z0_mono3_fix1//test20tig_AVDZ// DONE 9.535100747695719 7.441595913886067 7.239439508500856 24.21613617008264 2 0.00016541 0.00020305 0.00020310 -0.00000003 -0.00003766 -0.00000908 -0.00002560
shell0_X0_Y0_Z0_mono0_fix1/shell1_X0_Y-1_Z1_mono2_fix1/shell1_X1_Y0_Z1_mono1_fix1//test20tig_AVDZ// DONE 9.535100747695719 7.239439500644279 7.44159597328223 24.216136221622225 2 0.00044739 0.00059156 0.00059147 -0.00000003 -0.00014406 -0.00008438 -0.00011888
shell0_X0_Y0_Z0_mono0_fix1/shell0_X0_Y0_Z0_mono3_fix1/shell1_X0_Y1_Z-1_mono1_fix1//test20tig_AVDZ// DONE 7.441595710913052 7.239439558657251 9.535101331788516 24.21613660135882 2 0.00016601 0.00020304 0.00020310 -0.00000003 -0.00003706 -0.00000973 -0.00002553
shell0_X0_Y0_Z0_mono0_fix1/shell2_X0_Y2_Z0_mono3_fix1/shell2_X0_Y2_Z1_mono2_fix1//test20tig_AVDZ// DONE 7.441595701055088 9.535101354766352 7.239439563722077 24.216136619543516 2 0.00016528 0.00020304 0.00020308 -0.00000002 -0.00003778 -0.00000909 -0.00002568
shell0_X0_Y0_Z0_mono0_fix1/shell1_X0_Y1_Z1_mono1_fix1/shell2_X0_Y2_Z1_mono2_fix1//test20tig_AVDZ// DONE 7.239439558657251 9.535101354766352 7.441595758819045 24.216136672242648 2 0.00044742 0.00059156 0.00059147 -0.00000003 -0.00014402 -0.00008386 -0.00011864
shell0_X0_Y0_Z0_mono0_fix1/shell1_X1_Y1_Z-1_mono1_fix1/shell1_X1_Y0_Z0_mono3_fix1//test20tig_AVDZ// DONE 7.239439752791947 7.441595913886067 9.535101331788516 24.21613699846653 2 0.00044547 0.00059155 0.00059147 -0.00000003 -0.00014597 -0.00008386 -0.00011977
shell0_X0_Y0_Z0_mono0_fix1/shell2_X0_Y2_Z1_mono2_fix1/shell2_X1_Y2_Z0_mono3_fix1//test20tig_AVDZ// DONE 9.535101354766352 7.441595929046747 7.239439744935367 24.216137028748467 2 0.00044655 0.00059156 0.00059147 -0.00000003 -0.00014490 -0.00008422 -0.00011930
shell0_X0_Y0_Z0_mono0_fix1/shell1_X1_Y1_Z1_mono1_fix1/shell2_X0_Y2_Z1_mono2_fix1//test20tig_AVDZ// DONE 7.239439752791949 9.535101354766352 7.441595958121554 24.216137065679852 2 0.00016540 0.00020305 0.00020310 -0.00000003 -0.00003767 -0.00000905 -0.00002560
shell0_X0_Y0_Z0_mono0_fix1/shell1_X0_Y0_Z-1_mono2_fix1/shell1_X0_Y-1_Z0_mono0_fix1//test20tig_AVDZ// DONE 9.05722213145863 6.14108504329124 9.057222342191654 24.255529516941525 4 0.00003444 0.00001053 0.00001053 -0.00000001 0.00002391 0.00006725 0.00004219
shell0_X0_Y0_Z0_mono0_fix1/shell1_X0_Y0_Z-1_mono2_fix1/shell1_X0_Y1_Z-1_mono2_fix1//test20tig_AVDZ// DONE 9.05722213145863 9.057222342191656 6.141085058035455 24.25552953168574 2 0.00003460 0.00001052 0.00001052 -0.00000001 0.00002408 0.00006818 0.00004269
shell0_X0_Y0_Z0_mono0_fix1/shell1_X0_Y0_Z-1_mono0_fix1/shell1_X1_Y0_Z-1_mono2_fix1//test20tig_AVDZ// DONE 5.849414294420457 10.938276656130684 7.501411619895282 24.289102570446424 4 -0.00080742 -0.00110246 -0.00110237 -0.00000001 0.00029497 0.00029106 0.00029332
shell0_X0_Y0_Z0_mono0_fix1/shell1_X1_Y0_Z-1_mono2_fix1/shell1_X1_Y0_Z0_mono2_fix1//test20tig_AVDZ// DONE 10.938276656130684 7.501411619895282 5.849414447403712 24.28910272342968 2 -0.00080773 -0.00110246 -0.00110238 -0.00000001 0.00029466 0.00029103 0.00029313
shell0_X0_Y0_Z0_mono0_fix1/shell1_X-1_Y1_Z-1_mono2_fix1/shell1_X0_Y0_Z-1_mono0_fix1//test20tig_AVDZ// DONE 10.938276828330801 5.849414294420457 7.501411867012628 24.289102989763887 4 -0.00080746 -0.00110246 -0.00110238 -0.00000001 0.00029494 0.00029076 0.00029317
shell0_X0_Y0_Z0_mono0_fix1/shell1_X-1_Y1_Z-1_mono2_fix1/shell1_X-1_Y1_Z0_mono2_fix1//test20tig_AVDZ// DONE 10.938276828330801 7.501411867012628 5.849414447403712 24.289103142747138 2 -0.00080791 -0.00110246 -0.00110237 -0.00000001 0.00029447 0.00029102 0.00029301
shell0_X0_Y0_Z0_mono0_fix1/shell1_X0_Y-1_Z0_mono0_fix1/shell1_X0_Y1_Z0_mono0_fix1//test20tig_AVDZ// DONE 6.14108504329124 6.141085043291241 12.101112883300878 24.38328296988336 3 0.00210623 0.00275319 0.00275274 -0.00000003 -0.00064648 -0.00063263 -0.00064064
shell0_X0_Y0_Z0_mono0_fix1/shell1_X-1_Y0_Z-1_mono2_fix1/shell1_X0_Y0_Z-1_mono0_fix1//test20tig_AVDZ// DONE 10.981348313483988 5.849414294420457 7.633408800312303 24.46417140821675 8 -0.00003115 -0.00009026 -0.00009011 0.00000000 0.00005896 0.00001897 0.00004209
shell0_X0_Y0_Z0_mono0_fix1/shell1_X-1_Y0_Z-1_mono2_fix1/shell1_X-1_Y0_Z0_mono2_fix1//test20tig_AVDZ// DONE 10.981348313483988 7.633408800312303 5.849414447403712 24.464171561200004 4 -0.00003153 -0.00009027 -0.00009012 0.00000000 0.00005858 0.00001895 0.00004186
shell0_X0_Y0_Z0_mono0_fix1/shell1_X0_Y-1_Z-1_mono1_fix1/shell1_X0_Y0_Z-1_mono1_fix1//test20tig_AVDZ// DONE 11.143713760649016 7.2394392820421585 6.141085020779474 24.524238063470648 2 0.00025506 0.00036273 0.00036244 -0.00000001 -0.00010737 -0.00009164 -0.00010073
shell0_X0_Y0_Z0_mono0_fix1/shell1_X0_Y-1_Z-1_mono1_fix1/shell1_X0_Y-1_Z0_mono0_fix1//test20tig_AVDZ// DONE 11.143713760649016 6.14108504329124 7.23943928204216 24.524238085982415 4 -0.00087284 -0.00103511 -0.00103525 -0.00000002 0.00016243 0.00019232 0.00017504
shell0_X0_Y0_Z0_mono0_fix1/shell1_X1_Y-1_Z-1_mono1_fix1/shell1_X1_Y0_Z-1_mono1_fix1//test20tig_AVDZ// DONE 11.14371391223659 7.239439500644278 6.141085020779474 24.524238433660344 2 -0.00087278 -0.00103512 -0.00103525 -0.00000002 0.00016248 0.00019209 0.00017497
shell0_X0_Y0_Z0_mono0_fix1/shell1_X1_Y-1_Z-1_mono1_fix1/shell1_X0_Y-1_Z0_mono0_fix1//test20tig_AVDZ// DONE 11.14371391223659 6.14108504329124 7.239439500644278 24.524238456172107 4 0.00025662 0.00036273 0.00036244 -0.00000001 -0.00010581 -0.00009371 -0.00010071
shell0_X0_Y0_Z0_mono0_fix1/shell1_X0_Y1_Z-1_mono1_fix1/shell2_X0_Y2_Z-1_mono1_fix1//test20tig_AVDZ// DONE 7.239439558657251 11.143714291345113 6.141085020779474 24.52423887078184 2 -0.00087276 -0.00103512 -0.00103525 -0.00000002 0.00016251 0.00019205 0.00017497
shell0_X0_Y0_Z0_mono0_fix1/shell1_X0_Y1_Z-1_mono1_fix1/shell1_X0_Y-1_Z0_mono0_fix1//test20tig_AVDZ// DONE 7.239439558657251 6.14108504329124 11.143714291345113 24.524238893293603 4 0.00025484 0.00036273 0.00036244 -0.00000001 -0.00010759 -0.00009121 -0.00010068
shell0_X0_Y0_Z0_mono0_fix1/shell1_X1_Y1_Z-1_mono1_fix1/shell2_X1_Y2_Z-1_mono1_fix1//test20tig_AVDZ// DONE 7.239439752791947 11.143714422265079 6.141085020779474 24.5242391958365 2 0.00025376 0.00036273 0.00036244 -0.00000001 -0.00010868 -0.00008985 -0.00010073
shell0_X0_Y0_Z0_mono0_fix1/shell1_X1_Y1_Z-1_mono1_fix1/shell1_X0_Y-1_Z0_mono0_fix1//test20tig_AVDZ// DONE 7.239439752791947 6.14108504329124 11.143714422265079 24.524239218348264 4 -0.00087328 -0.00103512 -0.00103525 -0.00000001 0.00016199 0.00019238 0.00017481
shell0_X0_Y0_Z0_mono0_fix1/shell1_X0_Y1_Z-1_mono3_fix1/shell1_X1_Y1_Z-1_mono3_fix1//test20tig_AVDZ// DONE 9.090813705041763 9.090813868877825 6.357429264530413 24.53905683845 2 0.00029348 0.00029815 0.00029825 -0.00000000 -0.00000477 -0.00001026 -0.00000709
shell0_X0_Y0_Z0_mono0_fix1/shell1_X0_Y1_Z-1_mono3_fix1/shell1_X-1_Y0_Z0_mono0_fix1//test20tig_AVDZ// DONE 9.090813705041763 6.357429267555808 9.090813868877825 24.539056841475396 4 0.00024253 0.00029815 0.00029827 -0.00000000 -0.00005574 -0.00001044 -0.00003663
shell0_X0_Y0_Z0_mono0_fix1/shell1_X0_Y0_Z-1_mono1_fix1/shell1_X1_Y0_Z0_mono2_fix1//test20tig_AVDZ// DONE 7.2394392820421585 7.501411619895282 9.808964217582226 24.549815119519664 2 -0.00042893 -0.00050465 -0.00050445 -0.00000003 0.00007554 0.00012078 0.00009463
shell0_X0_Y0_Z0_mono0_fix1/shell1_X-1_Y1_Z1_mono3_fix1/shell1_X0_Y1_Z1_mono1_fix1//test20tig_AVDZ// DONE 9.808964124188245 7.239439558657251 7.501411869074303 24.5498155519198 2 -0.00042915 -0.00050465 -0.00050445 -0.00000003 0.00007533 0.00012079 0.00009451
shell0_X0_Y0_Z0_mono0_fix1/shell1_X-1_Y1_Z1_mono3_fix1/shell1_X-1_Y1_Z0_mono2_fix1//test20tig_AVDZ// DONE 9.808964124188245 7.501411867012628 7.239439563722077 24.549815554922947 2 -0.00042877 -0.00050465 -0.00050445 -0.00000003 0.00007571 0.00012044 0.00009458
shell0_X0_Y0_Z0_mono0_fix1/shell1_X1_Y0_Z1_mono1_fix1/shell2_X2_Y1_Z1_mono3_fix1//test20tig_AVDZ// DONE 7.239439500644279 9.808964592842516 7.501411621956955 24.54981571544375 2 -0.00042904 -0.00050465 -0.00050445 -0.00000003 0.00007543 0.00012072 0.00009454
shell0_X0_Y0_Z0_mono0_fix1/shell1_X1_Y0_Z0_mono2_fix1/shell2_X2_Y1_Z1_mono3_fix1//test20tig_AVDZ// DONE 7.501411619895282 9.808964592842516 7.239439508500856 24.54981572123865 2 -0.00042902 -0.00050466 -0.00050445 -0.00000003 0.00007546 0.00012073 0.00009456
shell0_X0_Y0_Z0_mono0_fix1/shell1_X1_Y1_Z-1_mono1_fix1/shell1_X-1_Y1_Z0_mono2_fix1//test20tig_AVDZ// DONE 7.239439752791947 7.501411867012628 9.808964691090507 24.549816310895082 2 -0.00042886 -0.00050465 -0.00050445 -0.00000002 0.00007561 0.00012072 0.00009464
shell0_X0_Y0_Z0_mono0_fix1/shell1_X1_Y0_Z0_mono3_fix1/shell1_X0_Y-1_Z0_mono1_fix1//test20tig_AVDZ// DONE 7.441595913886067 9.622703379953736 7.501411621956955 24.565710915796757 2 -0.00050977 -0.00061910 -0.00061903 -0.00000002 0.00010929 0.00012734 0.00011690
shell0_X0_Y0_Z0_mono0_fix1/shell1_X1_Y0_Z0_mono2_fix1/shell2_X1_Y2_Z0_mono3_fix1//test20tig_AVDZ// DONE 7.501411619895282 7.441595929046747 9.622703374029955 24.56571092297198 2 -0.00050912 -0.00061910 -0.00061903 -0.00000002 0.00010994 0.00012736 0.00011728
shell0_X0_Y0_Z0_mono0_fix1/shell1_X1_Y-1_Z0_mono1_fix1/shell1_X1_Y0_Z0_mono2_fix1//test20tig_AVDZ// DONE 9.622703562727217 7.501411619895282 7.441595758819045 24.565710941441544 2 -0.00050973 -0.00061911 -0.00061904 -0.00000002 0.00010933 0.00012736 0.00011693
shell0_X0_Y0_Z0_mono0_fix1/shell0_X0_Y0_Z0_mono3_fix1/shell1_X-1_Y1_Z0_mono2_fix1//test20tig_AVDZ// DONE 7.441595710913052 7.501411867012628 9.622704140203066 24.565711718128746 2 -0.00050891 -0.00061910 -0.00061904 -0.00000002 0.00011014 0.00012698 0.00011725
shell0_X0_Y0_Z0_mono0_fix1/shell2_X0_Y2_Z0_mono3_fix1/shell2_X1_Y2_Z0_mono1_fix1//test20tig_AVDZ// DONE 7.441595701055088 9.62270415146066 7.501411869074303 24.565711721590052 2 -0.00050962 -0.00061910 -0.00061904 -0.00000002 0.00010943 0.00012697 0.00011683
shell0_X0_Y0_Z0_mono0_fix1/shell1_X-1_Y1_Z0_mono2_fix1/shell2_X0_Y2_Z0_mono1_fix1//test20tig_AVDZ// DONE 7.501411867012628 9.622704000650778 7.44159597328223 24.565711840945635 2 -0.00050947 -0.00061911 -0.00061903 -0.00000002 0.00010959 0.00012733 0.00011707
shell0_X0_Y0_Z0_mono0_fix1/shell1_X-1_Y1_Z1_mono3_fix1/shell1_X0_Y0_Z1_mono1_fix1//test20tig_AVDZ// DONE 9.808964124188245 7.239439282042159 7.633408780004605 24.68181218623501 2 0.00007512 0.00006858 0.00006857 -0.00000002 0.00000658 0.00000918 0.00000767
shell0_X0_Y0_Z0_mono0_fix1/shell1_X-1_Y1_Z1_mono3_fix1/shell1_X-1_Y0_Z0_mono2_fix1//test20tig_AVDZ// DONE 9.808964124188245 7.633408800312303 7.239439276977334 24.681812201477882 2 0.00007539 0.00006857 0.00006856 -0.00000002 0.00000685 0.00000930 0.00000788
shell0_X0_Y0_Z0_mono0_fix1/shell1_X0_Y1_Z-1_mono1_fix1/shell1_X1_Y1_Z0_mono2_fix1//test20tig_AVDZ// DONE 7.239439558657251 7.633409059299531 9.808964217582226 24.681812835539006 2 0.00007469 0.00006857 0.00006856 -0.00000002 0.00000615 0.00000929 0.00000747
shell0_X0_Y0_Z0_mono0_fix1/shell1_X1_Y0_Z-1_mono1_fix1/shell1_X-1_Y0_Z0_mono2_fix1//test20tig_AVDZ// DONE 7.239439500644278 7.633408800312303 9.808964691090507 24.681812992047085 2 0.00007503 0.00006857 0.00006856 -0.00000002 0.00000649 0.00000911 0.00000759
shell0_X0_Y0_Z0_mono0_fix1/shell1_X1_Y1_Z1_mono1_fix1/shell2_X2_Y1_Z1_mono3_fix1//test20tig_AVDZ// DONE 7.239439752791949 9.808964592842516 7.633409038991829 24.681813384626295 2 0.00007500 0.00006857 0.00006858 -0.00000002 0.00000645 0.00000932 0.00000766
shell0_X0_Y0_Z0_mono0_fix1/shell1_X1_Y1_Z0_mono2_fix1/shell2_X2_Y1_Z1_mono3_fix1//test20tig_AVDZ// DONE 7.633409059299531 9.808964592842516 7.239439744935367 24.681813397077413 2 0.00007358 0.00006858 0.00006856 -0.00000002 0.00000504 0.00000945 0.00000690
shell0_X0_Y0_Z0_mono0_fix1/shell0_X0_Y0_Z0_mono3_fix1/shell1_X1_Y-1_Z0_mono1_fix1//test20tig_AVDZ// DONE 7.441595710913052 9.622703562727217 7.633408780004605 24.697708053644874 2 0.00012682 0.00013281 0.00013298 -0.00000001 -0.00000615 0.00001846 0.00000423
shell0_X0_Y0_Z0_mono0_fix1/shell1_X-1_Y0_Z0_mono2_fix1/shell2_X0_Y2_Z0_mono3_fix1//test20tig_AVDZ// DONE 7.633408800312303 7.441595701055088 9.622703573984813 24.697708075352203 2 0.00012683 0.00013281 0.00013298 -0.00000001 -0.00000614 0.00001845 0.00000423
shell0_X0_Y0_Z0_mono0_fix1/shell1_X-1_Y0_Z0_mono2_fix1/shell1_X0_Y-1_Z0_mono1_fix1//test20tig_AVDZ// DONE 7.633408800312303 9.622703379953736 7.441595958121554 24.69770813838759 2 0.00012690 0.00013281 0.00013298 -0.00000001 -0.00000607 0.00001830 0.00000421
shell0_X0_Y0_Z0_mono0_fix1/shell1_X1_Y1_Z0_mono2_fix1/shell2_X1_Y2_Z0_mono1_fix1//test20tig_AVDZ// DONE 7.633409059299531 9.62270415146066 7.4415957489610856 24.697708959721275 2 0.00012659 0.00013282 0.00013298 -0.00000001 -0.00000638 0.00001839 0.00000407
shell0_X0_Y0_Z0_mono0_fix1/shell2_X0_Y2_Z0_mono1_fix1/shell2_X1_Y2_Z0_mono3_fix1//test20tig_AVDZ// DONE 9.622704000650778 7.441595929046747 7.633409038991829 24.697708968689355 2 0.00012690 0.00013282 0.00013298 -0.00000001 -0.00000607 0.00001838 0.00000424
shell0_X0_Y0_Z0_mono0_fix1/shell1_X1_Y0_Z0_mono3_fix1/shell1_X1_Y1_Z0_mono2_fix1//test20tig_AVDZ// DONE 7.441595913886067 7.633409059299531 9.622704006574553 24.69770897976015 2 0.00012681 0.00013282 0.00013298 -0.00000001 -0.00000616 0.00001828 0.00000415
shell0_X0_Y0_Z0_mono0_fix1/shell1_X-1_Y1_Z0_mono1_fix1/shell2_X0_Y2_Z0_mono3_fix1//test20tig_AVDZ// DONE 9.866507581504809 7.441595701055088 7.501411621956955 24.809514904516853 2 -0.00039708 -0.00057839 -0.00057812 -0.00000002 0.00018106 0.00014048 0.00016394
shell0_X0_Y0_Z0_mono0_fix1/shell0_X0_Y0_Z0_mono3_fix1/shell1_X1_Y0_Z0_mono2_fix1//test20tig_AVDZ// DONE 7.441595710913052 7.501411619895282 9.866507590895072 24.809514921703407 2 -0.00039727 -0.00057840 -0.00057812 -0.00000002 0.00018087 0.00014041 0.00016380
shell0_X0_Y0_Z0_mono0_fix1/shell1_X-1_Y0_Z0_mono1_fix1/shell1_X-1_Y1_Z0_mono2_fix1//test20tig_AVDZ// DONE 9.866507372310462 7.501411867012628 7.441595758819045 24.809514998142134 2 -0.00039697 -0.00057840 -0.00057812 -0.00000002 0.00018117 0.00014027 0.00016392
shell0_X0_Y0_Z0_mono0_fix1/shell1_X1_Y0_Z0_mono2_fix1/shell2_X2_Y1_Z0_mono1_fix1//test20tig_AVDZ// DONE 7.501411619895282 9.866508036508737 7.44159597328223 24.80951562968625 2 -0.00039700 -0.00057839 -0.00057812 -0.00000002 0.00018114 0.00014026 0.00016389
shell0_X0_Y0_Z0_mono0_fix1/shell1_X1_Y0_Z0_mono3_fix1/shell2_X2_Y0_Z0_mono1_fix1//test20tig_AVDZ// DONE 7.441595913886067 9.866507859478094 7.501411869074303 24.809515642438463 2 -0.00039706 -0.00057840 -0.00057812 -0.00000002 0.00018109 0.00014050 0.00016396
shell0_X0_Y0_Z0_mono0_fix1/shell1_X-1_Y1_Z0_mono2_fix1/shell2_X1_Y2_Z0_mono3_fix1//test20tig_AVDZ// DONE 7.501411867012628 7.441595929046747 9.866507864797589 24.809515660856963 2 -0.00039734 -0.00057839 -0.00057812 -0.00000002 0.00018080 0.00014049 0.00016379
shell0_X0_Y0_Z0_mono0_fix1/shell1_X-1_Y1_Z-1_mono0_fix1/shell1_X0_Y0_Z-1_mono0_fix1//test20tig_AVDZ// DONE 10.335202333258081 5.849414294420457 8.644867251306648 24.829483878985187 12 0.00003796 0.00005272 0.00005234 -0.00000003 -0.00001435 -0.00000877 -0.00001200
shell0_X0_Y0_Z0_mono0_fix1/shell1_X0_Y1_Z-1_mono3_fix1/shell2_X0_Y2_Z0_mono3_fix1//test20tig_AVDZ// DONE 9.090813705041763 7.441595701055088 8.343272834753902 24.87568224085075 4 0.00055163 0.00060392 0.00060426 -0.00000002 -0.00005261 -0.00008731 -0.00006725
shell0_X0_Y0_Z0_mono0_fix1/shell0_X0_Y0_Z0_mono3_fix1/shell1_X0_Y1_Z-1_mono3_fix1//test20tig_AVDZ// DONE 7.441595710913052 9.090813705041763 8.343272834753902 24.87568225070872 4 0.00025422 0.00021910 0.00021893 -0.00000001 0.00003531 -0.00001357 0.00001469
shell0_X0_Y0_Z0_mono0_fix1/shell1_X0_Y-1_Z-1_mono0_fix1/shell1_X0_Y1_Z-1_mono3_fix1//test20tig_AVDZ// DONE 8.34327286060742 9.090813705041763 7.441595701055088 24.87568226670427 8 0.00025461 0.00021910 0.00021893 -0.00000001 0.00003569 -0.00001365 0.00001487
shell0_X0_Y0_Z0_mono0_fix1/shell1_X0_Y1_Z-1_mono0_fix1/shell1_X0_Y1_Z-1_mono3_fix1//test20tig_AVDZ// DONE 8.34327286060742 9.090813705041763 7.441595710913052 24.875682276562234 8 0.00055215 0.00060391 0.00060426 -0.00000002 -0.00005209 -0.00008738 -0.00006698
shell0_X0_Y0_Z0_mono0_fix1/shell1_X0_Y0_Z-1_mono0_fix1/shell1_X0_Y-1_Z0_mono2_fix1//test20tig_AVDZ// DONE 5.849414294420457 9.535100747487162 9.535100747695719 24.919615789603338 2 0.00049280 0.00060806 0.00060864 -0.00000002 -0.00011582 -0.00010166 -0.00010984
shell0_X0_Y0_Z0_mono0_fix1/shell1_X0_Y-1_Z1_mono2_fix1/shell1_X0_Y-1_Z0_mono2_fix1//test20tig_AVDZ// DONE 9.535100747695719 9.535100747487162 5.849414447403712 24.91961594258659 1 0.00050348 0.00060806 0.00060866 -0.00000002 -0.00010515 -0.00010576 -0.00010541
shell0_X0_Y0_Z0_mono0_fix1/shell1_X0_Y0_Z-1_mono0_fix1/shell2_X0_Y2_Z0_mono2_fix1//test20tig_AVDZ// DONE 5.849414294420457 9.5351013545578 9.535101354766352 24.91961700374461 2 0.00050160 0.00060806 0.00060866 -0.00000002 -0.00010703 -0.00010574 -0.00010649
shell0_X0_Y0_Z0_mono0_fix1/shell2_X0_Y2_Z0_mono2_fix1/shell2_X0_Y2_Z1_mono2_fix1//test20tig_AVDZ// DONE 9.5351013545578 9.535101354766352 5.849414447403712 24.91961715672786 1 0.00050021 0.00060807 0.00060864 -0.00000002 -0.00010841 -0.00010187 -0.00010565
shell0_X0_Y0_Z0_mono0_fix1/shell0_X0_Y0_Z0_mono3_fix1/shell1_X-1_Y0_Z0_mono1_fix1//test20tig_AVDZ// DONE 7.441595710913052 9.866507372310462 7.633409038991829 24.941512122215343 2 0.00018276 0.00015052 0.00015110 -0.00000001 0.00003168 -0.00000632 0.00001565
shell0_X0_Y0_Z0_mono0_fix1/shell1_X1_Y1_Z0_mono2_fix1/shell2_X0_Y2_Z0_mono3_fix1//test20tig_AVDZ// DONE 7.633409059299531 7.441595701055088 9.866507362920204 24.941512123274826 2 0.00018346 0.00015053 0.00015113 -0.00000001 0.00003235 -0.00000637 0.00001601
shell0_X0_Y0_Z0_mono0_fix1/shell1_X-1_Y0_Z0_mono2_fix1/shell1_X-1_Y1_Z0_mono1_fix1//test20tig_AVDZ// DONE 7.633408800312303 9.866507581504809 7.4415957489610856 24.941512130778197 4 0.00018316 0.00015053 0.00015112 -0.00000001 0.00003206 -0.00000629 0.00001588
shell0_X0_Y0_Z0_mono0_fix1/shell1_X-1_Y0_Z0_mono2_fix1/shell1_X1_Y0_Z0_mono3_fix1//test20tig_AVDZ// DONE 7.633408800312303 7.441595913886067 9.86650803118924 24.94151274538761 2 0.00018355 0.00015052 0.00015111 -0.00000001 0.00003246 -0.00000636 0.00001608
shell0_X0_Y0_Z0_mono0_fix1/shell2_X2_Y1_Z0_mono1_fix1/shell2_X1_Y2_Z0_mono3_fix1//test20tig_AVDZ// DONE 9.866508036508737 7.441595929046747 7.633408780004605 24.941512745560086 2 0.00018280 0.00015052 0.00015110 -0.00000001 0.00003171 -0.00000629 0.00001568
shell0_X0_Y0_Z0_mono0_fix1/shell1_X0_Y0_Z-1_mono1_fix1/shell1_X1_Y0_Z0_mono0_fix1//test20tig_AVDZ// DONE 7.2394392820421585 6.357429267555808 11.348866390169837 24.945734939767803 4 -0.00050632 -0.00067189 -0.00067176 -0.00000002 0.00016546 0.00013380 0.00015210
shell0_X0_Y0_Z0_mono0_fix1/shell1_X-1_Y0_Z-1_mono1_fix1/shell1_X0_Y0_Z-1_mono1_fix1//test20tig_AVDZ// DONE 11.348866390169837 7.2394392820421585 6.357429417783243 24.94573508999524 2 0.00052145 0.00074898 0.00074901 -0.00000001 -0.00022754 -0.00016785 -0.00020236
shell0_X0_Y0_Z0_mono0_fix1/shell1_X-1_Y1_Z-1_mono1_fix1/shell1_X-1_Y0_Z0_mono0_fix1//test20tig_AVDZ// DONE 11.348866569053104 6.357429267555808 7.239439558657251 24.945735395266162 4 0.00052125 0.00074898 0.00074901 -0.00000001 -0.00022775 -0.00016787 -0.00020249
shell0_X0_Y0_Z0_mono0_fix1/shell1_X-1_Y1_Z-1_mono1_fix1/shell1_X0_Y1_Z-1_mono1_fix1//test20tig_AVDZ// DONE 11.348866569053104 7.239439558657251 6.357429417783243 24.945735545493598 2 -0.00050510 -0.00067189 -0.00067176 -0.00000001 0.00016667 0.00013234 0.00015219
shell0_X0_Y0_Z0_mono0_fix1/shell1_X1_Y0_Z-1_mono1_fix1/shell1_X-1_Y0_Z0_mono0_fix1//test20tig_AVDZ// DONE 7.239439500644278 6.357429267555808 11.348866808891877 24.945735577091963 4 0.00052108 0.00074899 0.00074901 -0.00000001 -0.00022792 -0.00016777 -0.00020254
shell0_X0_Y0_Z0_mono0_fix1/shell1_X1_Y0_Z-1_mono1_fix1/shell2_X2_Y0_Z-1_mono1_fix1//test20tig_AVDZ// DONE 7.239439500644278 11.348866808891877 6.357429417783243 24.9457357273194 2 -0.00050604 -0.00067189 -0.00067176 -0.00000002 0.00016574 0.00013335 0.00015207
shell0_X0_Y0_Z0_mono0_fix1/shell1_X1_Y1_Z-1_mono1_fix1/shell1_X-1_Y0_Z0_mono0_fix1//test20tig_AVDZ// DONE 7.239439752791947 6.357429267555808 11.348866967288222 24.945735987635977 4 -0.00050618 -0.00067188 -0.00067176 -0.00000002 0.00016560 0.00013375 0.00015216
shell0_X0_Y0_Z0_mono0_fix1/shell1_X1_Y1_Z-1_mono1_fix1/shell2_X2_Y1_Z-1_mono1_fix1//test20tig_AVDZ// DONE 7.239439752791947 11.348866967288222 6.357429417783243 24.945736137863413 2 0.00052104 0.00074899 0.00074901 -0.00000001 -0.00022796 -0.00016774 -0.00020256
shell0_X0_Y0_Z0_mono0_fix1/shell1_X1_Y-1_Z0_mono2_fix1/shell1_X0_Y-1_Z0_mono0_fix1//test20tig_AVDZ// DONE 11.315755743122564 6.14108504329124 7.501411619895282 24.958252406309086 4 -0.00149149 -0.00172509 -0.00172530 -0.00000002 0.00023382 0.00029441 0.00025938
shell0_X0_Y0_Z0_mono0_fix1/shell1_X1_Y-1_Z0_mono2_fix1/shell1_X1_Y0_Z0_mono2_fix1//test20tig_AVDZ// DONE 11.315755743122564 7.501411619895282 6.141085058035455 24.9582524210533 2 -0.00149633 -0.00172509 -0.00172530 -0.00000001 0.00022899 0.00029500 0.00025684
shell0_X0_Y0_Z0_mono0_fix1/shell1_X-1_Y1_Z0_mono2_fix1/shell1_X0_Y-1_Z0_mono0_fix1//test20tig_AVDZ// DONE 7.501411867012628 6.14108504329124 11.315756254589916 24.958253164893783 4 -0.00149541 -0.00172509 -0.00172530 -0.00000001 0.00022991 0.00029467 0.00025723
shell0_X0_Y0_Z0_mono0_fix1/shell1_X-1_Y1_Z0_mono2_fix1/shell2_X-1_Y2_Z0_mono2_fix1//test20tig_AVDZ// DONE 7.501411867012628 11.315756254589916 6.141085058035455 24.958253179637996 2 -0.00149126 -0.00172509 -0.00172530 -0.00000001 0.00023406 0.00029496 0.00025975
shell0_X0_Y0_Z0_mono0_fix1/shell1_X-1_Y0_Z-1_mono0_fix1/shell1_X-1_Y1_Z-1_mono0_fix1//test20tig_AVDZ// DONE 8.487159055786023 10.335202333258081 6.141085043291241 24.963446432335346 12 0.00024662 0.00034698 0.00034651 -0.00000006 -0.00009983 -0.00006486 -0.00008508
shell0_X0_Y0_Z0_mono0_fix1/shell1_X-1_Y1_Z-1_mono0_fix1/shell1_X0_Y1_Z-1_mono0_fix1//test20tig_AVDZ// DONE 10.335202333258081 8.34327286060742 6.357429267555808 25.03590446142131 12 0.00045874 0.00060093 0.00060060 -0.00000005 -0.00014182 -0.00011882 -0.00013211
shell0_X0_Y0_Z0_mono0_fix1/shell1_X-1_Y0_Z-1_mono0_fix1/shell1_X0_Y0_Z-1_mono2_fix1//test20tig_AVDZ// DONE 8.487159055786023 9.05722213145863 7.501411619895282 25.045792807139936 4 0.00049980 0.00058763 0.00058772 -0.00000001 -0.00008791 -0.00008375 -0.00008615
shell0_X0_Y0_Z0_mono0_fix1/shell1_X0_Y0_Z-1_mono2_fix1/shell1_X1_Y0_Z0_mono2_fix1//test20tig_AVDZ// DONE 9.05722213145863 7.501411619895282 8.487159167070894 25.04579291842481 2 0.00049870 0.00058763 0.00058773 -0.00000001 -0.00008901 -0.00008380 -0.00008681
shell0_X0_Y0_Z0_mono0_fix1/shell1_X0_Y1_Z-1_mono2_fix1/shell1_X1_Y0_Z-1_mono0_fix1//test20tig_AVDZ// DONE 9.057222342191656 8.487159055786023 7.501411867012628 25.04579326499031 4 0.00049914 0.00058763 0.00058773 -0.00000001 -0.00008857 -0.00008383 -0.00008657
shell0_X0_Y0_Z0_mono0_fix1/shell1_X0_Y1_Z-1_mono2_fix1/shell1_X-1_Y1_Z0_mono2_fix1//test20tig_AVDZ// DONE 9.057222342191656 7.501411867012628 8.487159167070894 25.045793376275178 2 0.00049843 0.00058764 0.00058772 -0.00000001 -0.00008927 -0.00008376 -0.00008695
shell0_X0_Y0_Z0_mono0_fix1/shell1_X-1_Y-1_Z-1_mono0_fix1/shell1_X-1_Y0_Z-1_mono0_fix1//test20tig_AVDZ// DONE 10.43816662971961 8.487159055786023 6.141085043291241 25.066410728796875 12 0.00001234 0.00001659 0.00001619 -0.00000002 -0.00000383 0.00003395 0.00001211
shell0_X0_Y0_Z0_mono0_fix1/shell1_X-1_Y-1_Z-1_mono0_fix1/shell1_X0_Y0_Z-1_mono0_fix1//test20tig_AVDZ// DONE 10.43816662971961 5.849414294420457 8.821829156691244 25.10941008083131 12 -0.00025985 -0.00039037 -0.00039043 -0.00000001 0.00013058 0.00011977 0.00012602
shell0_X0_Y0_Z0_mono0_fix1/shell1_X-1_Y-1_Z-1_mono0_fix1/shell1_X0_Y-1_Z-1_mono0_fix1//test20tig_AVDZ// DONE 10.43816662971961 8.34327286060742 6.357429267555808 25.13886875788284 12 -0.00036383 -0.00038784 -0.00038815 -0.00000001 0.00002434 0.00010679 0.00005912
shell0_X0_Y0_Z0_mono0_fix1/shell1_X0_Y0_Z-1_mono0_fix1/shell1_X0_Y0_Z1_mono1_fix1//test20tig_AVDZ// DONE 5.849414294420457 7.239439282042159 12.087810429752329 25.176664006214946 8 -0.00083433 -0.00102264 -0.00102225 -0.00000001 0.00018793 0.00023391 0.00020733
shell0_X0_Y0_Z0_mono0_fix1/shell1_X0_Y0_Z-1_mono1_fix1/shell2_X0_Y0_Z-2_mono1_fix1//test20tig_AVDZ// DONE 7.2394392820421585 12.087810429752329 5.849414412295252 25.17666412408974 4 0.00072906 0.00100687 0.00100704 -0.00000001 -0.00027797 -0.00027644 -0.00027732
shell0_X0_Y0_Z0_mono0_fix1/shell1_X0_Y0_Z-1_mono0_fix1/shell2_X1_Y0_Z-2_mono1_fix1//test20tig_AVDZ// DONE 5.849414294420457 12.08781055914772 7.239439500644278 25.176664354212452 4 0.00072898 0.00100687 0.00100703 -0.00000001 -0.00027805 -0.00027633 -0.00027732
shell0_X0_Y0_Z0_mono0_fix1/shell1_X0_Y0_Z-1_mono0_fix1/shell1_X0_Y1_Z1_mono1_fix1//test20tig_AVDZ// DONE 5.849414294420457 7.239439558657251 12.087810591547129 25.176664444624837 4 0.00072903 0.00100687 0.00100704 -0.00000001 -0.00027800 -0.00027637 -0.00027731
shell0_X0_Y0_Z0_mono0_fix1/shell1_X1_Y0_Z-1_mono1_fix1/shell2_X1_Y0_Z-2_mono1_fix1//test20tig_AVDZ// DONE 7.239439500644278 12.08781055914772 5.849414412295252 25.176664472087246 2 -0.00083507 -0.00102263 -0.00102225 -0.00000000 0.00018718 0.00023484 0.00020729
shell0_X0_Y0_Z0_mono0_fix1/shell1_X0_Y1_Z-1_mono1_fix1/shell2_X0_Y1_Z-2_mono1_fix1//test20tig_AVDZ// DONE 7.239439558657251 12.087810591547129 5.849414412295252 25.17666456249963 2 -0.00083385 -0.00102264 -0.00102225 -0.00000000 0.00018841 0.00023320 0.00020730
shell0_X0_Y0_Z0_mono0_fix1/shell1_X0_Y0_Z-1_mono2_fix1/shell1_X1_Y0_Z-1_mono0_fix1//test20tig_AVDZ// DONE 9.05722213145863 8.487159055786023 7.633408800312303 25.177789987556956 4 -0.00018940 -0.00031754 -0.00031728 -0.00000001 0.00012790 0.00009164 0.00011260
shell0_X0_Y0_Z0_mono0_fix1/shell1_X0_Y0_Z-1_mono2_fix1/shell1_X-1_Y0_Z0_mono2_fix1//test20tig_AVDZ// DONE 9.05722213145863 7.633408800312303 8.487159167070894 25.177790098841825 2 -0.00018722 -0.00031755 -0.00031728 -0.00000001 0.00013008 0.00009160 0.00011385
shell0_X0_Y0_Z0_mono0_fix1/shell1_X-1_Y0_Z-1_mono0_fix1/shell1_X0_Y1_Z-1_mono2_fix1//test20tig_AVDZ// DONE 8.487159055786023 9.057222342191656 7.633409059299531 25.17779045727721 4 -0.00018906 -0.00031754 -0.00031728 -0.00000001 0.00012823 0.00009147 0.00011272
shell0_X0_Y0_Z0_mono0_fix1/shell1_X0_Y1_Z-1_mono2_fix1/shell1_X1_Y1_Z0_mono2_fix1//test20tig_AVDZ// DONE 9.057222342191656 7.633409059299531 8.487159167070894 25.17779056856208 2 -0.00019042 -0.00031754 -0.00031728 -0.00000001 0.00012688 0.00009170 0.00011203
shell0_X0_Y0_Z0_mono0_fix1/shell1_X-1_Y0_Z0_mono0_fix1/shell1_X1_Y0_Z0_mono0_fix1//test20tig_AVDZ// DONE 6.357429267555808 6.357429267555808 12.473424418076704 25.18828295318832 3 0.00138758 0.00181406 0.00181401 -0.00000001 -0.00042642 -0.00046437 -0.00044243
shell0_X0_Y0_Z0_mono0_fix1/shell1_X0_Y-1_Z-1_mono0_fix1/shell1_X0_Y-1_Z0_mono1_fix1//test20tig_AVDZ// DONE 8.34327286060742 9.622703379953736 7.239439282042159 25.205415522603314 4 0.00016880 0.00021802 0.00021828 -0.00000002 -0.00004946 -0.00000729 -0.00003167
shell0_X0_Y0_Z0_mono0_fix1/shell1_X0_Y0_Z-1_mono1_fix1/shell1_X0_Y-1_Z0_mono1_fix1//test20tig_AVDZ// DONE 7.2394392820421585 9.622703379953736 8.343272892091754 25.205415554087647 2 0.00074026 0.00088000 0.00087986 -0.00000002 -0.00013957 -0.00015157 -0.00014463
shell0_X0_Y0_Z0_mono0_fix1/shell1_X0_Y1_Z-1_mono0_fix1/shell1_X1_Y0_Z-1_mono1_fix1//test20tig_AVDZ// DONE 8.34327286060742 7.239439500644278 9.622703562727217 25.205415923978915 4 0.00074119 0.00088000 0.00087986 -0.00000002 -0.00013864 -0.00015156 -0.00014409
shell0_X0_Y0_Z0_mono0_fix1/shell1_X1_Y0_Z-1_mono1_fix1/shell1_X1_Y-1_Z0_mono1_fix1//test20tig_AVDZ// DONE 7.239439500644278 9.622703562727217 8.343272892091754 25.20541595546325 2 0.00016870 0.00021802 0.00021828 -0.00000002 -0.00004956 -0.00000761 -0.00003186
shell0_X0_Y0_Z0_mono0_fix1/shell1_X0_Y-1_Z-1_mono0_fix1/shell1_X0_Y1_Z-1_mono1_fix1//test20tig_AVDZ// DONE 8.34327286060742 7.239439558657251 9.622704000650778 25.20541641991545 4 0.00074566 0.00088000 0.00087985 -0.00000002 -0.00013417 -0.00015205 -0.00014172
shell0_X0_Y0_Z0_mono0_fix1/shell1_X0_Y1_Z-1_mono1_fix1/shell2_X0_Y2_Z0_mono1_fix1//test20tig_AVDZ// DONE 7.239439558657251 9.622704000650778 8.343272892091754 25.205416451399785 2 0.00016867 0.00021802 0.00021828 -0.00000002 -0.00004959 -0.00000737 -0.00003178
shell0_X0_Y0_Z0_mono0_fix1/shell1_X0_Y-1_Z-1_mono0_fix1/shell1_X1_Y1_Z-1_mono1_fix1//test20tig_AVDZ// DONE 8.34327286060742 7.239439752791947 9.62270415146066 25.205416764860026 4 0.00016946 0.00021803 0.00021830 -0.00000002 -0.00004882 -0.00000820 -0.00003168
shell0_X0_Y0_Z0_mono0_fix1/shell1_X1_Y1_Z-1_mono1_fix1/shell2_X1_Y2_Z0_mono1_fix1//test20tig_AVDZ// DONE 7.239439752791947 9.62270415146066 8.343272892091754 25.20541679634436 2 0.00074135 0.00088000 0.00087985 -0.00000002 -0.00013848 -0.00015158 -0.00014401
shell0_X0_Y0_Z0_mono0_fix1/shell1_X-1_Y-1_Z0_mono2_fix1/shell1_X0_Y-1_Z0_mono0_fix1//test20tig_AVDZ// DONE 11.435515355585895 6.14108504329124 7.633408800312303 25.21000919918944 4 -0.00078565 -0.00097042 -0.00097082 -0.00000001 0.00018518 0.00020553 0.00019376
shell0_X0_Y0_Z0_mono0_fix1/shell1_X-1_Y-1_Z0_mono2_fix1/shell1_X-1_Y0_Z0_mono2_fix1//test20tig_AVDZ// DONE 11.435515355585895 7.633408800312303 6.141085058035455 25.210009213933652 2 -0.00078548 -0.00097041 -0.00097084 -0.00000001 0.00018537 0.00020531 0.00019378
shell0_X0_Y0_Z0_mono0_fix1/shell1_X1_Y1_Z0_mono2_fix1/shell1_X0_Y-1_Z0_mono0_fix1//test20tig_AVDZ// DONE 7.633409059299531 6.14108504329124 11.435515861312147 25.21000996390292 4 -0.00078510 -0.00097042 -0.00097084 -0.00000001 0.00018575 0.00020499 0.00019386
shell0_X0_Y0_Z0_mono0_fix1/shell1_X1_Y1_Z0_mono2_fix1/shell2_X1_Y2_Z0_mono2_fix1//test20tig_AVDZ// DONE 7.633409059299531 11.435515861312147 6.141085058035455 25.210009978647133 2 -0.00078609 -0.00097041 -0.00097082 -0.00000001 0.00018474 0.00020585 0.00019364
shell0_X0_Y0_Z0_mono0_fix1/shell2_X-1_Y2_Z0_mono3_fix1/shell2_X0_Y2_Z0_mono3_fix1//test20tig_AVDZ// DONE 11.502609029793193 7.441595701055088 6.357429264530413 25.301633995378694 4 0.00127725 0.00148707 0.00148745 -0.00000002 -0.00021019 -0.00028836 -0.00024317
shell0_X0_Y0_Z0_mono0_fix1/shell1_X-1_Y0_Z0_mono0_fix1/shell2_X-1_Y2_Z0_mono3_fix1//test20tig_AVDZ// DONE 6.357429267555808 11.502609029793193 7.441595701055088 25.30163399840409 8 0.00068931 0.00094146 0.00094211 -0.00000001 -0.00025279 -0.00020273 -0.00023167
shell0_X0_Y0_Z0_mono0_fix1/shell0_X0_Y0_Z0_mono3_fix1/shell1_X-1_Y0_Z0_mono3_fix1//test20tig_AVDZ// DONE 7.441595710913052 11.502609040752764 6.357429264530413 25.30163401619623 4 0.00068963 0.00094147 0.00094211 -0.00000001 -0.00025247 -0.00020277 -0.00023150
shell0_X0_Y0_Z0_mono0_fix1/shell0_X0_Y0_Z0_mono3_fix1/shell1_X1_Y0_Z0_mono0_fix1//test20tig_AVDZ// DONE 7.441595710913052 6.357429267555808 11.502609040752764 25.301634019221623 8 0.00127253 0.00148707 0.00148746 -0.00000002 -0.00021491 -0.00028842 -0.00024592
shell0_X0_Y0_Z0_mono0_fix1/shell1_X-1_Y1_Z1_mono3_fix1/shell1_X-1_Y1_Z0_mono3_fix1//test20tig_AVDZ// DONE 9.808964124188245 9.808964123986634 5.849414259311995 25.467342507486872 2 -0.00005588 -0.00001448 -0.00001469 -0.00000002 -0.00004117 0.00001792 -0.00001624
shell0_X0_Y0_Z0_mono0_fix1/shell1_X0_Y0_Z-1_mono0_fix1/shell1_X-1_Y1_Z0_mono3_fix1//test20tig_AVDZ// DONE 5.849414294420457 9.808964123986634 9.808964124188245 25.467342542595336 4 -0.00007801 -0.00001449 -0.00001469 -0.00000003 -0.00006329 0.00001778 -0.00002909
shell0_X0_Y0_Z0_mono0_fix1/shell1_X-1_Y0_Z-1_mono0_fix1/shell1_X0_Y-1_Z-1_mono0_fix1//test20tig_AVDZ// DONE 8.487159055786023 8.34327286060742 8.644867251306648 25.475299167700094 12 0.00144124 0.00159686 0.00159686 -0.00000002 -0.00015561 -0.00027382 -0.00020548
shell0_X0_Y0_Z0_mono0_fix1/shell1_X-1_Y0_Z-1_mono0_fix1/shell1_X-1_Y0_Z0_mono1_fix1//test20tig_AVDZ// DONE 8.487159055786023 9.866507372310462 7.239439282042159 25.593105710138644 4 0.00002509 0.00007024 0.00007017 -0.00000002 -0.00004505 0.00001306 -0.00002054
shell0_X0_Y0_Z0_mono0_fix1/shell1_X0_Y0_Z-1_mono1_fix1/shell1_X-1_Y0_Z0_mono1_fix1//test20tig_AVDZ// DONE 7.2394392820421585 9.866507372310462 8.487159154940175 25.593105809292794 2 0.00037920 0.00040408 0.00040413 -0.00000002 -0.00002491 -0.00006580 -0.00004216
shell0_X0_Y0_Z0_mono0_fix1/shell1_X-1_Y0_Z-1_mono0_fix1/shell1_X-1_Y1_Z0_mono1_fix1//test20tig_AVDZ// DONE 8.487159055786023 9.866507581504809 7.239439558657251 25.59310619594808 4 0.00037957 0.00040408 0.00040413 -0.00000002 -0.00002454 -0.00006626 -0.00004214
shell0_X0_Y0_Z0_mono0_fix1/shell1_X0_Y1_Z-1_mono1_fix1/shell1_X-1_Y1_Z0_mono1_fix1//test20tig_AVDZ// DONE 7.239439558657251 9.866507581504809 8.487159154940175 25.59310629510223 2 0.00002467 0.00007024 0.00007017 -0.00000002 -0.00004548 0.00001318 -0.00002073
shell0_X0_Y0_Z0_mono0_fix1/shell1_X-1_Y0_Z-1_mono0_fix1/shell1_X1_Y0_Z-1_mono1_fix1//test20tig_AVDZ// DONE 8.487159055786023 7.239439500644278 9.866507859478094 25.593106415908395 4 0.00037936 0.00040408 0.00040413 -0.00000002 -0.00002475 -0.00006599 -0.00004214
shell0_X0_Y0_Z0_mono0_fix1/shell1_X1_Y0_Z-1_mono1_fix1/shell2_X2_Y0_Z0_mono1_fix1//test20tig_AVDZ// DONE 7.239439500644278 9.866507859478094 8.487159154940175 25.593106515062544 2 0.00002465 0.00007024 0.00007017 -0.00000002 -0.00004549 0.00001312 -0.00002077
shell0_X0_Y0_Z0_mono0_fix1/shell1_X-1_Y0_Z-1_mono0_fix1/shell1_X1_Y1_Z-1_mono1_fix1//test20tig_AVDZ// DONE 8.487159055786023 7.239439752791947 9.866508036508737 25.59310684508671 4 0.00002522 0.00007024 0.00007015 -0.00000002 -0.00004491 0.00001270 -0.00002061
shell0_X0_Y0_Z0_mono0_fix1/shell1_X1_Y1_Z-1_mono1_fix1/shell2_X2_Y1_Z0_mono1_fix1//test20tig_AVDZ// DONE 7.239439752791947 9.866508036508737 8.487159154940175 25.59310694424086 2 0.00037930 0.00040408 0.00040413 -0.00000002 -0.00002481 -0.00006593 -0.00004216
shell0_X0_Y0_Z0_mono0_fix1/shell1_X-1_Y0_Z0_mono0_fix1/shell1_X0_Y-1_Z0_mono1_fix1//test20tig_AVDZ// DONE 6.357429267555808 9.622703379953736 9.622703562727217 25.60283621023676 2 -0.00081869 -0.00105724 -0.00105737 -0.00000001 0.00023869 0.00023630 0.00023768
shell0_X0_Y0_Z0_mono0_fix1/shell1_X1_Y-1_Z0_mono1_fix1/shell1_X0_Y-1_Z0_mono1_fix1//test20tig_AVDZ// DONE 9.622703562727217 9.622703379953736 6.357429417783243 25.602836360464195 1 -0.00081883 -0.00105724 -0.00105736 -0.00000001 0.00023854 0.00023587 0.00023741
shell0_X0_Y0_Z0_mono0_fix1/shell1_X-1_Y0_Z0_mono0_fix1/shell2_X0_Y2_Z0_mono1_fix1//test20tig_AVDZ// DONE 6.357429267555808 9.622704000650778 9.62270415146066 25.602837419667246 2 -0.00080066 -0.00105724 -0.00105738 -0.00000001 0.00025673 0.00023514 0.00024762
shell0_X0_Y0_Z0_mono0_fix1/shell2_X0_Y2_Z0_mono1_fix1/shell2_X1_Y2_Z0_mono1_fix1//test20tig_AVDZ// DONE 9.622704000650778 9.62270415146066 6.357429417783243 25.60283756989468 1 -0.00080289 -0.00105724 -0.00105737 -0.00000001 0.00025449 0.00023575 0.00024658
shell0_X0_Y0_Z0_mono0_fix1/shell0_X0_Y0_Z0_mono3_fix1/shell1_X1_Y0_Z1_mono1_fix1//test20tig_AVDZ// DONE 7.441595710913052 7.239439500644279 10.938276818547493 25.619312030104822 2 -0.00027509 -0.00036400 -0.00036394 -0.00000002 0.00008887 0.00007894 0.00008468
shell0_X0_Y0_Z0_mono0_fix1/shell1_X-1_Y1_Z-1_mono2_fix1/shell2_X0_Y2_Z0_mono3_fix1//test20tig_AVDZ// DONE 10.938276828330801 7.441595701055088 7.239439508500856 25.619312037886743 2 -0.00027498 -0.00036400 -0.00036394 -0.00000002 0.00008898 0.00007918 0.00008485
shell0_X0_Y0_Z0_mono0_fix1/shell1_X-1_Y1_Z-1_mono2_fix1/shell1_X0_Y0_Z-1_mono1_fix1//test20tig_AVDZ// DONE 10.938276828330801 7.2394392820421585 7.441595958121554 25.619312068494512 2 -0.00027625 -0.00036400 -0.00036395 -0.00000002 0.00008772 0.00007912 0.00008409
shell0_X0_Y0_Z0_mono0_fix1/shell1_X1_Y0_Z-1_mono2_fix1/shell1_X1_Y0_Z0_mono3_fix1//test20tig_AVDZ// DONE 10.938276656130684 7.441595913886067 7.239439563722079 25.61931213373883 2 -0.00027797 -0.00036400 -0.00036394 -0.00000002 0.00008598 0.00007903 0.00008305
shell0_X0_Y0_Z0_mono0_fix1/shell1_X0_Y1_Z1_mono1_fix1/shell2_X1_Y2_Z0_mono3_fix1//test20tig_AVDZ// DONE 7.239439558657251 7.441595929046747 10.938276646347376 25.619312134051373 2 -0.00027770 -0.00036400 -0.00036394 -0.00000002 0.00008626 0.00007912 0.00008325
shell0_X0_Y0_Z0_mono0_fix1/shell1_X1_Y0_Z-1_mono2_fix1/shell1_X1_Y1_Z-1_mono1_fix1//test20tig_AVDZ// DONE 10.938276656130684 7.239439752791947 7.4415957489610856 25.619312157883716 2 -0.00027576 -0.00036400 -0.00036395 -0.00000002 0.00008821 0.00007909 0.00008436
shell0_X0_Y0_Z0_mono0_fix1/shell1_X1_Y0_Z-1_mono3_fix1/shell1_X1_Y0_Z0_mono2_fix1//test20tig_AVDZ// DONE 10.880868078478514 7.501411619895282 7.239439563722077 25.621719262095873 4 0.00076286 0.00092020 0.00092007 -0.00000001 -0.00015720 -0.00015960 -0.00015822
shell0_X0_Y0_Z0_mono0_fix1/shell1_X0_Y1_Z-1_mono1_fix1/shell2_X1_Y2_Z-1_mono3_fix1//test20tig_AVDZ// DONE 7.239439558657251 10.880868083630029 7.501411621956955 25.621719264244234 4 0.00076321 0.00092020 0.00092007 -0.00000001 -0.00015686 -0.00015960 -0.00015802
shell0_X0_Y0_Z0_mono0_fix1/shell1_X0_Y0_Z1_mono1_fix1/shell1_X-1_Y1_Z0_mono2_fix1//test20tig_AVDZ// DONE 7.239439282042159 7.501411867012628 10.880868139575282 25.621719288630068 4 0.00076319 0.00092020 0.00092007 -0.00000001 -0.00015687 -0.00015972 -0.00015807
shell0_X0_Y0_Z0_mono0_fix1/shell1_X-1_Y0_Z-1_mono0_fix1/shell1_X0_Y1_Z-1_mono0_fix1//test20tig_AVDZ// DONE 8.487159055786023 8.34327286060742 8.821829156691244 25.652261073084688 12 -0.00017157 -0.00020345 -0.00020357 -0.00000002 0.00003202 0.00005965 0.00004367
shell0_X0_Y0_Z0_mono0_fix1/shell1_X0_Y0_Z1_mono1_fix1/shell1_X1_Y0_Z0_mono3_fix1//test20tig_AVDZ// DONE 7.239439282042159 7.441595913886067 10.98134847444212 25.662383670370346 2 -0.00041847 -0.00059872 -0.00059862 -0.00000001 0.00018016 0.00013615 0.00016160
shell0_X0_Y0_Z0_mono0_fix1/shell1_X1_Y1_Z-1_mono2_fix1/shell2_X1_Y2_Z0_mono3_fix1//test20tig_AVDZ// DONE 10.981348491203732 7.441595929046747 7.239439276977334 25.662383697227817 2 -0.00041738 -0.00059872 -0.00059862 -0.00000001 0.00018125 0.00013584 0.00016209
shell0_X0_Y0_Z0_mono0_fix1/shell1_X1_Y1_Z1_mono1_fix1/shell2_X0_Y2_Z0_mono3_fix1//test20tig_AVDZ// DONE 7.239439752791949 7.441595701055088 10.98134829672238 25.66238375056942 2 -0.00041813 -0.00059873 -0.00059863 -0.00000001 0.00018051 0.00013614 0.00016179
shell0_X0_Y0_Z0_mono0_fix1/shell1_X1_Y0_Z-1_mono1_fix1/shell1_X1_Y1_Z-1_mono2_fix1//test20tig_AVDZ// DONE 7.239439500644278 10.981348491203732 7.441595758819045 25.662383750667054 2 -0.00041775 -0.00059872 -0.00059862 -0.00000001 0.00018088 0.00013567 0.00016181
shell0_X0_Y0_Z0_mono0_fix1/shell0_X0_Y0_Z0_mono3_fix1/shell1_X-1_Y0_Z-1_mono2_fix1//test20tig_AVDZ// DONE 7.441595710913052 10.981348313483988 7.239439744935367 25.662383769332408 2 -0.00041927 -0.00059872 -0.00059862 -0.00000001 0.00017937 0.00013816 0.00016198
shell0_X0_Y0_Z0_mono0_fix1/shell1_X-1_Y0_Z-1_mono2_fix1/shell1_X0_Y1_Z-1_mono1_fix1//test20tig_AVDZ// DONE 10.981348313483988 7.239439558657251 7.44159597328223 25.662383845423467 2 -0.00041808 -0.00059873 -0.00059862 -0.00000001 0.00018055 0.00013610 0.00016180
shell0_X0_Y0_Z0_mono0_fix1/shell1_X0_Y0_Z-1_mono1_fix1/shell1_X1_Y0_Z-1_mono3_fix1//test20tig_AVDZ// DONE 7.2394392820421585 10.880868078478514 7.633409038991829 25.753716399512502 4 -0.00018375 -0.00020745 -0.00020798 -0.00000001 0.00002424 0.00005342 0.00003655
shell0_X0_Y0_Z0_mono0_fix1/shell1_X1_Y1_Z0_mono2_fix1/shell2_X1_Y2_Z-1_mono3_fix1//test20tig_AVDZ// DONE 7.633409059299531 10.880868083630029 7.239439276977334 25.753716419906894 4 -0.00018384 -0.00020744 -0.00020798 -0.00000001 0.00002415 0.00005346 0.00003651
shell0_X0_Y0_Z0_mono0_fix1/shell1_X0_Y1_Z1_mono1_fix1/shell1_X-1_Y0_Z0_mono2_fix1//test20tig_AVDZ// DONE 7.239439558657251 7.633408800312303 10.880868144726799 25.753716503696353 4 -0.00018381 -0.00020744 -0.00020798 -0.00000001 0.00002418 0.00005347 0.00003653
shell0_X0_Y0_Z0_mono0_fix1/shell1_X0_Y0_Z-1_mono1_fix1/shell2_X0_Y0_Z-2_mono0_fix1//test20tig_AVDZ// DONE 7.2394392820421585 11.29705896538643 7.239439282042159 25.77593752947075 2 0.00015535 0.00021654 0.00021683 -0.00000001 -0.00006146 -0.00001240 -0.00004077
shell0_X0_Y0_Z0_mono0_fix1/shell1_X0_Y0_Z-1_mono1_fix1/shell1_X0_Y0_Z1_mono1_fix1//test20tig_AVDZ// DONE 7.2394392820421585 7.239439282042159 11.297059029207528 25.775937593291847 1 -0.00034396 -0.00041021 -0.00040988 -0.00000001 0.00006593 0.00010251 0.00008136
shell0_X0_Y0_Z0_mono0_fix1/shell1_X1_Y0_Z1_mono1_fix1/shell2_X0_Y0_Z2_mono0_fix1//test20tig_AVDZ// DONE 7.239439500644279 11.29705896538643 7.239439500644278 25.775937966674984 2 -0.00037873 -0.00041021 -0.00040989 -0.00000001 0.00003117 0.00010304 0.00006149
shell0_X0_Y0_Z0_mono0_fix1/shell1_X1_Y0_Z-1_mono1_fix1/shell1_X1_Y0_Z1_mono1_fix1//test20tig_AVDZ// DONE 7.239439500644278 7.239439500644279 11.297059029207528 25.775938030496086 1 0.00016823 0.00021653 0.00021682 -0.00000001 -0.00004858 -0.00001431 -0.00003412
shell0_X0_Y0_Z0_mono0_fix1/shell1_X0_Y1_Z-1_mono1_fix1/shell2_X0_Y0_Z-2_mono0_fix1//test20tig_AVDZ// DONE 7.239439558657251 11.29705896538643 7.239439558657251 25.775938082700932 2 -0.00034329 -0.00041020 -0.00040988 -0.00000001 0.00006660 0.00010264 0.00008181
shell0_X0_Y0_Z0_mono0_fix1/shell1_X0_Y1_Z-1_mono1_fix1/shell1_X0_Y1_Z1_mono1_fix1//test20tig_AVDZ// DONE 7.239439558657251 7.239439558657251 11.297059029207528 25.77593814652203 1 0.00016766 0.00021654 0.00021683 -0.00000001 -0.00004916 -0.00001363 -0.00003417
shell0_X0_Y0_Z0_mono0_fix1/shell1_X1_Y1_Z1_mono1_fix1/shell2_X0_Y0_Z2_mono0_fix1//test20tig_AVDZ// DONE 7.239439752791949 11.29705896538643 7.239439752791947 25.775938470970324 2 0.00017264 0.00021654 0.00021683 -0.00000002 -0.00004417 -0.00001344 -0.00003121
shell0_X0_Y0_Z0_mono0_fix1/shell1_X1_Y1_Z-1_mono1_fix1/shell1_X1_Y1_Z1_mono1_fix1//test20tig_AVDZ// DONE 7.239439752791947 7.239439752791949 11.297059029207528 25.775938534791422 1 -0.00037604 -0.00041021 -0.00040988 -0.00000001 0.00003385 0.00010218 0.00006268
shell0_X0_Y0_Z0_mono0_fix1/shell1_X1_Y-1_Z0_mono0_fix1/shell1_X0_Y-1_Z0_mono2_fix1//test20tig_AVDZ// DONE 8.644867251306648 9.535100747487162 7.633408800312303 25.813376799106113 4 0.00098264 0.00108129 0.00108120 -0.00000002 -0.00009854 -0.00018776 -0.00013618
shell0_X0_Y0_Z0_mono0_fix1/shell1_X-1_Y0_Z0_mono2_fix1/shell1_X0_Y-1_Z0_mono2_fix1//test20tig_AVDZ// DONE 7.633408800312303 9.535100747487162 8.644867263827603 25.81337681162707 2 0.00098279 0.00108129 0.00108120 -0.00000002 -0.00009839 -0.00018771 -0.00013607
shell0_X0_Y0_Z0_mono0_fix1/shell1_X-1_Y1_Z0_mono0_fix1/shell2_X0_Y2_Z0_mono2_fix1//test20tig_AVDZ// DONE 8.644867251306648 9.5351013545578 7.633409059299531 25.813377665163976 4 0.00098283 0.00108129 0.00108120 -0.00000002 -0.00009835 -0.00018776 -0.00013607
shell0_X0_Y0_Z0_mono0_fix1/shell1_X1_Y1_Z0_mono2_fix1/shell2_X0_Y2_Z0_mono2_fix1//test20tig_AVDZ// DONE 7.633409059299531 9.5351013545578 8.644867263827603 25.813377677684933 2 0.00098255 0.00108129 0.00108120 -0.00000002 -0.00009863 -0.00018771 -0.00013621
shell0_X0_Y0_Z0_mono0_fix1/shell1_X1_Y0_Z0_mono2_fix1/shell1_X1_Y1_Z0_mono0_fix1//test20tig_AVDZ// DONE 7.501411619895282 8.821829156691244 9.535100747487162 25.858341524073687 4 0.00049026 0.00052324 0.00052359 -0.00000001 -0.00003332 -0.00007810 -0.00005221
shell0_X0_Y0_Z0_mono0_fix1/shell1_X1_Y0_Z0_mono2_fix1/shell1_X0_Y-1_Z0_mono2_fix1//test20tig_AVDZ// DONE 7.501411619895282 9.535100747487162 8.821829254418137 25.85834162180058 2 0.00048954 0.00052324 0.00052359 -0.00000001 -0.00003403 -0.00007769 -0.00005245
shell0_X0_Y0_Z0_mono0_fix1/shell1_X-1_Y-1_Z0_mono0_fix1/shell1_X-1_Y1_Z0_mono2_fix1//test20tig_AVDZ// DONE 8.821829156691244 7.501411867012628 9.5351013545578 25.85834237826167 4 0.00048961 0.00052324 0.00052358 -0.00000001 -0.00003396 -0.00007770 -0.00005241
shell0_X0_Y0_Z0_mono0_fix1/shell1_X-1_Y1_Z0_mono2_fix1/shell2_X0_Y2_Z0_mono2_fix1//test20tig_AVDZ// DONE 7.501411867012628 9.5351013545578 8.821829254418137 25.858342475988565 2 0.00048940 0.00052324 0.00052358 -0.00000002 -0.00003417 -0.00007746 -0.00005243
shell0_X0_Y0_Z0_mono0_fix1/shell1_X-1_Y0_Z0_mono1_fix1/shell1_X-1_Y1_Z0_mono1_fix1//test20tig_AVDZ// DONE 9.866507372310462 9.866507581504809 6.141085020779474 25.874099974594746 2 -0.00068423 -0.00090469 -0.00090437 -0.00000001 0.00022016 0.00018868 0.00020688
shell0_X0_Y0_Z0_mono0_fix1/shell1_X-1_Y0_Z0_mono1_fix1/shell1_X0_Y-1_Z0_mono0_fix1//test20tig_AVDZ// DONE 9.866507372310462 6.14108504329124 9.866507581504809 25.874099997106512 4 -0.00069066 -0.00090469 -0.00090438 -0.00000001 0.00021372 0.00019826 0.00020720
shell0_X0_Y0_Z0_mono0_fix1/shell1_X-1_Y1_Z0_mono3_fix1/shell2_X0_Y2_Z0_mono3_fix1//test20tig_AVDZ// DONE 9.808964123986634 7.441595701055088 8.644867254468636 25.89542707951036 4 -0.00043092 -0.00068482 -0.00068525 -0.00000002 0.00025436 0.00016057 0.00021479
shell0_X0_Y0_Z0_mono0_fix1/shell0_X0_Y0_Z0_mono3_fix1/shell1_X1_Y-1_Z0_mono0_fix1//test20tig_AVDZ// DONE 7.441595710913052 8.644867251306648 9.808964123986634 25.895427086206332 8 -0.00043122 -0.00068482 -0.00068525 -0.00000002 0.00025406 0.00016073 0.00021468
shell0_X0_Y0_Z0_mono0_fix1/shell1_X1_Y-1_Z1_mono2_fix1/shell1_X1_Y0_Z0_mono3_fix1//test20tig_AVDZ// DONE 11.315755743299297 7.441595913886067 7.239439276977334 25.996790934162696 2 -0.00060458 -0.00068914 -0.00068861 -0.00000002 0.00008405 0.00013501 0.00010555
shell0_X0_Y0_Z0_mono0_fix1/shell1_X0_Y0_Z-1_mono1_fix1/shell2_X1_Y2_Z0_mono3_fix1//test20tig_AVDZ// DONE 7.2394392820421585 7.441595929046747 11.315755739915751 25.996790951004655 2 -0.00058520 -0.00068914 -0.00068861 -0.00000002 0.00010342 0.00013595 0.00011714
shell0_X0_Y0_Z0_mono0_fix1/shell1_X1_Y-1_Z1_mono2_fix1/shell1_X1_Y0_Z1_mono1_fix1//test20tig_AVDZ// DONE 11.315755743299297 7.239439500644279 7.4415957489610856 25.99679099290466 2 -0.00060488 -0.00068914 -0.00068860 -0.00000002 0.00008374 0.00013693 0.00010618
shell0_X0_Y0_Z0_mono0_fix1/shell2_X-1_Y2_Z1_mono2_fix1/shell2_X0_Y2_Z0_mono3_fix1//test20tig_AVDZ// DONE 11.315756254766647 7.441595701055088 7.239439744935367 25.996791700757104 2 -0.00060444 -0.00068914 -0.00068860 -0.00000002 0.00008418 0.00013508 0.00010565
shell0_X0_Y0_Z0_mono0_fix1/shell0_X0_Y0_Z0_mono3_fix1/shell1_X1_Y1_Z-1_mono1_fix1//test20tig_AVDZ// DONE 7.441595710913052 7.239439752791947 11.3157562513831 25.9967917150881 2 -0.00058531 -0.00068914 -0.00068860 -0.00000002 0.00010330 0.00013591 0.00011706
shell0_X0_Y0_Z0_mono0_fix1/shell1_X0_Y1_Z1_mono1_fix1/shell2_X-1_Y2_Z1_mono2_fix1//test20tig_AVDZ// DONE 7.239439558657251 11.315756254766647 7.441595958121554 25.996791771545453 2 -0.00060504 -0.00068914 -0.00068861 -0.00000002 0.00008359 0.00013563 0.00010554
shell0_X0_Y0_Z0_mono0_fix1/shell0_X0_Y0_Z0_mono3_fix1/shell1_X-1_Y1_Z0_mono3_fix1//test20tig_AVDZ// DONE 7.441595710913052 9.808964123986634 8.821829130909677 26.072388965809363 4 -0.00004662 -0.00010313 -0.00010295 -0.00000003 0.00005636 0.00003657 0.00004801
shell0_X0_Y0_Z0_mono0_fix1/shell1_X-1_Y-1_Z0_mono0_fix1/shell1_X-1_Y1_Z0_mono3_fix1//test20tig_AVDZ// DONE 8.821829156691244 9.808964123986634 7.441595701055088 26.072388981732967 8 -0.00004616 -0.00010312 -0.00010299 -0.00000002 0.00005685 0.00003651 0.00004827
shell0_X0_Y0_Z0_mono0_fix1/shell1_X1_Y-1_Z-1_mono1_fix1/shell1_X1_Y0_Z0_mono2_fix1//test20tig_AVDZ// DONE 11.14371391223659 7.501411619895282 7.441595759088763 26.086721291220634 2 0.00043277 0.00055786 0.00055827 -0.00000002 -0.00012548 -0.00009392 -0.00011217
shell0_X0_Y0_Z0_mono0_fix1/shell1_X0_Y-1_Z1_mono1_fix1/shell1_X1_Y0_Z1_mono3_fix1//test20tig_AVDZ// DONE 11.143713760649016 7.441595914155785 7.501411621956955 26.086721296761755 2 0.00043371 0.00055786 0.00055827 -0.00000002 -0.00012454 -0.00009403 -0.00011167
shell0_X0_Y0_Z0_mono0_fix1/shell1_X1_Y0_Z0_mono2_fix1/shell2_X1_Y2_Z1_mono3_fix1//test20tig_AVDZ// DONE 7.501411619895282 7.441595929316464 11.143713757167339 26.086721306379083 2 0.00043195 0.00055787 0.00055827 -0.00000002 -0.00012631 -0.00009393 -0.00011265
shell0_X0_Y0_Z0_mono0_fix1/shell2_X0_Y2_Z1_mono3_fix1/shell2_X1_Y2_Z1_mono1_fix1//test20tig_AVDZ// DONE 7.441595701324806 11.14371442226508 7.501411869074303 26.086721992664188 2 0.00043318 0.00055786 0.00055827 -0.00000002 -0.00012507 -0.00009393 -0.00011194
shell0_X0_Y0_Z0_mono0_fix1/shell1_X0_Y0_Z1_mono3_fix1/shell1_X-1_Y1_Z0_mono2_fix1//test20tig_AVDZ// DONE 7.441595711182771 7.501411867012628 11.14371441495649 26.08672199315189 2 0.00043200 0.00055785 0.00055827 -0.00000001 -0.00012625 -0.00009418 -0.00011272
shell0_X0_Y0_Z0_mono0_fix1/shell1_X-1_Y1_Z0_mono2_fix1/shell2_X0_Y2_Z-1_mono1_fix1//test20tig_AVDZ// DONE 7.501411867012628 11.143714291345113 7.44159597355195 26.08672213190969 2 0.00043241 0.00055786 0.00055827 -0.00000002 -0.00012585 -0.00009394 -0.00011239
shell0_X0_Y0_Z0_mono0_fix1/shell1_X0_Y1_Z-1_mono3_fix1/shell2_X0_Y2_Z-1_mono3_fix1//test20tig_AVDZ// DONE 9.090813705041763 10.880867938006702 6.141085006035259 26.11276664908372 4 -0.00016812 -0.00022030 -0.00021999 -0.00000001 0.00005188 0.00006091 0.00005569
shell0_X0_Y0_Z0_mono0_fix1/shell1_X0_Y0_Z-1_mono3_fix1/shell1_X0_Y1_Z-1_mono3_fix1//test20tig_AVDZ// DONE 10.88086794046102 9.090813705041763 6.141085006035259 26.112766651538042 4 0.00046008 0.00056808 0.00056822 -0.00000001 -0.00010814 -0.00007946 -0.00009604
shell0_X0_Y0_Z0_mono0_fix1/shell1_X0_Y1_Z-1_mono3_fix1/shell1_X0_Y-1_Z0_mono0_fix1//test20tig_AVDZ// DONE 9.090813705041763 6.14108504329124 10.880867938006704 26.112766686339704 8 0.00045806 0.00056809 0.00056823 -0.00000001 -0.00011017 -0.00007948 -0.00009722
shell0_X0_Y0_Z0_mono0_fix1/shell1_X0_Y0_Z-1_mono3_fix1/shell1_X0_Y-1_Z0_mono0_fix1//test20tig_AVDZ// DONE 10.88086794046102 6.14108504329124 9.090813705041764 26.112766688794025 8 -0.00016670 -0.00022030 -0.00021999 -0.00000001 0.00005331 0.00006093 0.00005652
shell0_X0_Y0_Z0_mono0_fix1/shell1_X1_Y0_Z-1_mono1_fix1/shell2_X0_Y2_Z0_mono3_fix1//test20tig_AVDZ// DONE 7.239439500644278 7.441595701055088 11.435515333145988 26.116550534845352 2 0.00029745 0.00035227 0.00035215 -0.00000001 -0.00005469 -0.00007847 -0.00006472
shell0_X0_Y0_Z0_mono0_fix1/shell0_X0_Y0_Z0_mono3_fix1/shell1_X-1_Y-1_Z1_mono2_fix1//test20tig_AVDZ// DONE 7.441595710913052 11.435515355756916 7.239439508500856 26.116550575170823 2 0.00029692 0.00035226 0.00035216 -0.00000001 -0.00005522 -0.00007851 -0.00006505
shell0_X0_Y0_Z0_mono0_fix1/shell1_X-1_Y-1_Z1_mono2_fix1/shell1_X0_Y0_Z1_mono1_fix1//test20tig_AVDZ// DONE 11.435515355756916 7.239439282042159 7.44159597328223 26.116550611081305 2 0.00029710 0.00035226 0.00035215 -0.00000001 -0.00005504 -0.00007850 -0.00006493
shell0_X0_Y0_Z0_mono0_fix1/shell1_X0_Y1_Z-1_mono1_fix1/shell1_X1_Y0_Z0_mono3_fix1//test20tig_AVDZ// DONE 7.239439558657251 7.441595913886067 11.435515838872243 26.116551311415563 2 0.00029749 0.00035227 0.00035215 -0.00000001 -0.00005464 -0.00007850 -0.00006471
shell0_X0_Y0_Z0_mono0_fix1/shell2_X1_Y2_Z0_mono3_fix1/shell2_X1_Y2_Z1_mono2_fix1//test20tig_AVDZ// DONE 7.441595929046747 11.435515861483173 7.239439563722077 26.116551354251996 2 0.00029713 0.00035227 0.00035215 -0.00000001 -0.00005501 -0.00007847 -0.00006491
shell0_X0_Y0_Z0_mono0_fix1/shell1_X1_Y1_Z1_mono1_fix1/shell2_X1_Y2_Z1_mono2_fix1//test20tig_AVDZ// DONE 7.239439752791949 11.435515861483173 7.441595758819045 26.116551373094165 2 0.00029703 0.00035227 0.00035215 -0.00000001 -0.00005512 -0.00007847 -0.00006497
shell0_X0_Y0_Z0_mono0_fix1/shell0_X0_Y0_Z0_mono3_fix1/shell1_X1_Y-1_Z-1_mono1_fix1//test20tig_AVDZ// DONE 7.441595710913052 11.14371391223659 7.633408780261127 26.21871840341077 2 0.00024965 0.00025108 0.00025097 -0.00000001 -0.00000132 -0.00002810 -0.00001262
shell0_X0_Y0_Z0_mono0_fix1/shell1_X-1_Y0_Z1_mono2_fix1/shell2_X0_Y2_Z0_mono3_fix1//test20tig_AVDZ// DONE 7.633408800568826 7.441595701055088 11.143713919545183 26.218718421169097 2 0.00025035 0.00025109 0.00025097 -0.00000001 -0.00000061 -0.00002880 -0.00001250
shell0_X0_Y0_Z0_mono0_fix1/shell1_X-1_Y0_Z1_mono2_fix1/shell1_X0_Y-1_Z1_mono1_fix1//test20tig_AVDZ// DONE 7.633408800568826 11.143713760649016 7.441595958121554 26.218718519339394 2 0.00024944 0.00025108 0.00025097 -0.00000001 -0.00000152 -0.00002805 -0.00001271
shell0_X0_Y0_Z0_mono0_fix1/shell1_X1_Y1_Z1_mono2_fix1/shell2_X1_Y2_Z1_mono1_fix1//test20tig_AVDZ// DONE 7.633409059556055 11.14371442226508 7.4415957489610856 26.21871923078222 2 0.00024969 0.00025108 0.00025097 -0.00000001 -0.00000128 -0.00002807 -0.00001258
shell0_X0_Y0_Z0_mono0_fix1/shell2_X0_Y2_Z-1_mono1_fix1/shell2_X1_Y2_Z0_mono3_fix1//test20tig_AVDZ// DONE 11.143714291345113 7.441595929046747 7.63340903924835 26.21871925964021 2 0.00024952 0.00025108 0.00025097 -0.00000001 -0.00000145 -0.00002787 -0.00001259
shell0_X0_Y0_Z0_mono0_fix1/shell1_X1_Y1_Z1_mono2_fix1/shell1_X1_Y0_Z0_mono3_fix1//test20tig_AVDZ// DONE 7.633409059556055 7.441595913886067 11.143714294826792 26.218719268268913 2 0.00024917 0.00025108 0.00025097 -0.00000001 -0.00000179 -0.00002787 -0.00001279
shell0_X0_Y0_Z0_mono0_fix1/shell1_X-1_Y1_Z0_mono2_fix1/shell2_X-1_Y2_Z1_mono3_fix1//test20tig_AVDZ// DONE 7.501411867012628 11.502609029964711 7.239439276977334 26.243460173954674 4 0.00029184 0.00033674 0.00033693 -0.00000001 -0.00004508 -0.00006231 -0.00005235
shell0_X0_Y0_Z0_mono0_fix1/shell1_X-1_Y0_Z1_mono3_fix1/shell1_X0_Y0_Z1_mono1_fix1//test20tig_AVDZ// DONE 11.502609040924284 7.239439282042159 7.501411869074303 26.243460192040747 4 0.00029197 0.00033674 0.00033694 -0.00000001 -0.00004496 -0.00006196 -0.00005213
shell0_X0_Y0_Z0_mono0_fix1/shell1_X0_Y1_Z-1_mono1_fix1/shell1_X1_Y0_Z0_mono2_fix1//test20tig_AVDZ// DONE 7.239439558657251 7.501411619895282 11.50260908981811 26.24346026837064 4 0.00029270 0.00033674 0.00033694 -0.00000001 -0.00004423 -0.00006302 -0.00005216
shell0_X0_Y0_Z0_mono0_fix1/shell1_X-1_Y1_Z1_mono1_fix1/shell2_X0_Y2_Z1_mono3_fix1//test20tig_AVDZ// DONE 11.348866569053103 7.441595701324806 7.501411621956955 26.291873892334863 4 0.00088404 0.00102089 0.00102067 -0.00000002 -0.00013661 -0.00014611 -0.00014062
shell0_X0_Y0_Z0_mono0_fix1/shell1_X0_Y0_Z1_mono3_fix1/shell1_X1_Y0_Z0_mono2_fix1//test20tig_AVDZ// DONE 7.441595711182771 7.501411619895282 11.348866574739592 26.291873905817646 4 0.00091571 0.00102089 0.00102067 -0.00000002 -0.00010494 -0.00014612 -0.00012232
shell0_X0_Y0_Z0_mono0_fix1/shell1_X-1_Y0_Z-1_mono1_fix1/shell1_X-1_Y1_Z0_mono2_fix1//test20tig_AVDZ// DONE 11.348866390169837 7.501411867012628 7.441595759088763 26.29187401627123 2 0.00091623 0.00102089 0.00102067 -0.00000002 -0.00010443 -0.00014612 -0.00012202
shell0_X0_Y0_Z0_mono0_fix1/shell1_X1_Y0_Z0_mono2_fix1/shell2_X2_Y1_Z-1_mono1_fix1//test20tig_AVDZ// DONE 7.501411619895282 11.348866967288222 7.44159597355195 26.29187456073545 2 0.00088442 0.00102089 0.00102067 -0.00000002 -0.00013623 -0.00014613 -0.00014041
shell0_X0_Y0_Z0_mono0_fix1/shell1_X0_Y0_Z-1_mono2_fix1/shell1_X-1_Y0_Z0_mono0_fix1//test20tig_AVDZ// DONE 9.05722213145863 6.357429267555808 10.938276656130684 26.35292805514512 8 0.00015186 0.00016898 0.00016893 -0.00000001 -0.00001707 -0.00002236 -0.00001930
shell0_X0_Y0_Z0_mono0_fix1/shell1_X0_Y0_Z-1_mono2_fix1/shell1_X1_Y0_Z-1_mono2_fix1//test20tig_AVDZ// DONE 9.05722213145863 10.938276656130684 6.3574294208086375 26.352928208397948 4 0.00015101 0.00016897 0.00016893 -0.00000001 -0.00001791 -0.00002175 -0.00001953
shell0_X0_Y0_Z0_mono0_fix1/shell1_X0_Y1_Z1_mono1_fix1/shell2_X-1_Y2_Z1_mono3_fix1//test20tig_AVDZ// DONE 7.239439558657251 11.502609029964711 7.633408780004605 26.375457368626567 4 0.00024049 0.00033086 0.00033067 -0.00000001 -0.00009018 -0.00005276 -0.00007439
shell0_X0_Y0_Z0_mono0_fix1/shell1_X-1_Y0_Z1_mono3_fix1/shell1_X-1_Y0_Z0_mono2_fix1//test20tig_AVDZ// DONE 11.502609040924284 7.633408800312303 7.239439563722077 26.375457404958663 4 0.00024138 0.00033086 0.00033067 -0.00000001 -0.00008928 -0.00005318 -0.00007405
shell0_X0_Y0_Z0_mono0_fix1/shell1_X0_Y0_Z-1_mono1_fix1/shell1_X1_Y1_Z0_mono2_fix1//test20tig_AVDZ// DONE 7.2394392820421585 7.633409059299531 11.502609100777681 26.37545744211937 4 0.00024181 0.00033086 0.00033068 -0.00000001 -0.00008886 -0.00005317 -0.00007380
shell0_X0_Y0_Z0_mono0_fix1/shell2_X0_Y2_Z0_mono3_fix1/shell3_X0_Y3_Z0_mono3_fix1//test20tig_AVDZ// DONE 7.441595701055088 12.802997308621592 6.141085006035259 26.38567801571194 4 0.00055358 0.00063952 0.00063949 -0.00000002 -0.00008589 -0.00012339 -0.00010171
shell0_X0_Y0_Z0_mono0_fix1/shell0_X0_Y0_Z0_mono3_fix1/shell1_X0_Y-1_Z0_mono3_fix1//test20tig_AVDZ// DONE 7.441595710913052 12.802997311564035 6.141085006035258 26.385678028512345 4 -0.00085117 -0.00094228 -0.00094210 -0.00000001 0.00009095 0.00012162 0.00010389
shell0_X0_Y0_Z0_mono0_fix1/shell1_X0_Y-1_Z0_mono0_fix1/shell2_X0_Y2_Z0_mono3_fix1//test20tig_AVDZ// DONE 6.14108504329124 7.441595701055088 12.802997308621592 26.38567805296792 8 -0.00085146 -0.00094228 -0.00094209 -0.00000002 0.00009065 0.00012180 0.00010379
shell0_X0_Y0_Z0_mono0_fix1/shell1_X0_Y-1_Z0_mono0_fix1/shell1_X0_Y-1_Z0_mono3_fix1//test20tig_AVDZ// DONE 6.14108504329124 12.802997311564035 7.441595710913052 26.385678065768328 8 0.00055309 0.00063953 0.00063946 -0.00000002 -0.00008636 -0.00012339 -0.00010198
shell0_X0_Y0_Z0_mono0_fix1/shell1_X-1_Y0_Z-1_mono2_fix1/shell1_X-1_Y0_Z0_mono0_fix1//test20tig_AVDZ// DONE 10.981348313483988 6.357429267555808 9.05722213145863 26.395999712498426 8 -0.00036536 -0.00043523 -0.00043564 -0.00000000 0.00007029 0.00011781 0.00009034
shell0_X0_Y0_Z0_mono0_fix1/shell1_X-1_Y0_Z-1_mono2_fix1/shell1_X0_Y0_Z-1_mono2_fix1//test20tig_AVDZ// DONE 10.981348313483988 9.05722213145863 6.3574294208086375 26.395999865751257 4 -0.00036582 -0.00043523 -0.00043564 -0.00000000 0.00006982 0.00011874 0.00009046
shell0_X0_Y0_Z0_mono0_fix1/shell1_X-1_Y0_Z1_mono2_fix1/shell1_X-1_Y1_Z1_mono1_fix1//test20tig_AVDZ// DONE 7.633408800568826 11.348866569053103 7.4415957489610856 26.423871118583012 4 0.00004746 0.00000998 0.00001017 -0.00000002 0.00003731 -0.00000038 0.00002141
shell0_X0_Y0_Z0_mono0_fix1/shell0_X0_Y0_Z0_mono3_fix1/shell1_X-1_Y0_Z-1_mono1_fix1//test20tig_AVDZ// DONE 7.441595710913052 11.348866390169837 7.63340903924835 26.423871140331237 2 0.00004792 0.00000998 0.00001017 -0.00000002 0.00003777 -0.00000098 0.00002142
shell0_X0_Y0_Z0_mono0_fix1/shell1_X1_Y1_Z1_mono2_fix1/shell2_X0_Y2_Z0_mono3_fix1//test20tig_AVDZ// DONE 7.633409059556055 7.441595701055088 11.34886638448335 26.423871145094495 2 0.00004799 0.00000998 0.00001017 -0.00000002 0.00003784 -0.00000072 0.00002157
shell0_X0_Y0_Z0_mono0_fix1/shell2_X2_Y1_Z-1_mono1_fix1/shell2_X1_Y2_Z0_mono3_fix1//test20tig_AVDZ// DONE 11.348866967288222 7.441595929046747 7.633408780261127 26.423871676596097 2 0.00004804 0.00000997 0.00001017 -0.00000002 0.00003788 -0.00000105 0.00002146
shell0_X0_Y0_Z0_mono0_fix1/shell1_X-1_Y0_Z1_mono2_fix1/shell1_X1_Y0_Z0_mono3_fix1//test20tig_AVDZ// DONE 7.633408800568826 7.441595913886067 11.348866963199107 26.423871677654 2 0.00004822 0.00000997 0.00001017 -0.00000002 0.00003807 -0.00000105 0.00002157
shell0_X0_Y0_Z0_mono0_fix1/shell1_X0_Y-1_Z-1_mono1_fix1/shell1_X0_Y0_Z-1_mono0_fix1//test20tig_AVDZ// DONE 11.143713760649016 5.849414294420457 9.622703379953734 26.615831435023207 4 0.00016188 0.00023105 0.00023121 -0.00000001 -0.00006932 -0.00004586 -0.00005942
shell0_X0_Y0_Z0_mono0_fix1/shell1_X0_Y-1_Z1_mono1_fix1/shell1_X0_Y-1_Z0_mono1_fix1//test20tig_AVDZ// DONE 11.143713760649016 9.622703379953736 5.849414412295252 26.615831552898 2 -0.00007458 -0.00012495 -0.00012468 -0.00000001 0.00005011 0.00004894 0.00004961
shell0_X0_Y0_Z0_mono0_fix1/shell1_X0_Y0_Z-1_mono0_fix1/shell1_X1_Y-1_Z-1_mono1_fix1//test20tig_AVDZ// DONE 5.849414294420457 11.14371391223659 9.622703562727217 26.615831769384265 4 -0.00007477 -0.00012496 -0.00012468 -0.00000001 0.00004992 0.00004897 0.00004952
shell0_X0_Y0_Z0_mono0_fix1/shell1_X1_Y-1_Z-1_mono1_fix1/shell1_X1_Y-1_Z0_mono1_fix1//test20tig_AVDZ// DONE 11.14371391223659 9.622703562727217 5.849414412295254 26.615831887259063 2 0.00016080 0.00023105 0.00023122 -0.00000001 -0.00007040 -0.00004585 -0.00006004
shell0_X0_Y0_Z0_mono0_fix1/shell1_X0_Y0_Z-1_mono0_fix1/shell2_X0_Y2_Z-1_mono1_fix1//test20tig_AVDZ// DONE 5.849414294420457 11.143714291345113 9.622704000650778 26.615832586416346 4 -0.00007468 -0.00012496 -0.00012468 -0.00000001 0.00005001 0.00004891 0.00004954
shell0_X0_Y0_Z0_mono0_fix1/shell2_X0_Y2_Z-1_mono1_fix1/shell2_X0_Y2_Z0_mono1_fix1//test20tig_AVDZ// DONE 11.143714291345113 9.622704000650778 5.849414412295254 26.615832704291144 2 0.00016222 0.00023105 0.00023121 -0.00000001 -0.00006898 -0.00004584 -0.00005922
shell0_X0_Y0_Z0_mono0_fix1/shell1_X0_Y0_Z-1_mono0_fix1/shell2_X1_Y2_Z-1_mono1_fix1//test20tig_AVDZ// DONE 5.849414294420457 11.143714422265079 9.62270415146066 26.615832868146196 4 0.00016250 0.00023105 0.00023122 -0.00000001 -0.00006871 -0.00004588 -0.00005908
shell0_X0_Y0_Z0_mono0_fix1/shell2_X1_Y2_Z-1_mono1_fix1/shell2_X1_Y2_Z0_mono1_fix1//test20tig_AVDZ// DONE 11.143714422265079 9.62270415146066 5.849414412295254 26.61583298602099 2 -0.00007459 -0.00012495 -0.00012468 -0.00000001 0.00005009 0.00004906 0.00004966
shell0_X0_Y0_Z0_mono0_fix1/shell2_X0_Y2_Z0_mono3_fix1/shell2_X1_Y2_Z-1_mono3_fix1//test20tig_AVDZ// DONE 7.441595701055088 10.880868083630029 8.487159043655303 26.80962282834042 4 -0.00038960 -0.00052608 -0.00052601 -0.00000002 0.00013643 0.00010810 0.00012448
shell0_X0_Y0_Z0_mono0_fix1/shell0_X0_Y0_Z0_mono3_fix1/shell1_X1_Y0_Z-1_mono3_fix1//test20tig_AVDZ// DONE 7.441595710913052 10.880868078478514 8.487159043655303 26.80962283304687 4 0.00007661 0.00004359 0.00004331 -0.00000002 0.00003332 0.00001326 0.00002486
shell0_X0_Y0_Z0_mono0_fix1/shell1_X1_Y0_Z-1_mono0_fix1/shell2_X1_Y2_Z-1_mono3_fix1//test20tig_AVDZ// DONE 8.487159055786023 10.880868083630029 7.441595701055088 26.80962284047114 8 0.00007633 0.00004359 0.00004331 -0.00000002 0.00003304 0.00001346 0.00002478
shell0_X0_Y0_Z0_mono0_fix1/shell0_X0_Y0_Z0_mono3_fix1/shell1_X-1_Y0_Z1_mono0_fix1//test20tig_AVDZ// DONE 7.441595710913052 8.487159055786023 10.880868078478514 26.80962284517759 8 -0.00038946 -0.00052607 -0.00052601 -0.00000002 0.00013657 0.00010817 0.00012459
shell0_X0_Y0_Z0_mono0_fix1/shell1_X0_Y1_Z-1_mono0_fix1/shell1_X1_Y1_Z-1_mono2_fix1//test20tig_AVDZ// DONE 8.34327286060742 10.981348491203732 7.501411619895282 26.826032971706436 4 0.00055150 0.00056309 0.00056333 -0.00000001 -0.00001183 -0.00009811 -0.00004823
shell0_X0_Y0_Z0_mono0_fix1/shell1_X1_Y1_Z-1_mono2_fix1/shell1_X1_Y0_Z0_mono2_fix1//test20tig_AVDZ// DONE 10.981348491203732 7.501411619895282 8.343272917945272 26.82603302904429 2 0.00055159 0.00056309 0.00056332 -0.00000001 -0.00001173 -0.00009834 -0.00004827
shell0_X0_Y0_Z0_mono0_fix1/shell1_X-1_Y0_Z-1_mono2_fix1/shell1_X0_Y-1_Z-1_mono0_fix1//test20tig_AVDZ// DONE 10.981348313483988 8.34327286060742 7.501411867012628 26.826033041104036 4 0.00055219 0.00056309 0.00056332 -0.00000001 -0.00001112 -0.00009890 -0.00004815
shell0_X0_Y0_Z0_mono0_fix1/shell1_X-1_Y0_Z-1_mono2_fix1/shell1_X-1_Y1_Z0_mono2_fix1//test20tig_AVDZ// DONE 10.981348313483988 7.501411867012628 8.343272917945272 26.82603309844189 2 0.00055176 0.00056309 0.00056333 -0.00000001 -0.00001156 -0.00009851 -0.00004824
shell0_X0_Y0_Z0_mono0_fix1/shell1_X1_Y-1_Z-1_mono0_fix1/shell1_X1_Y1_Z-1_mono3_fix1//test20tig_AVDZ// DONE 10.335202333258081 9.090813868877825 7.441595701055088 26.867611903190994 8 0.00019342 0.00016225 0.00016253 -0.00000004 0.00003093 -0.00001986 0.00000950
shell0_X0_Y0_Z0_mono0_fix1/shell0_X0_Y0_Z0_mono3_fix1/shell1_X1_Y1_Z-1_mono3_fix1//test20tig_AVDZ// DONE 7.441595710913052 9.090813868877825 10.335202328483634 26.86761190827451 4 0.00019120 0.00016225 0.00016254 -0.00000004 0.00002871 -0.00001930 0.00000846
shell0_X0_Y0_Z0_mono0_fix1/shell1_X1_Y-1_Z1_mono0_fix1/shell1_X1_Y0_Z0_mono2_fix1//test20tig_AVDZ// DONE 10.335202333258081 7.501411619895282 9.057222342191656 26.893836295345018 4 0.00027898 0.00035209 0.00035235 -0.00000004 -0.00007332 -0.00005181 -0.00006425
shell0_X0_Y0_Z0_mono0_fix1/shell1_X0_Y1_Z-1_mono2_fix1/shell1_X1_Y0_Z0_mono2_fix1//test20tig_AVDZ// DONE 9.057222342191656 7.501411619895282 10.335202369588796 26.893836331675733 4 0.00027874 0.00035209 0.00035237 -0.00000004 -0.00007359 -0.00005136 -0.00006421
shell0_X0_Y0_Z0_mono0_fix1/shell1_X0_Y0_Z-1_mono2_fix1/shell1_X1_Y-1_Z-1_mono0_fix1//test20tig_AVDZ// DONE 9.05722213145863 10.335202333258081 7.501411867012628 26.89383633172934 4 0.00027937 0.00035210 0.00035237 -0.00000004 -0.00007295 -0.00005159 -0.00006394
shell0_X0_Y0_Z0_mono0_fix1/shell1_X-1_Y1_Z-1_mono2_fix1/shell1_X0_Y1_Z-1_mono0_fix1//test20tig_AVDZ// DONE 10.938276828330801 8.34327286060742 7.633408800312303 26.914958489250523 4 0.00020396 0.00014985 0.00015048 -0.00000001 0.00005349 -0.00002305 0.00002120
shell0_X0_Y0_Z0_mono0_fix1/shell1_X-1_Y1_Z-1_mono2_fix1/shell1_X-1_Y0_Z0_mono2_fix1//test20tig_AVDZ// DONE 10.938276828330801 7.633408800312303 8.343272917945272 26.914958546588373 2 0.00020409 0.00014986 0.00015048 -0.00000002 0.00005363 -0.00002315 0.00002124
shell0_X0_Y0_Z0_mono0_fix1/shell1_X0_Y-1_Z-1_mono0_fix1/shell1_X1_Y0_Z-1_mono2_fix1//test20tig_AVDZ// DONE 8.34327286060742 10.938276656130684 7.633409059299531 26.914958576037634 4 0.00020517 0.00014986 0.00015048 -0.00000001 0.00005470 -0.00002305 0.00002190
shell0_X0_Y0_Z0_mono0_fix1/shell1_X1_Y0_Z-1_mono2_fix1/shell1_X1_Y1_Z0_mono2_fix1//test20tig_AVDZ// DONE 10.938276656130684 7.633409059299531 8.343272917945272 26.914958633375484 2 0.00020348 0.00014985 0.00015048 -0.00000001 0.00005301 -0.00002311 0.00002090
shell0_X0_Y0_Z0_mono0_fix1/shell1_X0_Y0_Z-1_mono2_fix1/shell1_X0_Y1_Z-1_mono0_fix1//test20tig_AVDZ// DONE 9.05722213145863 8.34327286060742 9.535100747487162 26.935595739553214 4 0.00015649 0.00014969 0.00014979 -0.00000002 0.00000673 -0.00002148 -0.00000517
shell0_X0_Y0_Z0_mono0_fix1/shell1_X0_Y0_Z-1_mono2_fix1/shell1_X0_Y-1_Z0_mono2_fix1//test20tig_AVDZ// DONE 9.05722213145863 9.535100747487162 8.343272917945272 26.935595796891064 2 0.00015604 0.00014969 0.00014980 -0.00000002 0.00000627 -0.00002134 -0.00000538
shell0_X0_Y0_Z0_mono0_fix1/shell1_X0_Y1_Z1_mono0_fix1/shell2_X0_Y2_Z0_mono2_fix1//test20tig_AVDZ// DONE 8.34327286060742 9.5351013545578 9.057222342191656 26.935596557356874 4 0.00015613 0.00014968 0.00014980 -0.00000002 0.00000635 -0.00002139 -0.00000535
shell0_X0_Y0_Z0_mono0_fix1/shell1_X0_Y1_Z-1_mono2_fix1/shell2_X0_Y2_Z0_mono2_fix1//test20tig_AVDZ// DONE 9.057222342191656 9.5351013545578 8.343272917945272 26.935596614694724 2 0.00015619 0.00014968 0.00014979 -0.00000002 0.00000642 -0.00002138 -0.00000531
shell0_X0_Y0_Z0_mono0_fix1/shell1_X1_Y0_Z0_mono0_fix1/shell2_X2_Y0_Z0_mono2_fix1//test20tig_AVDZ// DONE 6.357429267555808 13.106335551506868 7.501411619895282 26.965176438957958 8 0.00008883 0.00007496 0.00007505 -0.00000004 0.00001381 -0.00002054 -0.00000068
shell0_X0_Y0_Z0_mono0_fix1/shell1_X1_Y0_Z0_mono2_fix1/shell2_X2_Y0_Z0_mono2_fix1//test20tig_AVDZ// DONE 7.501411619895282 13.106335551506868 6.3574294208086375 26.96517659221079 4 0.00008933 0.00007497 0.00007506 -0.00000004 0.00001430 -0.00002055 -0.00000040
shell0_X0_Y0_Z0_mono0_fix1/shell1_X1_Y1_Z-1_mono3_fix1/shell2_X0_Y2_Z0_mono3_fix1//test20tig_AVDZ// DONE 9.090813868877825 7.441595701055088 10.438166608305513 26.970576178238424 4 -0.00007903 -0.00015309 -0.00015320 -0.00000002 0.00007419 0.00004276 0.00006093
