shell0_X0_Y0_Z0_mono0_fix1/shell0_X0_Y0_Z0_mono2_fix1/shell1_X0_Y0_Z-1_mono0_fix1//test20tig_AVDZ// DONE 4.377589591893318 5.849414294420457 4.37758959235763 14.604593478671404 2 -0.02981825 -0.05470124 -0.05470008 -0.00000000 0.02488183 0.02409079 0.02454811
shell0_X0_Y0_Z0_mono0_fix1/shell0_X0_Y0_Z0_mono2_fix1/shell1_X0_Y0_Z1_mono2_fix1//test20tig_AVDZ// DONE 4.377589591893318 4.37758959235763 5.849414447403712 14.60459363165466 1 -0.02981778 -0.05470131 -0.05470013 -0.00000000 0.02488235 0.02409115 0.02454856
shell0_X0_Y0_Z0_mono0_fix1/shell1_X0_Y0_Z-1_mono0_fix1/shell1_X0_Y1_Z0_mono2_fix1//test20tig_AVDZ// DONE 5.849414294420457 4.3775900232822025 4.377590023746515 14.604594341449175 2 -0.02981877 -0.05470119 -0.05470001 0.00000000 0.02488123 0.02409125 0.02454796
shell0_X0_Y0_Z0_mono0_fix1/shell1_X0_Y1_Z1_mono2_fix1/shell1_X0_Y1_Z0_mono2_fix1//test20tig_AVDZ// DONE 4.377590023746515 4.3775900232822025 5.849414447403712 14.604594494432428 1 -0.02981796 -0.05470121 -0.05470003 0.00000000 0.02488207 0.02409113 0.02454839
shell0_X0_Y0_Z0_mono0_fix1/shell1_X0_Y1_Z1_mono3_fix1/shell1_X0_Y1_Z0_mono3_fix1//test20tig_AVDZ// DONE 4.460130787301801 4.460130786847383 5.849414259311995 14.769675833461179 1 -0.02195792 -0.03994345 -0.03994330 0.00000000 0.01798537 0.01748211 0.01777306
shell0_X0_Y0_Z0_mono0_fix1/shell1_X0_Y0_Z-1_mono0_fix1/shell1_X0_Y1_Z0_mono3_fix1//test20tig_AVDZ// DONE 5.849414294420457 4.460130786847383 4.460130787301801 14.769675868569642 2 -0.02195522 -0.03994348 -0.03994334 -0.00000000 0.01798812 0.01748219 0.01777468
shell0_X0_Y0_Z0_mono0_fix1/shell1_X1_Y1_Z1_mono3_fix1/shell1_X1_Y1_Z0_mono3_fix1//test20tig_AVDZ// DONE 4.460131079417782 4.4601310789633635 5.849414259311995 14.769676417693141 1 -0.02195727 -0.03994338 -0.03994324 -0.00000000 0.01798597 0.01748208 0.01777339
shell0_X0_Y0_Z0_mono0_fix1/shell1_X0_Y0_Z-1_mono0_fix1/shell1_X1_Y1_Z0_mono3_fix1//test20tig_AVDZ// DONE 5.849414294420457 4.4601310789633635 4.460131079417782 14.769676452801601 2 -0.02195513 -0.03994340 -0.03994325 -0.00000000 0.01798813 0.01748213 0.01777466
shell0_X0_Y0_Z0_mono0_fix1/shell0_X0_Y0_Z0_mono2_fix1/shell1_X0_Y-1_Z0_mono0_fix1//test20tig_AVDZ// DONE 4.377589591893318 6.14108504329124 4.3775900232822025 14.89626465846676 4 0.04554609 0.05621639 0.05621663 -0.00000000 -0.01067054 -0.00976714 -0.01028942
shell0_X0_Y0_Z0_mono0_fix1/shell0_X0_Y0_Z0_mono2_fix1/shell1_X0_Y1_Z0_mono2_fix1//test20tig_AVDZ// DONE 4.377589591893318 4.3775900232822025 6.141085058035455 14.896264673210975 2 0.04554328 0.05621645 0.05621669 -0.00000000 -0.01067341 -0.00976932 -0.01029200
shell0_X0_Y0_Z0_mono0_fix1/shell0_X0_Y0_Z0_mono1_fix1/shell1_X0_Y1_Z0_mono1_fix1//test20tig_AVDZ// DONE 4.5159560879710785 4.515956561069496 6.141085020779474 15.172997669820049 1 -0.08608798 -0.09263194 -0.09263141 -0.00000001 0.00654343 0.00892904 0.00754986
shell0_X0_Y0_Z0_mono0_fix1/shell0_X0_Y0_Z0_mono1_fix1/shell1_X0_Y-1_Z0_mono0_fix1//test20tig_AVDZ// DONE 4.5159560879710785 6.14108504329124 4.515956561069497 15.172997692331816 2 -0.08609245 -0.09263202 -0.09263142 -0.00000001 0.00653898 0.00893092 0.00754808
shell0_X0_Y0_Z0_mono0_fix1/shell1_X1_Y0_Z0_mono1_fix1/shell1_X1_Y1_Z0_mono1_fix1//test20tig_AVDZ// DONE 4.515956488205572 4.515956852480747 6.141085020779474 15.172998361465794 1 -0.08608943 -0.09263146 -0.09263086 -0.00000001 0.00654144 0.00893714 0.00755212
shell0_X0_Y0_Z0_mono0_fix1/shell1_X1_Y0_Z0_mono1_fix1/shell1_X0_Y-1_Z0_mono0_fix1//test20tig_AVDZ// DONE 4.515956488205572 6.14108504329124 4.515956852480747 15.17299838397756 2 -0.08610064 -0.09263149 -0.09263094 -0.00000001 0.00653031 0.00893866 0.00754633
shell0_X0_Y0_Z0_mono0_fix1/shell1_X1_Y1_Z0_mono3_fix1/shell1_X0_Y1_Z0_mono3_fix1//test20tig_AVDZ// DONE 4.4601310789633635 4.460130786847383 6.357429264530413 15.27769113034116 2 0.04148484 0.04813089 0.04813119 -0.00000000 -0.00664634 -0.00657239 -0.00661515
shell0_X0_Y0_Z0_mono0_fix1/shell1_X-1_Y0_Z0_mono0_fix1/shell1_X0_Y1_Z0_mono3_fix1//test20tig_AVDZ// DONE 6.357429267555808 4.460130786847383 4.4601310789633635 15.277691133366556 4 0.04149011 0.04813090 0.04813120 -0.00000000 -0.00664108 -0.00657025 -0.00661120
shell0_X0_Y0_Z0_mono0_fix1/shell1_X1_Y0_Z0_mono0_fix1/shell1_X1_Y0_Z0_mono1_fix1//test20tig_AVDZ// DONE 6.357429267555808 4.515956488205572 4.5159560879710785 15.389341843732458 2 -0.09653781 -0.10863210 -0.10863240 -0.00000000 0.01209459 0.01382368 0.01282405
shell0_X0_Y0_Z0_mono0_fix1/shell0_X0_Y0_Z0_mono1_fix1/shell1_X1_Y0_Z0_mono1_fix1//test20tig_AVDZ// DONE 4.5159560879710785 4.515956488205572 6.357429417783243 15.389341993959896 1 -0.09648703 -0.10863200 -0.10863230 -0.00000000 0.01214527 0.01381486 0.01284963
shell0_X0_Y0_Z0_mono0_fix1/shell1_X-1_Y0_Z0_mono0_fix1/shell1_X0_Y1_Z0_mono1_fix1//test20tig_AVDZ// DONE 6.357429267555808 4.515956561069496 4.515956852480747 15.38934268110605 2 -0.09652710 -0.10863220 -0.10863250 -0.00000000 0.01210540 0.01382717 0.01283177
shell0_X0_Y0_Z0_mono0_fix1/shell1_X1_Y1_Z0_mono1_fix1/shell1_X0_Y1_Z0_mono1_fix1//test20tig_AVDZ// DONE 4.515956852480747 4.515956561069496 6.357429417783243 15.389342831333487 1 -0.09648513 -0.10863230 -0.10863260 0.00000000 0.01214747 0.01382809 0.01285648
shell0_X0_Y0_Z0_mono0_fix1/shell1_X0_Y0_Z1_mono1_fix1/shell1_X0_Y1_Z1_mono3_fix1//test20tig_AVDZ// DONE 7.239439282042159 4.460130787301801 4.3775895422126005 16.07715961155656 2 -0.00353475 -0.00594377 -0.00594334 -0.00000001 0.00240861 0.00240945 0.00240896
shell0_X0_Y0_Z0_mono0_fix1/shell0_X0_Y0_Z0_mono2_fix1/shell1_X0_Y1_Z1_mono3_fix1//test20tig_AVDZ// DONE 4.377589591893318 4.460130787301801 7.239439276977334 16.077159656172455 2 -0.00353465 -0.00594374 -0.00594332 -0.00000001 0.00240868 0.00240947 0.00240901
shell0_X0_Y0_Z0_mono0_fix1/shell0_X0_Y0_Z0_mono2_fix1/shell1_X0_Y0_Z-1_mono1_fix1//test20tig_AVDZ// DONE 4.377589591893318 7.2394392820421585 4.460130983285346 16.07715985722082 2 0.00612468 0.00407522 0.00407559 -0.00000001 0.00204911 0.00196848 0.00201509
shell0_X0_Y0_Z0_mono0_fix1/shell1_X1_Y0_Z1_mono1_fix1/shell1_X1_Y1_Z1_mono3_fix1//test20tig_AVDZ// DONE 7.239439500644279 4.460131079417782 4.3775895422126005 16.077160122274663 2 0.00612458 0.00407521 0.00407559 -0.00000001 0.00204901 0.00196845 0.00201502
shell0_X0_Y0_Z0_mono0_fix1/shell0_X0_Y0_Z0_mono2_fix1/shell1_X1_Y1_Z1_mono3_fix1//test20tig_AVDZ// DONE 4.377589591893318 4.460131079417782 7.239439508500856 16.077160179811955 2 0.00612403 0.00407519 0.00407557 -0.00000001 0.00204847 0.00196838 0.00201468
shell0_X0_Y0_Z0_mono0_fix1/shell1_X0_Y1_Z1_mono1_fix1/shell1_X0_Y1_Z1_mono3_fix1//test20tig_AVDZ// DONE 7.239439558657251 4.460130787301801 4.3775899736014985 16.07716031956055 2 0.00612667 0.00407524 0.00407562 -0.00000001 0.00205107 0.00196840 0.00201619
shell0_X0_Y0_Z0_mono0_fix1/shell1_X0_Y1_Z1_mono3_fix1/shell1_X0_Y1_Z0_mono2_fix1//test20tig_AVDZ// DONE 4.460130787301801 4.3775900232822025 7.239439563722077 16.07716037430608 2 0.00612291 0.00407522 0.00407560 -0.00000001 0.00204732 0.00196849 0.00201407
shell0_X0_Y0_Z0_mono0_fix1/shell0_X0_Y0_Z0_mono2_fix1/shell1_X1_Y0_Z-1_mono1_fix1//test20tig_AVDZ// DONE 4.377589591893318 7.239439500644278 4.4601312930132115 16.07716038555081 2 -0.00353465 -0.00594373 -0.00594331 -0.00000001 0.00240867 0.00240942 0.00240898
shell0_X0_Y0_Z0_mono0_fix1/shell1_X0_Y1_Z-1_mono1_fix1/shell1_X0_Y1_Z0_mono2_fix1//test20tig_AVDZ// DONE 7.239439558657251 4.3775900232822025 4.460130983285346 16.0771605652248 2 -0.00353460 -0.00594371 -0.00594328 -0.00000001 0.00240870 0.00240940 0.00240900
shell0_X0_Y0_Z0_mono0_fix1/shell1_X1_Y1_Z1_mono1_fix1/shell1_X1_Y1_Z1_mono3_fix1//test20tig_AVDZ// DONE 7.239439752791949 4.460131079417782 4.3775899736014985 16.07716080581123 2 -0.00353464 -0.00594373 -0.00594330 -0.00000001 0.00240867 0.00240936 0.00240896
shell0_X0_Y0_Z0_mono0_fix1/shell1_X1_Y1_Z1_mono3_fix1/shell1_X0_Y1_Z0_mono2_fix1//test20tig_AVDZ// DONE 4.460131079417782 4.3775900232822025 7.239439744935367 16.07716084763535 2 -0.00353462 -0.00594373 -0.00594331 -0.00000001 0.00240869 0.00240937 0.00240898
shell0_X0_Y0_Z0_mono0_fix1/shell1_X1_Y1_Z-1_mono1_fix1/shell1_X0_Y1_Z0_mono2_fix1//test20tig_AVDZ// DONE 7.239439752791947 4.3775900232822025 4.4601312930132115 16.07716106908736 2 0.00612326 0.00407517 0.00407555 -0.00000001 0.00204772 0.00196854 0.00201432
shell0_X0_Y0_Z0_mono0_fix1/shell0_X0_Y0_Z0_mono1_fix1/shell0_X0_Y0_Z0_mono3_fix1//test20tig_AVDZ// DONE 4.5159560879710785 7.441595710913052 4.3775899736014985 16.335141772485628 2 0.03794609 0.05613559 0.05613639 -0.00000002 -0.01819029 -0.01763077 -0.01795424
shell0_X0_Y0_Z0_mono0_fix1/shell1_X0_Y1_Z0_mono2_fix1/shell2_X0_Y2_Z0_mono3_fix1//test20tig_AVDZ// DONE 4.3775900232822025 7.441595701055088 4.51595605254862 16.335141776885912 2 0.03794618 0.05613570 0.05613649 -0.00000001 -0.01819030 -0.01763040 -0.01795409
shell0_X0_Y0_Z0_mono0_fix1/shell1_X0_Y1_Z0_mono1_fix1/shell2_X0_Y2_Z0_mono3_fix1//test20tig_AVDZ// DONE 4.515956561069496 7.441595701055088 4.3775895422126005 16.335141804337184 2 0.00599873 0.00233793 0.00233796 -0.00000001 0.00366078 0.00275198 0.00327738
shell0_X0_Y0_Z0_mono0_fix1/shell0_X0_Y0_Z0_mono1_fix1/shell1_X0_Y1_Z0_mono2_fix1//test20tig_AVDZ// DONE 4.5159560879710785 4.3775900232822025 7.441595758819045 16.335141870072327 2 0.00597984 0.00233807 0.00233811 -0.00000001 0.00364175 0.00275512 0.00326770
shell0_X0_Y0_Z0_mono0_fix1/shell0_X0_Y0_Z0_mono2_fix1/shell0_X0_Y0_Z0_mono3_fix1//test20tig_AVDZ// DONE 4.377589591893318 7.441595710913052 4.515956596491944 16.335141899298314 2 0.00597948 0.00233800 0.00233803 -0.00000001 0.00364145 0.00275481 0.00326740
shell0_X0_Y0_Z0_mono0_fix1/shell0_X0_Y0_Z0_mono2_fix1/shell1_X0_Y1_Z0_mono1_fix1//test20tig_AVDZ// DONE 4.377589591893318 4.515956561069496 7.4415957489610856 16.335141901923897 2 0.03794674 0.05613569 0.05613648 -0.00000001 -0.01818973 -0.01763040 -0.01795376
shell0_X0_Y0_Z0_mono0_fix1/shell1_X1_Y1_Z0_mono1_fix1/shell2_X1_Y2_Z0_mono3_fix1//test20tig_AVDZ// DONE 4.515956852480747 7.441595929046747 4.3775895422126005 16.335142323740094 2 0.03794444 0.05613561 0.05613640 -0.00000001 -0.01819195 -0.01762823 -0.01795413
shell0_X0_Y0_Z0_mono0_fix1/shell0_X0_Y0_Z0_mono2_fix1/shell1_X1_Y0_Z0_mono3_fix1//test20tig_AVDZ// DONE 4.377589591893318 7.441595913886067 4.515956831107359 16.335142336886744 2 0.03795317 0.05613554 0.05613634 -0.00000002 -0.01818316 -0.01763011 -0.01794984
shell0_X0_Y0_Z0_mono0_fix1/shell1_X1_Y0_Z0_mono1_fix1/shell1_X1_Y0_Z0_mono3_fix1//test20tig_AVDZ// DONE 4.515956488205572 7.441595913886067 4.3775899736014985 16.335142375693138 2 0.00599718 0.00233805 0.00233809 -0.00000001 0.00365911 0.00275420 0.00327735
shell0_X0_Y0_Z0_mono0_fix1/shell0_X0_Y0_Z0_mono2_fix1/shell1_X1_Y1_Z0_mono1_fix1//test20tig_AVDZ// DONE 4.377589591893318 4.515956852480747 7.44159597328223 16.335142417656296 2 0.00597996 0.00233809 0.00233813 -0.00000001 0.00364184 0.00275486 0.00326765
shell0_X0_Y0_Z0_mono0_fix1/shell1_X0_Y1_Z0_mono2_fix1/shell2_X1_Y2_Z0_mono3_fix1//test20tig_AVDZ// DONE 4.3775900232822025 7.441595929046747 4.51595650957896 16.33514246190791 2 0.00597959 0.00233806 0.00233809 -0.00000001 0.00364152 0.00275520 0.00326760
shell0_X0_Y0_Z0_mono0_fix1/shell1_X1_Y0_Z0_mono1_fix1/shell1_X0_Y1_Z0_mono2_fix1//test20tig_AVDZ// DONE 4.515956488205572 4.3775900232822025 7.441595958121554 16.335142469609327 2 0.03794595 0.05613552 0.05613632 -0.00000001 -0.01819035 -0.01763006 -0.01795398
shell0_X0_Y0_Z0_mono0_fix1/shell1_X1_Y0_Z0_mono2_fix1/shell1_X1_Y1_Z0_mono3_fix1//test20tig_AVDZ// DONE 7.501411619895282 4.4601310789633635 4.51595605254862 16.477498751407264 2 -0.03525011 -0.04298687 -0.04298560 -0.00000001 0.00773549 0.00874577 0.00816170
shell0_X0_Y0_Z0_mono0_fix1/shell0_X0_Y0_Z0_mono1_fix1/shell1_X1_Y1_Z0_mono3_fix1//test20tig_AVDZ// DONE 4.5159560879710785 4.4601310789633635 7.501411621956955 16.477498788891396 2 -0.03524909 -0.04298681 -0.04298553 -0.00000001 0.00773645 0.00874618 0.00816243
shell0_X0_Y0_Z0_mono0_fix1/shell1_X1_Y0_Z0_mono1_fix1/shell1_X1_Y0_Z0_mono2_fix1//test20tig_AVDZ// DONE 4.515956488205572 7.501411619895282 4.460130982830929 16.477499090931783 2 -0.03524827 -0.04298665 -0.04298537 -0.00000001 0.00773711 0.00874545 0.00816250
shell0_X0_Y0_Z0_mono0_fix1/shell1_X-1_Y1_Z0_mono2_fix1/shell1_X0_Y1_Z0_mono3_fix1//test20tig_AVDZ// DONE 7.501411867012628 4.460130786847383 4.515956831107359 16.47749948496737 2 -0.03524570 -0.04298670 -0.04298541 -0.00000001 0.00773972 0.00874178 0.00816246
shell0_X0_Y0_Z0_mono0_fix1/shell1_X1_Y1_Z0_mono1_fix1/shell1_X0_Y1_Z0_mono3_fix1//test20tig_AVDZ// DONE 4.515956852480747 4.460130786847383 7.501411869074303 16.477499508402435 2 -0.03524880 -0.04298679 -0.04298551 -0.00000001 0.00773672 0.00874605 0.00816253
shell0_X0_Y0_Z0_mono0_fix1/shell1_X-1_Y1_Z0_mono2_fix1/shell1_X0_Y1_Z0_mono1_fix1//test20tig_AVDZ// DONE 7.501411867012628 4.515956561069496 4.460131292558794 16.477499720640918 2 -0.03524933 -0.04298690 -0.04298562 -0.00000001 0.00773630 0.00874644 0.00816245
shell0_X0_Y0_Z0_mono0_fix1/shell1_X1_Y0_Z0_mono1_fix1/shell1_X0_Y1_Z0_mono3_fix1//test20tig_AVDZ// DONE 4.515956488205572 4.460130786847383 7.633408780004605 16.60949605505756 2 0.00147927 0.00555448 0.00555448 -0.00000001 -0.00407520 -0.00359765 -0.00387373
shell0_X0_Y0_Z0_mono0_fix1/shell1_X-1_Y0_Z0_mono2_fix1/shell1_X0_Y1_Z0_mono3_fix1//test20tig_AVDZ// DONE 7.633408800312303 4.460130786847383 4.51595650957896 16.609496096738646 2 0.00147951 0.00555444 0.00555443 -0.00000001 -0.00407492 -0.00359830 -0.00387385
shell0_X0_Y0_Z0_mono0_fix1/shell0_X0_Y0_Z0_mono1_fix1/shell1_X-1_Y0_Z0_mono2_fix1//test20tig_AVDZ// DONE 4.5159560879710785 7.633408800312303 4.460131292558794 16.609496180842175 2 0.00147917 0.00555460 0.00555459 -0.00000001 -0.00407541 -0.00359767 -0.00387386
shell0_X0_Y0_Z0_mono0_fix1/shell1_X1_Y1_Z0_mono3_fix1/shell1_X0_Y1_Z0_mono1_fix1//test20tig_AVDZ// DONE 4.4601310789633635 4.515956561069496 7.633409038991829 16.609496679024687 2 0.00147914 0.00555455 0.00555454 -0.00000001 -0.00407539 -0.00359760 -0.00387382
shell0_X0_Y0_Z0_mono0_fix1/shell1_X1_Y1_Z0_mono2_fix1/shell1_X1_Y1_Z0_mono3_fix1//test20tig_AVDZ// DONE 7.633409059299531 4.4601310789633635 4.515956596491944 16.60949673475484 2 0.00147927 0.00555454 0.00555453 -0.00000001 -0.00407525 -0.00359776 -0.00387381
shell0_X0_Y0_Z0_mono0_fix1/shell1_X1_Y1_Z0_mono1_fix1/shell1_X1_Y1_Z0_mono2_fix1//test20tig_AVDZ// DONE 4.515956852480747 7.633409059299531 4.460130982830929 16.60949689461121 2 0.00147947 0.00555449 0.00555448 -0.00000001 -0.00407499 -0.00359825 -0.00387387
shell0_X0_Y0_Z0_mono0_fix1/shell0_X0_Y0_Z0_mono2_fix1/shell1_X0_Y-1_Z-1_mono0_fix1//test20tig_AVDZ// DONE 4.377589591893318 8.34327286060742 4.377590023746515 17.098452476247253 4 0.02372008 0.03743884 0.03743871 -0.00000002 -0.01371861 -0.01378266 -0.01374563
shell0_X0_Y0_Z0_mono0_fix1/shell0_X0_Y0_Z0_mono2_fix1/shell1_X0_Y1_Z1_mono2_fix1//test20tig_AVDZ// DONE 4.377589591893318 4.377590023746515 8.343272917945272 17.098452533585103 2 0.02370786 0.03743888 0.03743874 -0.00000002 -0.01373085 -0.01378316 -0.01375292
shell0_X0_Y0_Z0_mono0_fix1/shell1_X0_Y1_Z1_mono3_fix1/shell1_X1_Y1_Z0_mono3_fix1//test20tig_AVDZ// DONE 4.460130787301801 4.4601310789633635 8.487159043655303 17.407420909920468 2 0.01774921 0.02729094 0.02729143 -0.00000004 -0.00954218 -0.00940257 -0.00948328
shell0_X0_Y0_Z0_mono0_fix1/shell1_X-1_Y0_Z-1_mono0_fix1/shell1_X0_Y1_Z0_mono3_fix1//test20tig_AVDZ// DONE 8.487159055786023 4.460130786847383 4.460131079417782 17.407420922051188 4 0.01774418 0.02729093 0.02729141 -0.00000004 -0.00954719 -0.00940068 -0.00948538
shell0_X0_Y0_Z0_mono0_fix1/shell0_X0_Y0_Z0_mono1_fix1/shell1_X1_Y1_Z0_mono1_fix1//test20tig_AVDZ// DONE 4.5159560879710785 4.515956852480747 8.644867266989586 17.67678020744141 1 0.12470413 0.11851410 0.11851690 -0.00000002 0.00618725 -0.00049966 0.00336621
shell0_X0_Y0_Z0_mono0_fix1/shell1_X-1_Y1_Z0_mono0_fix1/shell1_X0_Y1_Z0_mono1_fix1//test20tig_AVDZ// DONE 8.644867251306648 4.515956561069496 4.515956488205572 17.676780300581715 2 0.12473989 0.11851390 0.11851670 -0.00000002 0.00622321 -0.00047737 0.00339640
shell0_X0_Y0_Z0_mono0_fix1/shell0_X0_Y0_Z0_mono1_fix1/shell1_X-1_Y-1_Z0_mono0_fix1//test20tig_AVDZ// DONE 4.5159560879710785 8.821829156691244 4.515956852480747 17.85374209714307 2 0.07227425 0.09268065 0.09268089 -0.00000000 -0.02040664 -0.02103752 -0.02067279
shell0_X0_Y0_Z0_mono0_fix1/shell1_X1_Y0_Z0_mono1_fix1/shell1_X0_Y1_Z0_mono1_fix1//test20tig_AVDZ// DONE 4.515956488205572 4.515956561069496 8.821829228636577 17.853742277911646 1 0.07228551 0.09268052 0.09268075 -0.00000000 -0.02039524 -0.02104707 -0.02067023
