20.333772198319117 0.0046156800000000005 0.0062033999999999995 0.00380004 0.00045492000000000004 0.00036072000000000003 0.0003234 0.00034500000000000004
20.619963861478883 0.00867896 0.01247312 0.00844528 0.0009136000000000001 -0.00067992 -0.00045028 -0.00058304
20.61996388399065 0.01687 0.025012560000000003 0.01775736 0.0018137600000000002 -0.00270112 -0.00208604 -0.0024416
20.694002617762287 0.01673608 0.025197000000000004 0.0148992 0.0022090400000000002 -0.00037228 0.0005009200000000002 -3.799999999999984e-06
20.73260566169189 0.02189324 0.030591640000000003 0.02197206 0.002053 -0.0021319399999999997 -0.0011950399999999999 -0.00173658
20.73260568140782 0.02202022 0.031130080000000004 0.021608020000000002 0.0021321 -0.0017200199999999996 -0.0007358999999999998 -0.00130474
20.73260569680035 0.02230262 0.03220692000000001 0.02087438 0.00229626 -0.0008681799999999996 0.00013730000000000014 -0.0004439
20.732605716516282 0.032563499999999995 0.042996200000000005 0.03495278 0.00205498 -0.0044443799999999995 -0.0032349399999999995 -0.00393406
20.836308050242245 0.03308629999999999 0.04487816000000001 0.03489238 0.0024397 -0.0042458999999999995 -0.0027857399999999997 -0.0036298199999999997
20.83630820046968 0.03340599999999999 0.045819160000000005 0.03494704 0.00253646 -0.0040776 -0.00255014 -0.00343314
20.836308579005006 0.03397235999999999 0.047701160000000006 0.034979119999999995 0.00281254 -0.00381944 -0.00205618 -0.0030755
20.836308729232442 0.034254759999999995 0.048642160000000004 0.03498978 0.0029598800000000002 -0.00369504 -0.0018172599999999998 -0.00290278
20.852237534481933 0.038840759999999995 0.05340802 0.04113828 0.0028242400000000004 -0.0051219 -0.00316358 -0.00429566
20.85223768746519 0.04115674 0.05579095 0.04425364 0.0027130500000000003 -0.00581009 -0.00382914 -0.0049743
20.852238028716627 0.045745999999999995 0.06055679 0.05039183999999999 0.0025870500000000005 -0.00723305 -0.00518834 -0.00637036
20.85223818169988 0.048039769999999996 0.06293972 0.053456729999999994 0.0025295200000000004 -0.00794664 -0.0058736199999999995 -0.007072
21.116231895301585 0.04625285 0.061151620000000004 0.05028740999999999 0.0027096600000000005 -0.00674436 -0.00459708 -0.0058384000000000005
21.116232048284843 0.045349959999999995 0.06025757 0.04869331999999999 0.0028105400000000003 -0.0061540499999999995 -0.00395302 -0.005225410000000001
21.116232413276045 0.04355413999999999 0.05846947 0.045536919999999995 0.00298364 -0.004966549999999999 -0.00266486 -0.003995450000000001
21.1162325662593 0.04266302999999999 0.05757542 0.04395626 0.00307068 -0.00436403 -0.00202684 -0.003377960000000001
21.143381562153696 0.04890254999999999 0.06027512 0.05267768 0.00179586 -0.00557111 -0.00314896 -0.004549220000000001
21.240620889329534 0.04304418999999999 0.05408424 0.04391344 0.0019956600000000002 -0.0028650299999999997 -0.00010992000000000033 -0.0017027000000000014
21.240620892354926 0.03135650999999999 0.04170248 0.026409679999999998 0.00236934 0.0025774500000000007 0.005952799999999999 0.004001459999999998
21.275905710616172 0.055281389999999986 0.06944592 0.05728232 0.0025266200000000003 -0.00452759 -0.0009995200000000003 -0.0030391800000000016
21.275905725360385 0.06737942999999999 0.08331756 0.07289783999999999 0.0024137800000000004 -0.00793223 -0.00448924 -0.006479700000000001
21.320343467538294 0.07488903 0.0947703 0.08190887999999999 0.0033637000000000003 -0.01038359 -0.007023700000000001 -0.00896616
22.18244707683829 0.07630307 0.09600550000000001 0.08352497999999998 0.00326134 -0.01048329 -0.007140360000000001 -0.009073020000000001
22.182447080901355 0.07762783 0.09724070000000001 0.08501463999999999 0.0032913 -0.010678149999999999 -0.007252840000000001 -0.00923314
22.182447097773142 0.07898443 0.09847588000000002 0.08655423999999999 0.00326562 -0.01083547 -0.007354280000000001 -0.009366880000000001
22.18244710744606 0.08033718999999999 0.09971106000000002 0.08809096 0.00324306 -0.01099687 -0.007456080000000001 -0.00950314
22.18244710993067 0.08168220999999999 0.10094624000000002 0.08960855999999999 0.0032401599999999997 -0.011166530000000001 -0.007560180000000001 -0.00964514
22.18244712191803 0.08306066999999999 0.10218144000000003 0.09117561999999999 0.0031850599999999995 -0.011300010000000001 -0.007663320000000001 -0.00976582
22.314444234108162 0.08133768999999999 0.10041746000000003 0.08845789999999998 0.0033344799999999995 -0.01045469 -0.0068002600000000015 -0.008913019999999999
22.314444235176573 0.07959554999999999 0.09865350000000003 0.08574791999999998 0.0034742999999999996 -0.00962667 -0.005900660000000002 -0.008054799999999999
22.314444256417246 0.07787350999999999 0.09688952000000003 0.08305357999999997 0.0035984199999999997 -0.00877849 -0.005013080000000002 -0.007189999999999999
22.314444265580136 0.07613953 0.09512556000000004 0.08039427999999997 0.0036970999999999996 -0.00795185 -0.004096980000000002 -0.00632562
22.31444431901938 0.07439081 0.09336160000000004 0.07767365999999998 0.0038551799999999997 -0.00713803 -0.0032092200000000018 -0.0054805999999999995
22.314444332508305 0.07268009 0.09159762000000005 0.07500565999999997 0.00396466 -0.00629025 -0.0023439800000000016 -0.00462544
22.995887554227345 0.07537073 0.09482391000000005 0.08088658999999998 0.0041848 -0.00970071 -0.005422820000000002 -0.00789598
23.12374630182369 0.07821460999999999 0.09735421000000005 0.08442002999999998 0.0040433199999999996 -0.010248789999999999 -0.006000860000000002 -0.008456700000000001
23.123746310608176 0.08388169 0.10241481000000005 0.09149986999999998 0.0037441199999999997 -0.011362349999999998 -0.0071103400000000015 -0.00956854
23.30070819152535 0.08259016999999999 0.10101797000000005 0.08925622999999998 0.003980119999999999 -0.010646229999999998 -0.0063165400000000016 -0.00881966
23.300708287938107 0.08195825 0.10031955000000005 0.08818632999999998 0.004044419999999999 -0.010272529999999998 -0.0058921400000000014 -0.00842458
23.370350668724143 0.08192424999999999 0.10013315000000005 0.08769304999999998 0.004043499999999999 -0.009812329999999998 -0.005306580000000002 -0.007911499999999998
23.370350680854862 0.08201864999999998 0.09976035000000004 0.08677480999999998 0.003956299999999999 -0.008712569999999998 -0.004264580000000002 -0.006836139999999998
23.478093528188875 0.08808304999999998 0.10614243000000004 0.09434056999999998 0.003996619999999999 -0.010254249999999998 -0.0057021000000000025 -0.008333819999999999
23.47809358552673 0.09125568999999999 0.10933343000000004 0.09833024999999998 0.0037936199999999993 -0.010868289999999997 -0.006406700000000002 -0.008986059999999999
23.7382573118525 0.09406768999999998 0.11268007000000003 0.10191312999999998 0.00390966 -0.011755209999999997 -0.007265060000000002 -0.009860939999999999
23.73825732022408 0.09693356999999998 0.11602671000000003 0.10551512999999997 0.00400518 -0.012586849999999997 -0.008178780000000002 -0.010727219999999999
23.7382573678766 0.09787086999999998 0.11702149000000003 0.10660890999999997 0.00401948 -0.012757629999999997 -0.008273760000000002 -0.010866019999999999
23.738257383052858 0.09978258999999999 0.11901109000000003 0.10881806999999998 0.00402744 -0.013063029999999998 -0.008508240000000002 -0.011141499999999999
23.73825740609376 0.10075587 0.12000587000000003 0.10995246999999997 0.00400216 -0.013198869999999998 -0.008627920000000002 -0.01127052
23.738257439076968 0.10219879 0.12167919000000003 0.11178236999999996 0.00401872 -0.013602409999999999 -0.009069040000000002 -0.01168992
23.73825773342763 0.10317769 0.12267397000000003 0.11293104999999996 0.00397744 -0.013730909999999999 -0.009177600000000003 -0.01181
23.738257779739257 0.10415969 0.12366875000000004 0.11408472999999997 0.003931059999999999 -0.013856209999999999 -0.009285460000000002 -0.01192794
23.738257800957488 0.10561223 0.12534207000000003 0.11589360999999997 0.003967759999999999 -0.01424925 -0.009755380000000003 -0.0123534
23.83166476575044 0.10606137 0.12585279000000002 0.11633114999999997 0.004083299999999999 -0.01435319 -0.009756500000000003 -0.01241396
23.831664772876938 0.10665089 0.12636349000000002 0.11697296999999997 0.003984799999999999 -0.01430699 -0.009756640000000002 -0.0123873
23.831664927738423 0.10716681 0.12687419000000003 0.11749658999999997 0.004011379999999999 -0.01434127 -0.009773260000000002 -0.01241414
23.831665316989756 0.10768547 0.12738489000000003 0.11801934999999997 0.0040371999999999995 -0.014371169999999999 -0.009790200000000002 -0.012438580000000001
23.831665326908013 0.10823283 0.12789559000000003 0.11861490999999996 0.00398868 -0.01437085 -0.009783840000000002 -0.01243572
23.831665398715494 0.10871387 0.12840633000000004 0.11910352999999996 0.00405258 -0.01444233 -0.009785160000000003 -0.0124776
23.963661985690646 0.10788367 0.12748583000000005 0.11777380999999995 0.00409948 -0.013989689999999999 -0.009267140000000004 -0.01199738
23.96366201385492 0.10710679000000001 0.12656533000000006 0.11650892999999996 0.00408292 -0.01348513 -0.008770140000000003 -0.011496020000000001
23.963662055400075 0.10633811000000001 0.12564481000000005 0.11525438999999996 0.0040545600000000005 -0.01297091 -0.008272040000000003 -0.010988600000000001
23.963662466526905 0.10549291000000001 0.12472431000000005 0.11390994999999995 0.004117780000000001 -0.01253489 -0.007744540000000003 -0.010514
23.96366249189943 0.10471319000000001 0.12380381000000004 0.11264930999999996 0.004094200000000001 -0.01203039 -0.007235300000000003 -0.0100075
23.963662619290343 0.10393291000000002 0.12288331000000004 0.11137624999999995 0.004083640000000001 -0.01152705 -0.006734840000000002 -0.00950538
24.171877898373786 0.09933175000000002 0.11811203000000003 0.10449796999999995 0.004269280000000001 -0.00943557 -0.004489480000000002 -0.007348980000000001
24.171877910686067 0.09975407000000003 0.11851567000000003 0.10507952999999995 0.004274680000000001 -0.009600210000000001 -0.004653000000000003 -0.007513140000000001
24.171877933482246 0.10065791000000003 0.11932295000000002 0.10640608999999995 0.004113800000000001 -0.009862130000000002 -0.004925880000000002 -0.0077797000000000005
24.17187794579453 0.09122503000000003 0.10978039000000002 0.09224160999999995 0.0049154 -0.005932130000000002 -0.0005138800000000021 -0.0036463400000000005
24.216135707815123 0.09221163000000003 0.11067347000000002 0.09348626999999994 0.00484346 -0.006118250000000001 -0.0007266000000000022 -0.0038436800000000004
24.216135735586107 0.09318953000000003 0.11156655000000003 0.09471624999999995 0.00478822 -0.006315070000000002 -0.0009465600000000021 -0.00405026
24.216135778698963 0.09360149000000004 0.11186513000000003 0.09518862999999994 0.0047192200000000005 -0.006306490000000001 -0.0009721600000000021 -0.0040561
24.2161361544089 0.09399921000000004 0.11216371000000004 0.09567928999999994 0.00464258 -0.006322790000000002 -0.0009828400000000022 -0.00407004
24.21613617008264 0.09439631000000004 0.11246231000000004 0.09615052999999994 0.0045813 -0.006335670000000002 -0.000998920000000002 -0.004084259999999999
24.216136221622225 0.09536187000000004 0.11335539000000004 0.09738618999999994 0.0045242 -0.006548670000000001 -0.001204500000000002 -0.004294119999999999
24.21613660135882 0.09574827000000004 0.11365397000000005 0.09785872999999994 0.00446784 -0.006578430000000001 -0.0012179200000000021 -0.004317
24.216136619543516 0.09621815000000004 0.11395255000000006 0.09841298999999994 0.00431462 -0.006509590000000002 -0.001248420000000002 -0.00429006
24.216136672242648 0.09718175000000004 0.11484563000000006 0.09961418999999994 0.00428918 -0.006721750000000002 -0.001469320000000002 -0.0045059
24.21613699846653 0.09816417000000004 0.11573871000000006 0.10085444999999993 0.00422688 -0.006917290000000002 -0.0016913400000000021 -0.00471262
24.216137028748467 0.09922009000000004 0.11508605000000006 0.10799642999999993 -0.0014454000000000003 -0.007331070000000002 -0.001951640000000002 -0.00506164
24.216137065679852 0.09959795000000003 0.11538463000000007 0.10846920999999994 -0.0015031000000000003 -0.007368290000000002 -0.001951580000000002 -0.00508314
24.255529516941525 0.09996395000000004 0.11575775000000008 0.10851232999999993 -0.0015154600000000004 -0.0070330500000000025 -0.001676540000000002 -0.0047733
24.25552953168574 0.10013887000000003 0.11594429000000007 0.10850690999999993 -0.0014965600000000003 -0.006871610000000003 -0.001543160000000002 -0.004623680000000001
24.289102570446424 0.09709607000000003 0.11288377000000008 0.10399154999999993 -0.0013296800000000002 -0.005565930000000003 -4.95200000000019e-05 -0.0032386800000000007
24.28910272342968 0.09558907000000004 0.11135353000000008 0.10175392999999994 -0.0012667400000000001 -0.004898250000000002 0.000691399999999998 -0.002540100000000001
24.289102989763887 0.09255067000000004 0.10829301000000008 0.09725980999999993 -0.00111902 -0.0035902500000000023 0.002183519999999998 -0.0011544200000000008
24.289103142747138 0.09104055000000004 0.10676275000000007 0.09501752999999993 -0.0010523800000000001 -0.002924730000000002 0.002929599999999998 -0.0004549200000000008
24.38328296988336 0.09634212000000004 0.11390953000000008 0.10310711999999994 -0.0010693900000000001 -0.005695710000000002 -0.00019337000000000217 -0.0033744000000000014
24.46417140821675 0.09599564000000005 0.11308265000000008 0.10259151999999994 -0.0013084300000000002 -0.0052874700000000024 8.246999999999785e-05 -0.0030220000000000012
24.464171561200004 0.09579300000000004 0.11266905000000008 0.10233543999999993 -0.00142795 -0.005114510000000003 0.00026190999999999785 -0.002846320000000001
24.524238063470648 0.09628464000000005 0.11312067000000008 0.10317643999999992 -0.0015444500000000002 -0.005347370000000002 -5.215000000000216e-05 -0.003113440000000001
24.524238085982415 0.09290948000000004 0.10964751000000007 0.09902971999999993 -0.00149481 -0.004625450000000002 0.0009763699999999979 -0.002262160000000001
24.524238433660344 0.09123088000000004 0.10791091000000007 0.09696407999999994 -0.00147847 -0.0042547500000000025 0.0014852099999999979 -0.0018331800000000009
24.524238456172107 0.09212648000000004 0.10881415000000007 0.09856427999999993 -0.00161727 -0.004820590000000002 0.0008814099999999978 -0.002415020000000001
24.52423887078184 0.09049004000000004 0.10707757000000007 0.09651149999999993 -0.00161475 -0.0044067700000000026 0.0013477499999999978 -0.001979040000000001
24.524238893293603 0.09147372000000004 0.10798081000000007 0.09820081999999992 -0.00187363 -0.004853490000000003 0.0007436299999999978 -0.002492160000000001
24.5242391958365 0.09192816000000004 0.10843245000000007 0.09904407999999992 -0.00199043 -0.005125510000000003 0.00047632999999999785 -0.0027621800000000012
24.524239218348264 0.08869664000000003 0.10495929000000007 0.09497403999999993 -0.00202219 -0.004255230000000003 0.001388329999999998 -0.0018743000000000013
24.53905683845 0.08916754000000003 0.10553153000000007 0.09542565999999993 -0.00188505 -0.004373090000000003 0.0013058299999999978 -0.001977240000000001
24.539056841475396 0.09012990000000003 0.10667601000000007 0.09634473999999993 -0.00162985 -0.004585010000000003 0.0011384299999999978 -0.0021703600000000014
24.549815119519664 0.08953794000000002 0.10585339000000007 0.09542641999999993 -0.00171591 -0.004172570000000003 0.0015535299999999978 -0.0017568000000000015
24.5498155519198 0.08889202000000003 0.10503075000000008 0.09442071999999993 -0.00170849 -0.003820210000000003 0.0019556899999999978 -0.0013834200000000015
24.549815554922947 0.08827180000000003 0.10420811000000008 0.09345829999999992 -0.00174855 -0.0034379700000000033 0.002371709999999998 -0.0009869200000000016
24.54981571544375 0.08762932000000002 0.10338549000000008 0.09242825999999993 -0.00171803 -0.0030809300000000034 0.002753629999999998 -0.0006193800000000016
24.54981572123865 0.08704058000000002 0.10256285000000008 0.09148663999999992 -0.0017793499999999999 -0.0026667300000000034 0.003145109999999998 -0.0002147600000000016
24.549816310895082 0.08643442000000003 0.10174021000000008 0.09052079999999993 -0.00181497 -0.0022714300000000035 0.003537749999999998 0.0001794199999999984
24.565710915796757 0.08563958000000002 0.10067067000000009 0.08930913999999993 -0.0018490899999999998 -0.0018204900000000036 0.003971609999999998 0.0006231599999999984
24.56571092297198 0.08476328000000002 0.0996011300000001 0.08800763999999993 -0.0017738099999999998 -0.0014705700000000035 0.004407069999999998 0.0010091599999999983
24.565710941441544 0.08395376000000003 0.0985315900000001 0.08676463999999993 -0.0017689299999999997 -0.0010419700000000036 0.004822629999999998 0.0014322599999999984
24.565711718128746 0.08314828000000003 0.0974620700000001 0.08555169999999994 -0.0018001299999999996 -0.0006033100000000036 0.005266289999999998 0.0018730399999999983
24.565711721590052 0.08231856000000003 0.0963925300000001 0.08431521999999994 -0.0018042499999999996 -0.00019245000000000362 0.005718929999999998 0.0023015199999999983
24.565711840945635 0.08144608000000003 0.09532299000000011 0.08300845999999994 -0.0017232699999999996 0.0001608699999999964 0.006143649999999998 0.0026849599999999984
24.68181218623501 0.08168010000000003 0.0954236100000001 0.08322715999999994 -0.0018102899999999996 0.00026320999999999636 0.006191089999999998 0.0027641399999999983
24.681812201477882 0.08194282000000003 0.0953153100000001 0.08363571999999994 -0.0020732499999999996 0.0003803299999999964 0.006151569999999998 0.0028151799999999983
24.681812835539006 0.08214636000000003 0.0954159300000001 0.08382883999999995 -0.0021384099999999994 0.0004559099999999964 0.006223289999999998 0.0028891399999999984
24.681812992047085 0.08235812000000003 0.0955165300000001 0.08400307999999995 -0.0021864299999999996 0.0005414499999999964 0.006279749999999998 0.0029623999999999983
24.681813384626295 0.08258458000000003 0.0956171300000001 0.08417957999999995 -0.0022352299999999995 0.0006402099999999964 0.006313029999999998 0.003033539999999998
24.681813397077413 0.08278716000000003 0.09571773000000011 0.08433967999999994 -0.0022684499999999995 0.0007159299999999965 0.006372689999999998 0.003102479999999998
24.697708053644874 0.08316516000000003 0.09599051000000011 0.08468045999999994 -0.0023453899999999997 0.0008300899999999964 0.006380009999999998 0.003171559999999998
24.697708075352203 0.08344610000000002 0.09626329000000011 0.08495803999999994 -0.00235347 0.0008415499999999965 0.0064536299999999975 0.003209239999999998
24.69770813838759 0.08371324000000002 0.09653607000000011 0.08520671999999994 -0.00233233 0.0008388499999999965 0.006519149999999998 0.003235319999999998
24.697708959721275 0.08401196000000002 0.09680885000000011 0.08548531999999995 -0.0023428900000000003 0.0008695299999999964 0.006573609999999998 0.0032760399999999983
24.697708968689355 0.08430906000000002 0.09708163000000011 0.08579761999999995 -0.0023877300000000002 0.0008991699999999964 0.006654089999999998 0.0033271399999999984
24.69770897976015 0.08459636000000002 0.09735443000000012 0.08611055999999995 -0.0024314700000000002 0.0009172899999999965 0.006747529999999998 0.0033770399999999983
24.809514904516853 0.08378168000000003 0.09645929000000011 0.08488223999999994 -0.00234655 0.0012460299999999965 0.007215589999999998 0.0037645599999999984
24.809514921703407 0.08307394000000003 0.09556415000000011 0.08379333999999994 -0.0024076500000000003 0.0016882899999999964 0.0076712299999999985 0.004212459999999999
24.809514998142134 0.08229494000000002 0.0946689900000001 0.08260953999999994 -0.0023674300000000002 0.0020528699999999966 0.008123229999999999 0.004613919999999999
24.80951562968625 0.08210960000000002 0.0928765100000001 0.08303909999999994 -0.00367809 0.0027486499999999966 0.008608929999999999 0.005221079999999999
24.809515642438463 0.08133798000000002 0.0919813700000001 0.08186477999999993 -0.0036498900000000003 0.0031231299999999965 0.009064629999999999 0.005629819999999999
24.809515660856963 0.08052024000000002 0.0910862500000001 0.08062605999999993 -0.00355197 0.0034461899999999965 0.009517409999999999 0.006007599999999999
24.829483878985187 0.08127516000000003 0.0909848500000001 0.08135169999999993 -0.00372585 0.0036493499999999965 0.009810449999999998 0.0062486799999999995
24.87568224085075 0.08329396000000003 0.0929705700000001 0.08384565999999993 -0.0038509300000000002 0.0032992699999999965 0.009286689999999998 0.00582536
24.87568225070872 0.08394768000000002 0.0937890500000001 0.08452133999999993 -0.0036722100000000004 0.0030985499999999964 0.009214809999999999 0.005679
24.87568226670427 0.08539464000000002 0.0954260900000001 0.08583717999999993 -0.0032825300000000005 0.0028399899999999962 0.008851129999999999 0.00537604
24.875682276562234 0.08938456000000002 0.0993975300000001 0.09081597999999994 -0.0035232500000000003 0.0020918299999999963 0.007865129999999998 0.00452756
24.919615789603338 0.09029348000000001 0.10024863000000009 0.09206427999999993 -0.00356783 0.0017970299999999963 0.007690349999999998 0.0042834
24.91961594258659 0.09077661000000001 0.10067418000000009 0.09267984999999992 -0.0035809500000000003 0.0016777099999999963 0.007554229999999998 0.004156989999999999
24.91961700374461 0.09167361 0.10152530000000008 0.09384702999999993 -0.0035324700000000002 0.0013590499999999962 0.007291349999999998 0.003861849999999999
24.91961715672786 0.09211015 0.10195085000000008 0.09442228999999992 -0.0035009100000000003 0.0011887799999999963 0.007171679999999998 0.0037129199999999993
24.941512122215343 0.09232737 0.10221829000000007 0.09467904999999992 -0.0034608700000000004 0.0011091999999999964 0.007181779999999998 0.003671179999999999
24.941512123274826 0.09254651000000001 0.10248573000000007 0.09493474999999992 -0.0034225500000000003 0.0010343199999999963 0.007192619999999998 0.0036324599999999992
24.941512130778197 0.09292279000000002 0.10302061000000007 0.09535278999999991 -0.0032463900000000005 0.0008163999999999963 0.007212979999999997 0.003515059999999999
24.94151274538761 0.09313815000000002 0.10328803000000007 0.09561714999999991 -0.0032144900000000004 0.0007354999999999964 0.007231619999999998 0.003476159999999999
24.941512745560086 0.09333093000000002 0.10355547000000007 0.09582238999999991 -0.0031229700000000005 0.0006315399999999964 0.0072351399999999975 0.003417539999999999
24.945734939767803 0.09129177000000002 0.10137943000000006 0.09321282999999991 -0.0031664500000000003 0.0012454199999999964 0.007967379999999998 0.004081339999999999
24.94573508999524 0.09230233000000002 0.10244295000000006 0.09479264999999991 -0.0032575700000000004 0.0007672799999999965 0.007552939999999998 0.003630079999999999
24.945735395266162 0.09428977000000002 0.10456995000000006 0.0978439699999999 -0.0033351700000000006 -0.00021904000000000346 0.006679739999999997 0.002691479999999999
24.945735545493598 0.09320811000000002 0.10348191000000007 0.0964556099999999 -0.0032659900000000007 1.847999999999653e-05 0.007044659999999998 0.0029827399999999994
24.945735577091963 0.09532431000000002 0.10560895000000006 0.0996645699999999 -0.003515710000000001 -0.0008246000000000035 0.006152259999999998 0.0021188599999999993
24.9457357273194 0.09428015000000002 0.10452095000000006 0.0983396499999999 -0.003515930000000001 -0.0005436000000000035 0.006531699999999998 0.0024413799999999995
24.945735987635977 0.09226307000000002 0.10234491000000005 0.0957464499999999 -0.0035799300000000007 9.655999999999651e-05 0.007264459999999998 0.0031205799999999995
24.945736137863413 0.09326495000000001 0.10340843000000005 0.0972832099999999 -0.0036302500000000007 -0.0003880200000000035 0.0068292799999999975 0.0026568399999999997
24.958252406309086 0.08809999000000002 0.09761979000000005 0.0906214499999999 -0.003802410000000001 0.0012809399999999965 0.008486399999999998 0.0043208
24.9582524210533 0.08543677000000002 0.09472547000000005 0.0871858299999999 -0.003770870000000001 0.0020218199999999962 0.009300859999999998 0.005092719999999999
24.958253164893783 0.08014297000000002 0.08893683000000005 0.0803534699999999 -0.0037577500000000007 0.0035472599999999965 0.010950579999999998 0.0066706
24.958253179637996 0.07755239000000003 0.08604251000000004 0.0770048899999999 -0.0038252500000000005 0.004372759999999996 0.011767439999999997 0.007492459999999999
24.963446432335346 0.08077715000000002 0.08861555000000004 0.0818518099999999 -0.00455161 0.0034768399999999967 0.011142479999999996 0.0067109
25.03590446142131 0.08541263000000002 0.09355739000000005 0.0883681699999999 -0.00366889 0.0007131199999999968 0.009449279999999997 0.00439874
25.045792807139936 0.08736047000000002 0.09549763000000004 0.0907998899999999 -0.0037986900000000004 0.0003590399999999968 0.008945119999999997 0.00398134
25.04579291842481 0.08825081000000003 0.09646775000000005 0.0919380499999999 -0.0037799100000000005 9.241999999999676e-05 0.008732539999999997 0.00373752
25.04579326499031 0.09007977000000003 0.09840795000000005 0.0942749699999999 -0.0038051500000000006 -0.0003902600000000032 0.008293979999999998 0.00327344
25.045793376275178 0.09104277000000004 0.09937807000000005 0.0954679499999999 -0.0038451900000000005 -0.0005802000000000032 0.008035799999999997 0.00305472
25.066410728796875 0.09161865000000004 0.10028155000000005 0.0955272299999999 -0.0038437500000000004 -6.504000000000319e-05 0.008332199999999998 0.0034776
25.10941008083131 0.08883177000000003 0.09681703000000005 0.09053378999999989 -0.0035406300000000003 0.0018383999999999968 0.010328279999999999 0.00542016
25.13886875788284 0.08551941000000003 0.09377923000000005 0.08542586999999989 -0.0031836300000000002 0.0032769599999999967 0.012137879999999998 0.0070152
25.176664006214946 0.07929053000000003 0.08777363000000005 0.0769707499999999 -0.00276763 0.005087119999999997 0.014451879999999999 0.00903792
25.17666412408974 0.08184629000000003 0.09044155000000005 0.08116974999999989 -0.00297355 0.0036497999999999973 0.012937279999999999 0.007568
25.176664354212452 0.08437977000000003 0.09310943000000005 0.08533090999999988 -0.00314911 0.002197679999999997 0.011425119999999999 0.00609056
25.176664444624837 0.08698293000000004 0.09577739000000005 0.08954314999999989 -0.00339147 0.0008309599999999969 0.009892759999999999 0.00465396
25.176664472087246 0.08545437000000004 0.09427601000000005 0.0874529699999999 -0.00331227 0.0013133799999999968 0.0104535 0.00516942
25.17666456249963 0.08390473000000004 0.09277461000000005 0.08534616999999989 -0.00321739 0.0017756599999999968 0.011029579999999999 0.00567972
25.177789987556956 0.08332561000000004 0.09183853000000004 0.08431716999999989 -0.0034719900000000003 0.002480139999999997 0.01159874 0.00632712
25.177790098841825 0.08298669000000003 0.09137051000000004 0.08375034999999989 -0.0035417700000000005 0.002777819999999997 0.0119043 0.00662812
25.17779045727721 0.08206121000000002 0.09043443000000004 0.08224910999999989 -0.0032828500000000004 0.003094659999999997 0.01247466 0.007051920000000001
25.17779056856208 0.08172149000000002 0.08996639000000003 0.08165438999999988 -0.0033220300000000006 0.003388839999999997 0.0127533 0.00733954
25.18828295318832 0.08526350000000002 0.09416702000000003 0.08724134999999988 -0.0035866600000000006 0.0016084899999999971 0.01065225 0.005423890000000001
25.205415522603314 0.08611106000000002 0.09484370000000003 0.08807138999999989 -0.0035507800000000008 0.0015901299999999971 0.010663810000000001 0.005418130000000001
25.205415554087647 0.08749586000000002 0.09620698000000003 0.08991256999999989 -0.0036494400000000008 0.0012324099999999972 0.010238490000000001 0.005031890000000001
25.205415923978915 0.09029022000000002 0.09893354000000003 0.09362352999999989 -0.0038784800000000006 0.0005448499999999971 0.009386010000000002 0.004274730000000001
25.20541595546325 0.09073596000000002 0.09927186000000003 0.09408130999999989 -0.0039001400000000007 0.0005544899999999971 0.009391470000000002 0.004282610000000001
25.20541641991545 0.09348356000000002 0.10199842000000003 0.09773562999999989 -0.004067740000000001 -0.00018467000000000288 0.008554710000000002 0.003502290000000001
25.205416451399785 0.09395942000000002 0.10233676000000004 0.09823718999999989 -0.004132780000000001 -0.00014533000000000287 0.008560430000000003 0.003527450000000001
25.205416764860026 0.09487070000000002 0.10301340000000005 0.0991828699999999 -0.004205940000000001 -0.00010657000000000286 0.008580470000000003 0.003558330000000001
25.20541679634436 0.09626614000000001 0.10437668000000004 0.1010412499999999 -0.004324180000000001 -0.0004512900000000029 0.008162770000000003 0.003182810000000001
25.21000919918944 0.09315438000000001 0.10136320000000004 0.0969030899999999 -0.004028140000000001 0.0002790699999999971 0.009277210000000003 0.004075210000000001
25.210009213933652 0.09156664 0.09985648000000004 0.0947964099999999 -0.003839600000000001 0.0006094499999999971 0.009841750000000003 0.004504390000000001
25.21000996390292 0.08846720000000001 0.09684300000000004 0.0906460899999999 -0.003534600000000001 0.001355329999999997 0.010955710000000004 0.005405550000000001
25.210009978647133 0.08694196000000001 0.09533628000000004 0.0886052099999999 -0.003421800000000001 0.001758169999999997 0.011506510000000005 0.0058708100000000015
25.301633995378694 0.09137152000000001 0.10011832000000004 0.0946651299999999 -0.003648040000000001 0.00035404999999999703 0.009788230000000005 0.004334130000000002
25.30163399840409 0.09647312000000001 0.10599032000000004 0.1020431299999999 -0.003570760000000001 -0.0019997100000000026 0.0074176700000000055 0.001973330000000002
25.30163401619623 0.09895628000000001 0.10892636000000004 0.1056815699999999 -0.003474640000000001 -0.0032511100000000024 0.006270910000000005 0.0007660900000000018
25.301634019221623 0.10769700000000001 0.11849044000000004 0.11780164999999991 -0.003922160000000001 -0.006182870000000002 0.0029720300000000053 -0.002320549999999998
25.467342507486872 0.10780156000000002 0.11841488000000004 0.11784024999999991 -0.003999720000000001 -0.0060393500000000015 0.003078370000000005 -0.002192709999999998
25.467342542595336 0.10800268000000002 0.11826376000000004 0.1178398099999999 -0.004071040000000001 -0.005766510000000002 0.0032295700000000054 -0.0019711899999999977
25.475299167700094 0.12265192000000001 0.13362268000000005 0.1368812899999999 -0.00408892 -0.010140870000000001 -0.0011354299999999946 -0.006341589999999998
25.593105710138644 0.12307960000000001 0.13386512000000006 0.1372884499999999 -0.0042236 -0.009985670000000002 -0.0009479099999999945 -0.006172749999999998
25.593105809292794 0.12367818000000001 0.13448240000000006 0.1380628299999999 -0.00419174 -0.010193330000000002 -0.0011167499999999945 -0.006364029999999998
25.59310619594808 0.12488966000000001 0.13571700000000006 0.1396738699999999 -0.00419486 -0.010589730000000002 -0.0014102699999999945 -0.006717029999999998
25.59310629510223 0.12516560000000002 0.13583822000000007 0.13993954999999988 -0.00432998 -0.010444330000000002 -0.0013260099999999944 -0.006597429999999998
25.593106415908395 0.12641896000000002 0.13707278000000006 0.1415706699999999 -0.00435418 -0.010797850000000001 -0.0016642899999999945 -0.0069445099999999975
25.593106515062544 0.12663212000000001 0.13719400000000007 0.1417711899999999 -0.004419 -0.010720370000000002 -0.0015697499999999945 -0.006859829999999997
25.59310684508671 0.12708596000000003 0.13743644000000008 0.1422169499999999 -0.0045952 -0.010536090000000001 -0.0013646699999999945 -0.006666789999999997
25.59310694424086 0.12771246000000003 0.13805372000000007 0.1430347299999999 -0.00460952 -0.010713070000000002 -0.0015277099999999944 -0.0068378899999999975
25.60283621023676 0.12626498000000003 0.13636084000000007 0.1409557699999999 -0.00461904 -0.010072050000000003 -0.0008413099999999944 -0.006177729999999998
25.602836360464195 0.12557930000000003 0.13551440000000006 0.1399525599999999 -0.00466649 -0.009707070000000002 -0.0004991899999999944 -0.005822389999999998
25.602837419667246 0.12422118000000003 0.13382154000000007 0.1379691999999999 -0.00478459 -0.008963710000000001 0.0001815100000000056 -0.005105469999999997
25.60283756989468 0.12352786000000003 0.13297510000000007 0.1369520399999999 -0.0048170900000000004 -0.008607370000000001 0.0005202900000000056 -0.0047565399999999975
25.619312030104822 0.12288222000000003 0.13234862000000006 0.1360064599999999 -0.00458897 -0.008535530000000001 0.0007843300000000056 -0.0046036199999999975
25.619312037886743 0.12243454000000002 0.13172214000000004 0.13531095999999992 -0.00463193 -0.008244750000000002 0.0010312700000000056 -0.004331339999999998
25.619312068494512 0.12197812000000002 0.13109566000000003 0.13463309999999992 -0.004689990000000001 -0.007965250000000002 0.0012960500000000056 -0.004058059999999998
25.61931213373883 0.12151326000000003 0.13046918000000002 0.13391825999999993 -0.004712130000000001 -0.007693110000000002 0.0015441500000000056 -0.0037960799999999977
25.619312134051373 0.12104958000000003 0.1298427 0.13322609999999993 -0.004755270000000001 -0.007421490000000002 0.0018056100000000057 -0.0035287399999999977
25.619312157883716 0.12059706000000003 0.12921622 0.13254475999999993 -0.004809970000000001 -0.007137950000000002 0.0020642100000000056 -0.0032557199999999975
25.621719262095873 0.12337994000000004 0.13227529999999998 0.13636907999999992 -0.004997090000000001 -0.007992270000000003 0.0012119300000000056 -0.004109199999999998
25.621719264244234 0.12611074000000003 0.13533437999999998 0.14005599999999993 -0.005038170000000001 -0.008907350000000003 0.00030033000000000555 -0.005022799999999997
25.621719288630068 0.12887186000000003 0.13839349999999997 0.14384639999999993 -0.005189930000000001 -0.009784870000000003 -0.0005549899999999945 -0.005890959999999997
25.652261073084688 0.12728486000000003 0.13658689999999998 0.14118347999999992 -0.004931210000000001 -0.008967790000000003 0.0006409300000000056 -0.004914039999999997
25.662383670370346 0.12647870000000003 0.13567416 0.13999667999999993 -0.004944490000000001 -0.008573890000000004 0.0009899100000000055 -0.004539099999999997
25.662383697227817 0.12563026000000002 0.13476142 0.13878185999999992 -0.0049267500000000014 -0.008225270000000003 0.0013673700000000056 -0.0041783199999999975
25.66238375056942 0.12481184000000002 0.13384868 0.1375930999999999 -0.004939810000000001 -0.007841870000000003 0.0017351900000000056 -0.0038014799999999977
25.662383750667054 0.12398088000000002 0.13293594 0.1364126599999999 -0.004959510000000001 -0.0074726700000000024 0.0021232700000000057 -0.0034243199999999976
25.662383769332408 0.12317074000000001 0.1320232 0.13522855999999991 -0.0049743500000000015 -0.007083850000000003 0.002477270000000006 -0.003050179999999998
25.662383845423467 0.12233860000000002 0.13111046 0.1340156399999999 -0.004959970000000002 -0.006717450000000002 0.002837470000000006 -0.0026863999999999976
25.753716399512502 0.12177660000000001 0.13050266000000002 0.13319263999999992 -0.004957970000000002 -0.006458450000000003 0.003265590000000006 -0.0023560399999999976
25.753716419906894 0.12126220000000001 0.12989498000000002 0.13239179999999992 -0.004981450000000002 -0.006148530000000003 0.003659590000000006 -0.0020106399999999976
25.753716503696353 0.12078068000000002 0.12928722 0.13157755999999993 -0.004987250000000002 -0.005809970000000003 0.003982790000000006 -0.0016785599999999976
25.77593752947075 0.12104034000000001 0.12965252000000002 0.13189027999999992 -0.004858490000000002 -0.005991810000000003 0.003914730000000006 -0.0018123999999999977
25.775937593291847 0.12072358000000001 0.12937023000000003 0.13142257999999993 -0.0048027500000000015 -0.005896620000000003 0.004047090000000006 -0.0017015299999999975
25.775937966674984 0.12012238000000001 0.12880565000000002 0.13051075999999992 -0.004714750000000001 -0.005674020000000003 0.0042907500000000055 -0.0014700499999999975
25.775938030496086 0.12029834000000002 0.12898829000000003 0.13073466999999991 -0.0047197900000000015 -0.005716930000000003 0.0042577500000000055 -0.0015087799999999975
25.775938082700932 0.11968582000000001 0.12842373000000004 0.1298066499999999 -0.0046141900000000015 -0.005507050000000003 0.004497490000000005 -0.0012862999999999976
25.77593814652203 0.11986460000000002 0.12860638000000005 0.13003837999999993 -0.0046271900000000015 -0.005547000000000003 0.004469100000000005 -0.0013213699999999975
25.775938470970324 0.12021812000000001 0.12897164000000005 0.1304738599999999 -0.004626450000000002 -0.005629700000000003 0.0043965000000000054 -0.0013998099999999974
25.775938534791422 0.11990506000000001 0.12868936000000006 0.13000404999999993 -0.004568500000000001 -0.0055309000000000035 0.004522270000000005 -0.0012896299999999973
25.813376799106113 0.12340678000000001 0.13211692000000005 0.13454080999999993 -0.0048265400000000016 -0.006307860000000004 0.0035279100000000056 -0.0021583099999999975
25.81337681162707 0.12516262 0.13383070000000005 0.13683234999999994 -0.004976640000000002 -0.0066934600000000035 0.003033790000000006 -0.0025896899999999974
25.813377665163976 0.12862954000000001 0.13725826000000005 0.14135770999999994 -0.005226960000000002 -0.007501540000000004 0.0020808300000000057 -0.0034588899999999975
25.813377677684933 0.13034056000000002 0.13897204000000005 0.14359168999999994 -0.005311760000000002 -0.007939700000000004 0.0015791500000000057 -0.003923849999999998
25.858341524073687 0.13203600000000001 0.14068136000000003 0.14588384999999993 -0.005548400000000002 -0.008299780000000005 0.0012329100000000057 -0.004278089999999998
25.85834162180058 0.13287872 0.14153602000000004 0.14700574999999994 -0.005635360000000002 -0.008492020000000005 0.0010386900000000057 -0.004471169999999998
25.85834237826167 0.13457056 0.14324534000000003 0.14924518999999994 -0.005805720000000001 -0.008869260000000004 0.0006450500000000057 -0.004855329999999998
25.858342475988565 0.1354246 0.14410000000000003 0.15039166999999995 -0.0059222200000000015 -0.009045200000000003 0.0004618500000000057 -0.005034329999999998
25.874099974594746 0.13411498 0.14265568000000003 0.14850650999999995 -0.005836100000000001 -0.008555780000000002 0.0010324700000000058 -0.004510649999999998
25.874099997106512 0.13156802 0.13976700000000003 0.14492266999999995 -0.0058477400000000014 -0.007507220000000002 0.002217510000000006 -0.003404529999999998
25.89542707951036 0.12977426 0.13766324000000002 0.14230026999999995 -0.005936860000000001 -0.006589460000000002 0.003204230000000006 -0.002457689999999998
25.895427086206332 0.12608626 0.13345564000000001 0.13694506999999995 -0.006001020000000001 -0.004858100000000002 0.005238150000000006 -0.0005987299999999981
25.996790934162696 0.1251248 0.13227104 0.13559702999999995 -0.006006360000000001 -0.004466180000000003 0.005688790000000006 -0.00018204999999999806
25.996790951004655 0.12419888000000001 0.13108644 0.13428316999999995 -0.006052420000000001 -0.0040321600000000025 0.006126790000000006 0.00025365000000000196
25.99679099290466 0.12330208000000001 0.12990184 0.13300734999999994 -0.006135640000000001 -0.0035699200000000025 0.0065651700000000065 0.0007058300000000019
25.996791700757104 0.12228466 0.12871723999999998 0.13154320999999994 -0.006025740000000002 -0.0032331000000000026 0.007003490000000006 0.001085470000000002
25.9967917150881 0.12132208 0.12753263999999997 0.13017752999999993 -0.006014260000000001 -0.002841500000000003 0.007441790000000006 0.001496770000000002
25.996791771545453 0.12040632 0.12634803999999997 0.12888730999999992 -0.006083100000000001 -0.002398200000000003 0.007892350000000006 0.0019431300000000021
26.072388965809363 0.12027716 0.12609699999999996 0.12863650999999993 -0.006265820000000001 -0.002093840000000003 0.008149190000000006 0.0022274500000000023
26.072388981732967 0.11957203999999999 0.12559483999999996 0.12747298999999992 -0.005921340000000001 -0.001979920000000003 0.008621830000000006 0.0024927300000000025
26.086721291220634 0.12047369999999999 0.12652353999999996 0.12871054999999992 -0.00607358 -0.002163580000000003 0.008336430000000006 0.0022661500000000024
26.086721296761755 0.12130591999999998 0.12745229999999996 0.12989308999999993 -0.00616296 -0.002424520000000003 0.008086670000000006 0.0020099300000000022
26.086721306379083 0.12207435999999998 0.12838103999999997 0.13098248999999992 -0.00615032 -0.002758120000000003 0.007830010000000005 0.0017087900000000021
26.086721992664188 0.12289167999999998 0.12930981999999996 0.13213478999999992 -0.00621104 -0.003032400000000003 0.007576230000000005 0.0014431500000000022
26.08672199315189 0.12372095999999998 0.13023853999999996 0.13328122999999992 -0.0062610800000000005 -0.003299520000000003 0.007294810000000005 0.0011699900000000023
26.08672213190969 0.12451021999999998 0.13116729999999996 0.13439732999999993 -0.006277820000000001 -0.0036096200000000026 0.0070381100000000045 0.0008824100000000023
26.11276664908372 0.12406645999999998 0.13043173999999996 0.13359088999999993 -0.006349820000000001 -0.0031749000000000026 0.007252350000000005 0.0012241300000000023
26.112766651538042 0.12604253999999998 0.13238777999999995 0.13609968999999994 -0.006625300000000001 -0.003432140000000003 0.0066830700000000045 0.0008352500000000023
26.112766686339704 0.12942469999999998 0.13629985999999997 0.14050616999999993 -0.006484740000000001 -0.004597100000000003 0.005671950000000005 -0.0002648299999999977
26.112766688794025 0.12843837999999996 0.13482873999999997 0.13892280999999992 -0.006669220000000001 -0.0038155800000000033 0.006269790000000004 0.0004391700000000023
26.116550534845352 0.12892645999999996 0.13538034 0.13961342999999993 -0.006663800000000001 -0.0040235200000000035 0.0060795900000000045 0.0002387100000000023
26.116550575170823 0.12940425999999997 0.13593194 0.14029190999999994 -0.006644460000000001 -0.004243540000000003 0.005891090000000004 3.19900000000023e-05
26.116550611081305 0.12990469999999996 0.13648352 0.14099082999999993 -0.006643360000000001 -0.0044431200000000035 0.005681110000000004 -0.0001719699999999977
26.116551311415563 0.13036323999999996 0.13703512 0.14163120999999992 -0.0065818000000000005 -0.004686520000000004 0.005475730000000004 -0.00039932999999999766
26.116551354251996 0.13083017999999996 0.1375867 0.14228982999999992 -0.00653892 -0.004921100000000004 0.005275090000000004 -0.0006195899999999977
26.116551373094165 0.13133889999999995 0.13813830000000002 0.1429773099999999 -0.0065287 -0.005110080000000004 0.005043870000000004 -0.0008263899999999977
26.21871840341077 0.13173779999999996 0.13856262000000003 0.1434569299999999 -0.00649994 -0.005219560000000004 0.004939010000000004 -0.0009339299999999977
26.218718421169097 0.13214225999999996 0.13898694000000003 0.1439702299999999 -0.00650754 -0.005320780000000004 0.004868130000000004 -0.0010223499999999978
26.218718519339394 0.13258045999999996 0.13941126000000004 0.14452434999999988 -0.00655712 -0.005387140000000004 0.004787130000000004 -0.0010948899999999979
26.21871923078222 0.13301951999999995 0.13983558000000004 0.1450624499999999 -0.00659114 -0.005452160000000004 0.004693350000000004 -0.001172029999999998
26.21871925964021 0.13341661999999996 0.14025990000000005 0.1455603699999999 -0.00658192 -0.005562200000000003 0.004615570000000004 -0.001268449999999998
26.218719268268913 0.13385551999999995 0.14068422000000005 0.1461143899999999 -0.00663298 -0.005626260000000004 0.004534530000000004 -0.001339669999999998
26.243460173954674 0.13478871999999995 0.14172770000000007 0.1474994699999999 -0.0066625 -0.006048620000000004 0.0041796500000000035 -0.0017335499999999982
26.243460192040747 0.13593027999999996 0.14277122000000006 0.1492022299999999 -0.00702958 -0.0062427400000000036 0.0038531300000000037 -0.0019835099999999982
26.24346026837064 0.13686111999999995 0.14381474000000005 0.1505865499999999 -0.0070583 -0.006667500000000003 0.0034998900000000038 -0.0023781099999999984
26.291873892334863 0.13991667999999996 0.14742866000000004 0.1545047499999999 -0.00691978 -0.007668660000000003 0.0025664100000000038 -0.0033507099999999985
26.291873905817646 0.14285439999999996 0.15104254000000006 0.1582306299999999 -0.0065769800000000005 -0.008799620000000003 0.0015956100000000038 -0.004414109999999999
26.29187401627123 0.14436245999999997 0.15284950000000005 0.1601540499999999 -0.006471920000000001 -0.009320020000000004 0.0011259500000000038 -0.004913109999999999
26.29187456073545 0.14594575999999998 0.15465648000000007 0.1621864299999999 -0.0064730000000000005 -0.009768020000000004 0.0006352500000000039 -0.005379129999999999
26.35292805514512 0.14723727999999997 0.15563296000000007 0.16384818999999992 -0.006786840000000001 -0.009824340000000004 0.0003545300000000039 -0.005530169999999999
26.352928208397948 0.14786155999999998 0.15612124000000008 0.16463942999999992 -0.0069176 -0.009860580000000004 0.0002444500000000039 -0.005597569999999999
26.375457368626567 0.14884667999999998 0.15711904000000007 0.16600010999999992 -0.006950680000000001 -0.010203060000000003 -4.058999999999611e-05 -0.005915809999999999
26.375457404958663 0.14977827999999999 0.15811684000000006 0.16724278999999992 -0.006856000000000001 -0.010608820000000003 -0.0003635099999999961 -0.006286609999999999
26.37545744211937 0.15079124 0.15911464000000006 0.16859770999999993 -0.006889320000000001 -0.010917420000000004 -0.0006668299999999961 -0.006592969999999999
26.38567801571194 0.15216639999999998 0.16161996000000006 0.17076598999999992 -0.006588680000000001 -0.012011180000000003 -0.0016131099999999962 -0.007624529999999999
26.385678028512345 0.14896123999999997 0.15833412000000005 0.16699882999999993 -0.006538160000000001 -0.011499700000000003 -0.0009682699999999961 -0.007056769999999999
26.38567805296792 0.14257435999999996 0.15176244000000005 0.15950802999999994 -0.006479440000000001 -0.010454500000000004 0.0003223700000000039 -0.005908049999999999
26.385678065768328 0.14532731999999995 0.15677300000000005 0.16380914999999993 -0.005839600000000001 -0.012642500000000004 -0.0015913899999999961 -0.007980369999999999
26.395999712498426 0.14317923999999996 0.15428244000000005 0.16054626999999994 -0.006057360000000001 -0.011309940000000004 -0.00029274999999999614 -0.006662129999999999
26.395999865751257 0.14212495999999997 0.15303716000000006 0.15888742999999994 -0.006143800000000001 -0.010618940000000004 0.0003170900000000038 -0.006005369999999999
26.423871118583012 0.14213615999999996 0.15307144000000006 0.15883398999999995 -0.006055880000000001 -0.010642220000000004 0.0003617300000000038 -0.006000009999999998
26.423871140331237 0.14216697999999994 0.15308858000000006 0.15883002999999996 -0.006037360000000001 -0.010625980000000004 0.0003739500000000038 -0.005985469999999998
26.423871145094495 0.14203469999999993 0.15275802000000005 0.15954378999999996 -0.006751220000000001 -0.010758160000000004 0.0002932500000000038 -0.006095929999999998
26.423871676596097 0.14206955999999993 0.15277518000000004 0.15955652999999997 -0.006741080000000002 -0.010746180000000004 0.0002990300000000038 -0.006086549999999998
26.423871677654 0.14204535999999993 0.15279230000000005 0.15952496999999996 -0.006682320000000002 -0.010797600000000004 0.0003374100000000038 -0.006100089999999998
26.615831435023207 0.1427964399999999 0.15339238000000005 0.16050148999999997 -0.006747120000000002 -0.010958240000000005 0.0001580900000000038 -0.006268609999999998
26.615831552898 0.1426681599999999 0.15319710000000006 0.16022434999999996 -0.006716800000000002 -0.010839700000000004 0.0002900700000000038 -0.006144389999999998
26.615831769384265 0.14238359999999992 0.15280654000000005 0.15962534999999997 -0.0066162400000000015 -0.010625820000000005 0.0005565100000000038 -0.005908349999999998
26.615831887259063 0.1427327999999999 0.15310660000000004 0.16005476999999999 -0.006585700000000002 -0.010736580000000004 0.0004447700000000038 -0.006019529999999998
26.615832586416346 0.1424509599999999 0.15271608000000003 0.15945969 -0.006482140000000002 -0.010526900000000004 0.0007015300000000038 -0.005789969999999998
26.615832704291144 0.1428144799999999 0.15301612000000003 0.15993090999999998 -0.006495520000000002 -0.010621220000000004 0.0006110700000000038 -0.005882649999999998
26.615832868146196 0.1434805999999999 0.15361624000000004 0.16079978999999997 -0.006445160000000002 -0.010874340000000005 0.0004413100000000038 -0.006100609999999998
26.61583298602099 0.1433612799999999 0.15342098000000004 0.16051532999999998 -0.006407940000000002 -0.010746440000000005 0.0005612500000000038 -0.005976069999999997
26.80962282834042 0.1419497999999999 0.15175166000000004 0.15848948999999998 -0.0064696200000000014 -0.010070400000000005 0.0011845700000000037 -0.005322269999999997
26.80962283304687 0.1424425999999999 0.15198570000000003 0.15895229 -0.006794380000000002 -0.009715680000000006 0.0012380100000000038 -0.005094629999999997
26.80962284047114 0.1430653999999999 0.15245370000000003 0.15942453 -0.006928620000000002 -0.009430960000000006 0.0013410500000000038 -0.0048865499999999965
26.80962284517759 0.1402791599999999 0.14911498000000004 0.15543909 -0.007118380000000001 -0.008042000000000006 0.0025924900000000037 -0.0035556699999999965
26.826032971706436 0.1418124399999999 0.15092514000000004 0.15758289 -0.007028660000000002 -0.008742240000000005 0.002102330000000004 -0.004167269999999996
26.82603302904429 0.1426843999999999 0.15183024000000003 0.15876955 -0.007111700000000002 -0.008973900000000005 0.0018368300000000037 -0.004413209999999996
26.826033041104036 0.1443077999999999 0.15364044000000004 0.16101479000000002 -0.007143620000000002 -0.009563820000000006 0.0013565900000000037 -0.004956849999999996
26.82603309844189 0.14513523999999992 0.15454554000000004 0.16216913000000002 -0.007191840000000002 -0.009842520000000006 0.0011174300000000037 -0.005218869999999996
26.867611903190994 0.14624243999999992 0.15550218000000005 0.16345361000000003 -0.0071798400000000024 -0.010031800000000006 0.0011076700000000037 -0.005332389999999996
26.86761190827451 0.14677695999999993 0.15598054000000006 0.16407173000000003 -0.007153160000000002 -0.010142120000000006 0.0011201500000000038 -0.005390909999999996
26.893836295345018 0.14793211999999992 0.15713102000000007 0.16564993000000003 -0.007328200000000002 -0.010390160000000006 0.0009206700000000037 -0.005618469999999996
26.893836331675733 0.14910811999999993 0.15828150000000007 0.16722669000000004 -0.007506400000000002 -0.010612720000000006 0.0007043100000000038 -0.005838429999999996
26.89383633172934 0.15031347999999992 0.15943198000000008 0.16885081000000005 -0.007730800000000001 -0.010807080000000005 0.0004860700000000038 -0.006042869999999996
26.914958489250523 0.15079047999999992 0.1598836600000001 0.16935561000000005 -0.007656160000000001 -0.010909520000000006 0.0003793100000000038 -0.006147149999999996
26.914958546588373 0.15103165999999993 0.1601095000000001 0.16968287000000004 -0.0076851800000000015 -0.010966580000000005 0.0003736900000000038 -0.006182509999999996
26.914958576037634 0.15153853999999992 0.1605611800000001 0.17037083000000003 -0.007778900000000002 -0.011053940000000005 0.0003621700000000038 -0.006237869999999996
26.914958633375484 0.15180575999999993 0.1607870200000001 0.17071151000000004 -0.007819700000000002 -0.011086580000000006 0.0003291700000000038 -0.006270669999999996
26.935595739553214 0.15219543999999993 0.16125638000000012 0.17113203000000005 -0.007646700000000002 -0.011290420000000006 0.00027845000000000376 -0.006409909999999996
26.935595796891064 0.15250975999999994 0.1614910600000001 0.17156017000000004 -0.007788020000000002 -0.011262920000000006 0.00028237000000000374 -0.006392349999999996
26.935596557356874 0.15294439999999992 0.1619604200000001 0.17203745000000004 -0.007663140000000002 -0.011430440000000007 0.00019717000000000372 -0.006525149999999996
26.935596614694724 0.15325307999999993 0.1621951000000001 0.17241903000000003 -0.0077462000000000026 -0.011420280000000007 0.00015241000000000373 -0.006538169999999996
26.965176438957958 0.15355979999999994 0.16316390000000008 0.17347839000000004 -0.008252120000000002 -0.011666920000000006 -0.0004735099999999962 -0.006944809999999996
26.96517659221079 0.15370327999999994 0.1636483400000001 0.17401119000000004 -0.008506640000000001 -0.011801680000000005 -0.0007759099999999962 -0.007150289999999996
26.970576178238424 0.15334855999999994 0.16319354000000008 0.17336455000000003 -0.008470320000000002 -0.011546080000000005 -0.0005698299999999962 -0.006915569999999996
