20.333772198319117 0.00569712 0.00489804 0.00489636 -1.2000000000000002e-07 0.000801 0.00127812 0.00100224
20.619963861478883 0.01099224 0.01034268 0.010338759999999999 -1.6e-07 0.00065376 0.0010638 0.00082672
20.61996388399065 0.02159536 0.02123196 0.02122372 -3.2e-07 0.000372 0.00063492 0.00048288
20.694002617762287 0.022313680000000002 0.01908336 0.01907116 -4.4e-07 0.00324288 0.0031133999999999997 0.0031881599999999998
20.73260566169189 0.028135200000000003 0.02619764 0.02618582 -5e-07 0.0019497800000000001 0.0017706599999999996 0.0018741199999999997
20.73260568140782 0.028264400000000002 0.02601008 0.02599748 -5.599999999999999e-07 0.00226736 0.0021980399999999996 0.00223802
20.73260569680035 0.02852576 0.025634960000000002 0.02562088 -6.8e-07 0.00290544 0.0030532799999999994 0.00296774
20.732605716516282 0.04018996 0.03986356 0.039850239999999995 -8e-07 0.00034044 0.0003678399999999995 0.0003519399999999998
20.836308050242245 0.041341199999999995 0.04041048 0.040396839999999996 -8.4e-07 0.00094512 0.0009555599999999995 0.0009494599999999998
20.83630820046968 0.041915419999999995 0.04068394 0.040669739999999996 -8.6e-07 0.00124646 0.0012505599999999995 0.00124812
20.836308579005006 0.043064859999999996 0.0412309 0.041215579999999995 -9.000000000000001e-07 0.0018501400000000001 0.0018405599999999995 0.00184604
20.836308729232442 0.04363954 0.041504360000000004 0.04148887999999999 -9.200000000000001e-07 0.0021515600000000003 0.0021355799999999998 0.00214476
20.852237534481933 0.048930919999999996 0.047688060000000004 0.047672219999999994 -9.400000000000001e-07 0.0012596200000000004 0.0010346399999999999 0.00116464
20.85223768746519 0.051579929999999996 0.05077989 0.05076388 -9.500000000000001e-07 0.0008169900000000003 0.00047966999999999986 0.00067461
20.852238028716627 0.05687903 0.05696355 0.05694718 -9.7e-07 -6.718999999999974e-05 -0.00063029 -0.0003048300000000001
20.85223818169988 0.059525169999999995 0.060055410000000004 0.06003885 -9.8e-07 -0.0005126999999999997 -0.00118077 -0.00079463
21.116231895301585 0.05752652999999999 0.057092330000000004 0.05707705 -1e-06 0.0004504600000000003 -0.00016438999999999994 0.00019098999999999993
21.116232048284843 0.056570989999999995 0.055610780000000005 0.05559615 -1.0099999999999999e-06 0.0009758200000000003 0.0003507600000000001 0.0007120399999999999
21.116232413276045 0.054560649999999995 0.052647700000000006 0.052634349999999996 -1.0099999999999999e-06 0.0019273000000000003 0.00138114 0.0016968
21.1162325662593 0.05360975999999999 0.05116616 0.051153449999999996 -1.0199999999999998e-06 0.0024573100000000003 0.0018892600000000002 0.0022175800000000002
21.143381562153696 0.059596439999999994 0.05842274 0.058407629999999995 -1.0799999999999998e-06 0.0011898700000000004 0.0005894200000000002 0.0009364600000000003
21.240620889329534 0.05323379999999999 0.0499101 0.04989502999999999 -1.1999999999999997e-06 0.0033399500000000004 0.0027636600000000002 0.0030967400000000006
21.240620892354926 0.040505799999999995 0.032884739999999996 0.03286974999999999 -1.3599999999999997e-06 0.00763747 0.00711198 0.007415700000000001
21.275905710616172 0.06731764 0.06455306 0.06453903 -1.4399999999999998e-06 0.00278019 0.0024148600000000004 0.0026260200000000006
21.275905725360385 0.08085404 0.08038725999999999 0.08037371 -1.4799999999999998e-06 0.0004819900000000003 6.506000000000046e-05 0.0003060600000000008
21.320343467538294 0.09069626 0.09090477999999999 0.09088835 -1.4799999999999998e-06 -0.0001903699999999997 -0.0011088399999999996 -0.0005779199999999991
22.18244707683829 0.09207314 0.09247157999999998 0.09245523000000001 -1.5199999999999998e-06 -0.0003803299999999997 -0.0012816799999999997 -0.0007606599999999992
22.182447080901355 0.09345884 0.09403837999999998 0.09402211000000002 -1.5599999999999999e-06 -0.0005614699999999997 -0.0014612999999999996 -0.0009411599999999992
22.182447097773142 0.0948451 0.09560513999999998 0.09558897000000002 -1.6e-06 -0.0007420499999999997 -0.0016523999999999996 -0.0011261799999999992
22.18244710744606 0.0962186 0.09717191999999998 0.09715585000000003 -1.64e-06 -0.0009353899999999997 -0.0018194999999999995 -0.0013084399999999993
22.18244710993067 0.0975913 0.09873869999999998 0.09872273000000004 -1.68e-06 -0.0011295099999999998 -0.0019876599999999996 -0.0014916199999999993
22.18244712191803 0.09896264 0.10030549999999998 0.10028961000000004 -1.72e-06 -0.0013249899999999998 -0.0021607199999999997 -0.0016776399999999993
22.314444234108162 0.09706738000000001 0.09775957999999998 0.09774445000000004 -1.76e-06 -0.0006750499999999998 -0.0014739199999999997 -0.0010121399999999995
22.314444235176573 0.0951739 0.09521365999999998 0.09519929000000003 -1.8000000000000001e-06 -2.33299999999999e-05 -0.0007871199999999997 -0.0003456199999999995
22.314444256417246 0.09328058 0.09266771999999998 0.09265413000000003 -1.8400000000000002e-06 0.0006285500000000001 -0.00010155999999999967 0.0003204800000000005
22.314444265580136 0.09138588 0.09012179999999997 0.09010897000000002 -1.8800000000000002e-06 0.0012790500000000001 0.0005851000000000003 0.0009862400000000006
22.31444431901938 0.08949218 0.08757587999999997 0.08756381000000002 -1.9200000000000003e-06 0.00193055 0.0012714600000000003 0.0016524400000000007
22.314444332508305 0.08759702 0.08502993999999997 0.08501865000000002 -1.9600000000000003e-06 0.00258061 0.0019582400000000004 0.0023180000000000006
22.995887554227345 0.09138286999999999 0.09120183999999998 0.09119241000000002 -1.9600000000000003e-06 0.00019267000000000025 -0.00042348999999999946 -6.72999999999993e-05
23.12374630182369 0.09438453 0.09461347999999997 0.09460239000000001 -2.0000000000000003e-06 -0.00021562999999999975 -0.0009501899999999994 -0.0005255399999999993
23.123746310608176 0.10035517 0.10143679999999997 0.10142235000000001 -2.0400000000000004e-06 -0.0010649099999999996 -0.0020078699999999993 -0.0014627399999999993
23.30070819152535 0.09889945 0.09944031999999997 0.09942619000000001 -2.0800000000000004e-06 -0.0005244299999999997 -0.0014011499999999992 -0.0008942999999999992
23.300708287938107 0.09825413 0.09844205999999997 0.09842809000000001 -2.1000000000000002e-06 -0.00017162999999999966 -0.0010954299999999992 -0.0005613599999999992
23.370350668724143 0.09783369 0.09796957999999997 0.09795493000000001 -2.2200000000000003e-06 -0.00011878999999999965 -0.0007532299999999993 -0.00038643999999999923
23.370350680854862 0.09700649 0.09702461999999998 0.09700861000000001 -2.46e-06 5.700000000003418e-07 -6.97099999999993e-05 -2.9079999999999254e-05
23.478093528188875 0.10358025 0.10477685999999997 0.10476165000000001 -2.6200000000000003e-06 -0.0011784699999999996 -0.0011474699999999994 -0.0011653999999999992
23.47809358552673 0.10686745 0.10865293999999998 0.10863825 -2.7000000000000004e-06 -0.0017678299999999997 -0.0016864299999999994 -0.001733479999999999
23.7382573118525 0.11007925 0.11243249999999998 0.11241845 -2.7800000000000005e-06 -0.0023361899999999997 -0.0022097099999999993 -0.002282799999999999
23.73825732022408 0.11329621000000001 0.11621205999999998 0.11619865 -2.8600000000000006e-06 -0.0028993499999999998 -0.0027330699999999993 -0.002829159999999999
23.7382573678766 0.11439491 0.11733639999999998 0.11732261 -2.9000000000000006e-06 -0.00292459 -0.0028171899999999994 -0.002879239999999999
23.738257383052858 0.11659199 0.11958507999999998 0.11957056999999999 -2.9800000000000007e-06 -0.00297535 -0.0029854299999999994 -0.002979559999999999
23.73825740609376 0.11769131000000001 0.12070941999999998 0.12069452999999998 -3.0200000000000007e-06 -0.00299997 -0.0030704099999999995 -0.0030296399999999992
23.738257439076968 0.11929893000000001 0.12259919999999998 0.12258462999999999 -3.0600000000000008e-06 -0.00328243 -0.0033317099999999994 -0.0033031799999999993
23.73825773342763 0.12039777000000002 0.12372353999999998 0.12370858999999998 -3.100000000000001e-06 -0.0033075099999999996 -0.0034155899999999996 -0.0033530599999999993
23.738257779739257 0.12149641000000001 0.12484787999999998 0.12483254999999997 -3.140000000000001e-06 -0.0033327899999999995 -0.0034994299999999996 -0.003403039999999999
23.738257800957488 0.12310375000000001 0.12673763999999998 0.12672262999999998 -3.180000000000001e-06 -0.0036154899999999994 -0.00376155 -0.003677059999999999
23.83166476575044 0.12362469000000001 0.12731195999999997 0.12729788999999997 -3.2000000000000007e-06 -0.0036697899999999996 -0.0037817099999999998 -0.0037169599999999988
23.831664772876938 0.12414339 0.12788627999999996 0.12787314999999996 -3.2200000000000005e-06 -0.0037263299999999995 -0.0038020299999999996 -0.0037582199999999987
23.831664927738423 0.12466491 0.12846059999999995 0.12844840999999996 -3.2400000000000003e-06 -0.0037800299999999993 -0.0038227499999999998 -0.0037980199999999987
23.831665316989756 0.12518569000000002 0.12903491999999994 0.12902366999999995 -3.26e-06 -0.0038344899999999994 -0.00384297 -0.0038380399999999987
23.831665326908013 0.12570519000000002 0.12960923999999993 0.12959892999999995 -3.28e-06 -0.0038902299999999993 -0.0038634499999999996 -0.003878899999999999
23.831665398715494 0.12622687000000002 0.13018355999999992 0.13017418999999994 -3.2999999999999997e-06 -0.003943789999999999 -0.0038838499999999995 -0.003918459999999999
23.963661985690646 0.12536737 0.12890585999999993 0.12889682999999993 -3.2999999999999997e-06 -0.0035259099999999993 -0.0035300699999999993 -0.0035276199999999987
23.96366201385492 0.12450779000000001 0.12762815999999993 0.12761946999999993 -3.3199999999999996e-06 -0.0031081099999999994 -0.0031761699999999994 -0.0031367799999999987
23.963662055400075 0.12364849000000001 0.12635045999999994 0.12634210999999992 -3.3199999999999996e-06 -0.0026900299999999995 -0.0028221899999999996 -0.0027457399999999987
23.963662466526905 0.12278863000000001 0.12507275999999995 0.12506474999999992 -3.3199999999999996e-06 -0.0022725099999999993 -0.0024682099999999998 -0.002355039999999999
23.96366249189943 0.12192883000000002 0.12379505999999994 0.12378738999999991 -3.3399999999999994e-06 -0.0018549499999999993 -0.0021143499999999996 -0.0019643599999999988
23.963662619290343 0.12106927000000002 0.12251735999999994 0.12251002999999991 -3.3399999999999994e-06 -0.0014371299999999994 -0.0017603899999999997 -0.0015734799999999986
24.171877898373786 0.11592163000000003 0.11575471999999994 0.11574990999999991 -3.3799999999999994e-06 0.00017543000000000072 -5.9549999999999794e-05 7.632000000000146e-05
24.171877910686067 0.11638603000000003 0.11633535999999993 0.11633186999999992 -3.4199999999999994e-06 5.7910000000000725e-05 -0.0001377099999999998 -2.4599999999998538e-05
24.171877933482246 0.11731251000000002 0.11749663999999993 0.11749578999999992 -3.4999999999999995e-06 -0.00017944999999999927 -0.0002942699999999998 -0.00022787999999999853
24.17187794579453 0.10701539000000002 0.10397135999999993 0.10397570999999992 -3.6599999999999997e-06 0.0030436700000000005 0.0031080500000000002 0.0030708400000000018
24.216135707815123 0.10790329000000001 0.10515447999999993 0.10515862999999992 -3.7199999999999995e-06 0.0027487100000000006 0.0029398500000000004 0.0028293600000000017
24.216135735586107 0.10879765000000001 0.10633759999999992 0.10634156999999991 -3.7799999999999994e-06 0.0024601900000000006 0.00277215 0.0025918200000000016
24.216135778698963 0.10912793000000001 0.10674367999999992 0.10674772999999992 -3.84e-06 0.0023843500000000004 0.00275399 0.0025403200000000017
24.2161361544089 0.10945783 0.10714975999999993 0.10715392999999991 -3.9e-06 0.0023081100000000004 0.00273701 0.0024890800000000016
24.21613617008264 0.10978865 0.10755585999999993 0.1075601299999999 -3.96e-06 0.0022327900000000006 0.0027188499999999997 0.0024378800000000016
24.216136221622225 0.11068343 0.10873897999999993 0.1087430699999999 -4.0200000000000005e-06 0.0019446700000000006 0.0025500899999999996 0.0022001200000000016
24.21613660135882 0.11101545 0.10914505999999993 0.1091492699999999 -4.080000000000001e-06 0.0018705500000000006 0.00253063 0.0021490600000000017
24.216136619543516 0.11134601 0.10955113999999994 0.1095554299999999 -4.12e-06 0.0017949900000000006 0.00251245 0.002097700000000002
24.216136672242648 0.11224084999999999 0.11073425999999993 0.11073836999999989 -4.180000000000001e-06 0.0015069500000000006 0.0023447299999999997 0.0018604200000000017
24.21613699846653 0.11313179 0.11191735999999994 0.11192130999999989 -4.240000000000001e-06 0.0012150100000000007 0.0021770099999999996 0.0016208800000000016
24.216137028748467 0.11402488999999999 0.11310047999999993 0.11310424999999988 -4.300000000000001e-06 0.0009252100000000007 0.0020085699999999995 0.0013822800000000016
24.216137065679852 0.11435569 0.11350657999999994 0.11351044999999987 -4.3600000000000015e-06 0.0008498700000000007 0.0019904699999999994 0.0013310800000000016
24.255529516941525 0.11449345 0.11354869999999995 0.11355256999999988 -4.400000000000001e-06 0.0009455100000000008 0.0022594699999999995 0.0014998400000000016
24.25552953168574 0.11456265 0.11356973999999995 0.11357360999999988 -4.420000000000001e-06 0.0009936700000000008 0.0023958299999999994 0.0015852200000000015
24.289102570446424 0.11133297 0.10915989999999995 0.10916412999999989 -4.4600000000000005e-06 0.0021735500000000007 0.0035600699999999994 0.0027585000000000014
24.28910272342968 0.10971751 0.10695497999999995 0.10695936999999989 -4.48e-06 0.0027628700000000006 0.004142129999999999 0.0033447600000000013
24.289102989763887 0.10648767 0.10254513999999995 0.10254984999999989 -4.52e-06 0.003942630000000001 0.005305169999999999 0.004517440000000001
24.289103142747138 0.10487185 0.10034021999999995 0.10034510999999989 -4.54e-06 0.00453157 0.005887209999999999 0.005103460000000001
24.38328296988336 0.11119054 0.10859978999999995 0.10860332999999989 -4.63e-06 0.0025921300000000006 0.0039893199999999985 0.0031815400000000005
24.46417140821675 0.11094134 0.10787770999999995 0.1078824499999999 -4.63e-06 0.0030638100000000006 0.004141079999999998 0.0035182600000000005
24.464171561200004 0.11081522 0.10751662999999995 0.1075219699999999 -4.63e-06 0.0032981300000000007 0.004216879999999998 0.0036857000000000005
24.524238063470648 0.11132534000000001 0.10824208999999994 0.1082468499999999 -4.6499999999999995e-06 0.0030833900000000005 0.004033599999999998 0.0034842400000000004
24.524238085982415 0.10783398000000001 0.10410164999999995 0.10410584999999989 -4.73e-06 0.0037331100000000004 0.004802879999999998 0.0041844000000000004
24.524238433660344 0.10608842000000002 0.10203140999999995 0.10203534999999989 -4.769999999999999e-06 0.00405807 0.0051870599999999985 0.00453434
24.524238456172107 0.10711490000000001 0.10348232999999994 0.10348510999999988 -4.809999999999999e-06 0.0036348300000000004 0.004812219999999999 0.004131500000000001
24.52423887078184 0.10536938000000001 0.10141208999999994 0.10141460999999988 -4.8499999999999985e-06 0.00395985 0.005196319999999999 0.004481440000000001
24.524238893293603 0.10638874000000001 0.10286300999999994 0.10286436999999987 -4.889999999999998e-06 0.00352949 0.004831479999999999 0.004078720000000001
24.5242391958365 0.10689626 0.10358846999999993 0.10358924999999987 -4.909999999999998e-06 0.00331213 0.0046517799999999995 0.003877260000000001
24.524239218348264 0.10340314 0.09944798999999993 0.09944824999999986 -4.9499999999999975e-06 0.00396009 0.0054212999999999996 0.004576500000000001
24.53905683845 0.1039901 0.10004428999999992 0.10004474999999986 -4.9499999999999975e-06 0.003950550000000001 0.005400779999999999 0.004562320000000001
24.539056841475396 0.10496022 0.10123688999999993 0.10123782999999986 -4.9499999999999975e-06 0.0037275900000000007 0.005359019999999999 0.004415800000000001
24.549815119519664 0.10410236 0.10022758999999992 0.10022892999999986 -5.009999999999998e-06 0.0038786700000000007 0.005600579999999999 0.004605060000000001
24.5498155519198 0.10324406 0.09921828999999992 0.09922002999999985 -5.069999999999998e-06 0.004029330000000001 0.005842159999999999 0.004794080000000001
24.549815554922947 0.10238652 0.09820898999999991 0.09821112999999984 -5.129999999999998e-06 0.004180750000000001 0.006083039999999999 0.004983240000000001
24.54981571544375 0.10152844 0.09719968999999991 0.09720222999999983 -5.189999999999999e-06 0.004331610000000001 0.006324479999999999 0.005172320000000001
24.54981572123865 0.1006704 0.09619036999999991 0.09619332999999983 -5.249999999999999e-06 0.004482530000000001 0.006565939999999998 0.005361440000000001
24.549816310895082 0.09981267999999999 0.09518106999999991 0.09518442999999982 -5.2899999999999985e-06 0.004633750000000001 0.006807379999999998 0.005550720000000001
24.565710915796757 0.09879313999999999 0.09394286999999991 0.09394636999999982 -5.329999999999998e-06 0.004852330000000001 0.0070620599999999985 0.005784520000000001
24.56571092297198 0.09777489999999998 0.09270466999999992 0.09270830999999982 -5.369999999999998e-06 0.005072210000000001 0.007316779999999998 0.006019080000000001
24.565710941441544 0.09675543999999998 0.09146644999999992 0.09147022999999982 -5.409999999999997e-06 0.0052908700000000005 0.007571499999999998 0.006252940000000001
24.565711718128746 0.09573761999999998 0.09022824999999993 0.09023214999999982 -5.449999999999997e-06 0.00551115 0.007825459999999998 0.0064874400000000014
24.565711721590052 0.09471837999999998 0.08899004999999993 0.08899406999999981 -5.4899999999999966e-06 0.005730010000000001 0.008079399999999997 0.0067211000000000016
24.565711840945635 0.09369943999999998 0.08775182999999993 0.08775600999999981 -5.529999999999996e-06 0.005949190000000001 0.008334059999999997 0.006955240000000001
24.68181218623501 0.09384967999999998 0.08788898999999993 0.08789314999999981 -5.569999999999996e-06 0.005962350000000001 0.008352419999999998 0.006970580000000001
24.681812201477882 0.09400045999999998 0.08802612999999992 0.08803026999999981 -5.609999999999995e-06 0.005976050000000001 0.008371019999999998 0.0069863400000000015
24.681812835539006 0.09414983999999998 0.08816326999999992 0.08816738999999982 -5.649999999999995e-06 0.005988350000000001 0.008389599999999999 0.007001280000000001
24.681812992047085 0.09429989999999998 0.08830040999999991 0.08830450999999982 -5.689999999999995e-06 0.006001330000000001 0.008407819999999998 0.007016460000000001
24.681813384626295 0.09444989999999998 0.0884375499999999 0.08844166999999982 -5.729999999999994e-06 0.006014230000000001 0.008426459999999998 0.007031780000000001
24.681813397077413 0.09459705999999997 0.0885747099999999 0.08857878999999982 -5.769999999999994e-06 0.006024310000000001 0.008445359999999999 0.007045580000000001
24.697708053644874 0.09485069999999997 0.0888403299999999 0.08884474999999982 -5.789999999999994e-06 0.006012010000000001 0.008482279999999998 0.007054040000000001
24.697708075352203 0.09510435999999997 0.08910594999999989 0.08911070999999982 -5.8099999999999935e-06 0.005999730000000001 0.008519179999999998 0.007062500000000001
24.69770813838759 0.09535815999999997 0.08937156999999989 0.08937666999999981 -5.829999999999993e-06 0.005987590000000001 0.008555779999999997 0.007070920000000001
24.697708959721275 0.09561133999999998 0.08963720999999988 0.0896426299999998 -5.849999999999993e-06 0.005974830000000001 0.008592559999999997 0.007079060000000002
24.697708968689355 0.09586513999999997 0.08990284999999988 0.0899085899999998 -5.869999999999993e-06 0.005962690000000001 0.008629319999999998 0.0070875400000000015
24.69770897976015 0.09611875999999997 0.09016848999999988 0.0901745499999998 -5.889999999999993e-06 0.005950370000000002 0.008665879999999997 0.007095840000000002
24.809514904516853 0.09532459999999997 0.08901170999999988 0.0890183099999998 -5.929999999999992e-06 0.006312490000000001 0.008946839999999998 0.007423720000000002
24.809514921703407 0.09453005999999997 0.08785490999999988 0.08786206999999979 -5.969999999999992e-06 0.0066742300000000015 0.009227659999999997 0.007751320000000002
24.809514998142134 0.09373611999999996 0.08669810999999988 0.08670582999999979 -6.009999999999992e-06 0.0070365700000000015 0.009508199999999996 0.008079160000000002
24.80951562968625 0.09294211999999996 0.08554132999999989 0.08554958999999979 -6.049999999999991e-06 0.007398850000000002 0.009788719999999996 0.008406940000000002
24.809515642438463 0.09214799999999997 0.08438452999999989 0.08439334999999978 -6.089999999999991e-06 0.007761030000000002 0.010069719999999996 0.008734860000000002
24.809515660856963 0.09135331999999996 0.08322774999999989 0.08323710999999978 -6.1299999999999904e-06 0.008122630000000002 0.010350699999999996 0.009062440000000001
24.829483878985187 0.09180883999999996 0.0838603899999999 0.08386518999999978 -6.48999999999999e-06 0.007950430000000001 0.010245459999999996 0.008918440000000001
24.87568224085075 0.09401535999999996 0.0862760699999999 0.08628222999999978 -6.5699999999999905e-06 0.007739990000000001 0.009896219999999996 0.008649440000000001
24.87568225070872 0.09503223999999996 0.0871524699999999 0.08715794999999978 -6.60999999999999e-06 0.007881230000000001 0.009841939999999995 0.008708200000000001
24.87568226670427 0.09706911999999997 0.0889052699999999 0.08890938999999978 -6.68999999999999e-06 0.00816675 0.009732739999999995 0.00882716
24.875682276562234 0.10148631999999996 0.09373654999999989 0.09374346999999979 -6.84999999999999e-06 0.007750030000000001 0.009033699999999995 0.008291320000000001
24.919615789603338 0.10247191999999997 0.09495266999999989 0.09496074999999979 -6.88999999999999e-06 0.007518390000000001 0.008830379999999995 0.008071640000000001
24.91961594258659 0.10297539999999997 0.09556072999999989 0.09556940999999979 -6.90999999999999e-06 0.007413240000000001 0.008724619999999995 0.007966230000000001
24.91961700374461 0.10397859999999996 0.09677684999999989 0.09678672999999978 -6.949999999999989e-06 0.00719918 0.008513139999999995 0.0077532500000000015
24.91961715672786 0.10447880999999996 0.09738491999999989 0.09739536999999977 -6.969999999999989e-06 0.007090770000000001 0.008411269999999995 0.007647600000000002
24.941512122215343 0.10484432999999996 0.09768595999999989 0.09769756999999978 -6.989999999999989e-06 0.007154130000000001 0.008398629999999995 0.0076789000000000015
24.941512123274826 0.10521124999999996 0.0979870199999999 0.09799982999999977 -7.009999999999989e-06 0.007218830000000001 0.008385889999999995 0.007710920000000001
24.941512130778197 0.10594388999999997 0.0985891399999999 0.09860430999999978 -7.049999999999988e-06 0.007347070000000001 0.008360729999999995 0.007774440000000001
24.94151274538761 0.10631098999999997 0.0988901799999999 0.09890652999999978 -7.069999999999988e-06 0.00741199 0.008348009999999994 0.007806600000000001
24.941512745560086 0.10667658999999996 0.0991912199999999 0.09920872999999979 -7.089999999999988e-06 0.00747541 0.008335429999999994 0.007837960000000001
24.945734939767803 0.10465130999999996 0.0965036599999999 0.09652168999999979 -7.169999999999988e-06 0.00813725 0.008870629999999994 0.008446360000000002
24.94573508999524 0.10569420999999996 0.0980016199999999 0.09801970999999979 -7.189999999999988e-06 0.00768217 0.008534929999999994 0.008041640000000001
24.945735395266162 0.10777920999999996 0.1009975399999999 0.1010157499999998 -7.2299999999999875e-06 0.00677117 0.007863449999999994 0.007231680000000001
24.945735545493598 0.10676900999999996 0.0996537599999999 0.09967222999999979 -7.249999999999987e-06 0.00710451 0.008128129999999994 0.007536060000000001
24.945735577091963 0.10885332999999996 0.1026497199999999 0.1026682699999998 -7.289999999999987e-06 0.00619283 0.007457049999999994 0.006725900000000001
24.9457357273194 0.10784124999999996 0.1013059399999999 0.1013247499999998 -7.3299999999999866e-06 0.00652431 0.007723749999999994 0.00703004
24.945735987635977 0.10581652999999996 0.0986184199999999 0.0986377099999998 -7.409999999999987e-06 0.00718671 0.008258749999999994 0.00763868
24.945736137863413 0.10685860999999997 0.1001163999999999 0.1001357299999998 -7.4299999999999865e-06 0.0067307899999999995 0.007923269999999993 0.00723356
24.958252406309086 0.10089264999999996 0.0932160399999999 0.0932345299999998 -7.5099999999999865e-06 0.00766607 0.009100909999999993 0.00827108
24.9582524210533 0.09789998999999996 0.0897658599999999 0.0897839299999998 -7.529999999999986e-06 0.008124049999999999 0.009690909999999994 0.00878476
24.958253164893783 0.09191834999999997 0.08286549999999991 0.08288272999999981 -7.569999999999986e-06 0.009043689999999998 0.010869589999999993 0.009813680000000002
24.958253179637996 0.08893582999999997 0.07941531999999991 0.07943212999999981 -7.589999999999986e-06 0.009511809999999999 0.011459509999999994 0.01033318
24.963446432335346 0.09189526999999996 0.08357907999999992 0.08359024999999981 -8.309999999999987e-06 0.00831385 0.010681189999999993 0.009312220000000001
25.03590446142131 0.09740014999999996 0.09079023999999991 0.09079744999999981 -8.909999999999986e-06 0.00661201 0.009255349999999994 0.007726900000000001
25.045792807139936 0.09939934999999997 0.0931407599999999 0.09314832999999981 -8.949999999999985e-06 0.0062603699999999995 0.008920349999999994 0.007382300000000001
25.04579291842481 0.10039674999999997 0.0943160199999999 0.09432378999999981 -8.969999999999985e-06 0.006082349999999999 0.008752749999999993 0.007208680000000001
25.04579326499031 0.10239330999999996 0.0966665399999999 0.09667470999999982 -9.009999999999985e-06 0.005728069999999999 0.008417429999999993 0.006862400000000001
25.045793376275178 0.10339016999999996 0.0978418199999999 0.09785014999999982 -9.029999999999985e-06 0.00554953 0.008249909999999992 0.006688500000000001
25.066410728796875 0.10353824999999996 0.0980408999999999 0.09804442999999982 -9.269999999999984e-06 0.005503569999999999 0.008657309999999993 0.006833820000000001
25.10941008083131 0.10042004999999996 0.0933564599999999 0.09335926999999983 -9.389999999999985e-06 0.007070529999999999 0.010094549999999992 0.00834606
25.13886875788284 0.09605408999999995 0.0887023799999999 0.08870146999999982 -9.509999999999985e-06 0.0073626099999999995 0.011376029999999992 0.009055500000000001
25.176664006214946 0.08937944999999996 0.0805212599999999 0.08052346999999982 -9.589999999999984e-06 0.00886605 0.013247309999999991 0.01071414
25.17666412408974 0.09229568999999996 0.0845487399999999 0.08455162999999982 -9.629999999999984e-06 0.00775417 0.01214154999999999 0.00960486
25.176664354212452 0.09521160999999996 0.0885762199999999 0.08857974999999982 -9.669999999999984e-06 0.0066419700000000005 0.01103622999999999 0.008495579999999999
25.176664444624837 0.09812772999999995 0.0926036999999999 0.09260790999999982 -9.709999999999983e-06 0.00552997 0.00993074999999999 0.007386339999999999
25.176664472087246 0.09645758999999995 0.0905584399999999 0.09056340999999982 -9.709999999999983e-06 0.00590433 0.01040042999999999 0.007800919999999999
25.17666456249963 0.09478988999999996 0.08851315999999991 0.08851890999999981 -9.709999999999983e-06 0.00628115 0.01086682999999999 0.008215519999999999
25.177789987556956 0.09403228999999996 0.0872429999999999 0.08724978999999981 -9.749999999999983e-06 0.00679275 0.01123338999999999 0.008665919999999999
25.177790098841825 0.09365784999999996 0.0866078999999999 0.08661522999999981 -9.769999999999983e-06 0.00705291 0.01141658999999999 0.00889362
25.17779045727721 0.09290160999999995 0.0853377399999999 0.08534610999999981 -9.809999999999982e-06 0.00756583 0.011782469999999991 0.0093445
25.17779056856208 0.09252076999999996 0.0847026599999999 0.0847115499999998 -9.829999999999982e-06 0.00781959 0.011965869999999991 0.00956856
25.18828295318832 0.09668350999999996 0.0901448399999999 0.0901535799999998 -9.859999999999982e-06 0.00654033 0.010572759999999992 0.00824127
25.205415522603314 0.09735870999999996 0.0910169199999999 0.09102669999999981 -9.939999999999981e-06 0.006342489999999999 0.010543599999999992 0.00811459
25.205415554087647 0.09883922999999996 0.0927769199999999 0.09278641999999981 -9.97999999999998e-06 0.0060633499999999995 0.010240459999999991 0.00782533
25.205415923978915 0.10180398999999996 0.0962969199999999 0.09630585999999981 -1.005999999999998e-05 0.0055087899999999995 0.009634219999999992 0.00724897
25.20541595546325 0.10214138999999996 0.0967329599999999 0.09674241999999982 -1.009999999999998e-05 0.005409669999999999 0.009618999999999992 0.007185250000000001
25.20541641991545 0.10512402999999995 0.10025295999999989 0.10026181999999982 -1.0179999999999979e-05 0.004872989999999999 0.009010799999999992 0.006618370000000001
25.205416451399785 0.10546136999999996 0.10068899999999989 0.10069837999999982 -1.0219999999999978e-05 0.004773809999999999 0.008996059999999993 0.006554810000000001
25.205416764860026 0.10613920999999996 0.1015611199999999 0.10157157999999983 -1.0299999999999978e-05 0.004578529999999999 0.008963259999999994 0.006428090000000001
25.20541679634436 0.10762190999999996 0.10332111999999989 0.10333127999999983 -1.0339999999999977e-05 0.004301569999999999 0.008660099999999993 0.006140070000000001
25.21000919918944 0.10447930999999996 0.09943943999999989 0.09944799999999983 -1.0379999999999977e-05 0.00504229 0.009482219999999993 0.006915110000000001
25.210009213933652 0.10290834999999997 0.0974986199999999 0.09750631999999983 -1.0399999999999977e-05 0.005413029999999999 0.009892839999999993 0.0073026700000000016
25.21000996390292 0.09976794999999997 0.0936169399999999 0.09362295999999982 -1.0439999999999976e-05 0.006156029999999999 0.010712799999999993 0.008078110000000001
25.210009978647133 0.09819576999999996 0.0916761199999999 0.09168131999999983 -1.0459999999999976e-05 0.006525509999999999 0.011124499999999992 0.008465390000000001
25.301633995378694 0.10330476999999996 0.0976243999999999 0.09763111999999984 -1.0539999999999975e-05 0.005684749999999999 0.009971059999999992 0.007492710000000001
25.30163399840409 0.10881924999999996 0.1051560799999999 0.10516799999999983 -1.0619999999999975e-05 0.0036624299999999986 0.008349219999999992 0.005639350000000001
25.30163401619623 0.11157776999999997 0.1089219599999999 0.10893643999999983 -1.0659999999999974e-05 0.0026525499999999987 0.007538139999999992 0.0047133500000000016
25.301634019221623 0.12175800999999997 0.1208185199999999 0.12083611999999982 -1.0819999999999974e-05 0.0009332699999999988 0.005230779999999992 0.0027459900000000015
25.467342507486872 0.12164624999999997 0.12078955999999991 0.12080673999999983 -1.0859999999999974e-05 0.0008509299999999989 0.005266619999999992 0.0027135100000000014
25.467342542595336 0.12133420999999997 0.12073159999999991 0.12074797999999982 -1.0979999999999974e-05 0.0005977699999999989 0.005337739999999992 0.0025971500000000016
25.475299167700094 0.13862908999999998 0.13989391999999992 0.13991029999999982 -1.1219999999999974e-05 -0.0012695500000000012 0.002051899999999992 0.00013139000000000163
25.593105710138644 0.13872944999999998 0.14017487999999992 0.14019097999999983 -1.1299999999999973e-05 -0.0014497500000000012 0.0021041399999999918 4.923000000000163e-05
25.593105809292794 0.13948784999999997 0.14098303999999992 0.14099923999999983 -1.1339999999999973e-05 -0.001499570000000001 0.001972539999999992 -3.508999999999838e-05
25.59310619594808 0.14100612999999998 0.14259935999999993 0.14261575999999984 -1.1419999999999972e-05 -0.001597730000000001 0.0017074999999999918 -0.00020364999999999836
25.59310629510223 0.14105547 0.14273983999999992 0.14275609999999983 -1.1459999999999972e-05 -0.001688690000000001 0.0017338599999999918 -0.00024510999999999836
25.593106415908395 0.14257291 0.14435615999999993 0.14437261999999984 -1.153999999999997e-05 -0.0017876900000000008 0.0014698999999999919 -0.00041366999999999836
25.593106515062544 0.14262221 0.14449663999999993 0.14451295999999983 -1.157999999999997e-05 -0.001878670000000001 0.001496139999999992 -0.0004552099999999984
25.59310684508671 0.14272309 0.14477759999999992 0.14479355999999982 -1.165999999999997e-05 -0.0020583100000000007 0.0015469399999999919 -0.0005376499999999984
25.59310694424086 0.14348169 0.14558575999999993 0.14560181999999983 -1.169999999999997e-05 -0.002107930000000001 0.001415079999999992 -0.0006219699999999984
25.60283621023676 0.14184431 0.14347127999999992 0.14348707999999982 -1.1719999999999969e-05 -0.001630550000000001 0.0018876799999999918 -0.0001466099999999984
25.602836360464195 0.14102548 0.14241403999999994 0.14242971999999982 -1.1729999999999969e-05 -0.001392010000000001 0.002123549999999992 9.080000000000158e-05
25.602837419667246 0.13942416000000002 0.14029955999999993 0.14031495999999982 -1.1749999999999969e-05 -0.000878550000000001 0.002593829999999992 0.0005860400000000015
25.60283756989468 0.13862127000000002 0.13924231999999995 0.13925758999999982 -1.1759999999999969e-05 -0.000624060000000001 0.0028295799999999917 0.0008326200000000016
25.619312030104822 0.13807109 0.13851431999999994 0.13852970999999983 -1.1799999999999968e-05 -0.000446320000000001 0.0029874599999999917 0.0010019800000000015
25.619312037886743 0.13752113000000002 0.13778631999999993 0.13780182999999985 -1.1839999999999968e-05 -0.000268360000000001 0.003145819999999992 0.0011716800000000015
25.619312068494512 0.13696863 0.13705831999999993 0.13707392999999984 -1.1879999999999968e-05 -9.292000000000103e-05 0.003304059999999992 0.0013398600000000015
25.61931213373883 0.13641269 0.13633031999999992 0.13634604999999986 -1.1919999999999967e-05 7.903999999999897e-05 0.0034621199999999917 0.0015059600000000015
25.619312134051373 0.13585729 0.13560231999999992 0.13561816999999987 -1.1959999999999967e-05 0.000251559999999999 0.0036203599999999917 0.0016724600000000015
25.619312157883716 0.13530577 0.1348743199999999 0.13489026999999987 -1.1999999999999966e-05 0.000427979999999999 0.0037785399999999917 0.0018411800000000015
25.621719262095873 0.13835720999999998 0.13855511999999992 0.13857054999999988 -1.2039999999999966e-05 -0.00020082000000000102 0.003140139999999992 0.0012083000000000016
25.621719264244234 0.14141004999999998 0.14223591999999993 0.14225082999999988 -1.2079999999999966e-05 -0.000828260000000001 0.002501739999999992 0.0005762200000000015
25.621719288630068 0.14446280999999997 0.14591671999999994 0.1459311099999999 -1.2119999999999965e-05 -0.001455740000000001 0.0018628599999999918 -5.605999999999851e-05
25.652261073084688 0.14240396999999996 0.14347531999999993 0.1434882699999999 -1.2359999999999965e-05 -0.0010715000000000008 0.0025786599999999917 0.0004679800000000015
25.662383670370346 0.14156702999999995 0.14227787999999994 0.1422910299999999 -1.2379999999999964e-05 -0.0007111800000000008 0.002850959999999992 0.0007911800000000016
25.662383697227817 0.14073226999999996 0.14108043999999995 0.1410937899999999 -1.2399999999999964e-05 -0.00034868000000000084 0.0031226399999999916 0.0011153600000000014
25.66238375056942 0.13989600999999996 0.13988297999999993 0.1398965299999999 -1.2419999999999964e-05 1.233999999999914e-05 0.003394919999999992 0.0014389400000000014
25.662383750667054 0.13906050999999997 0.13868553999999994 0.13869928999999992 -1.2439999999999964e-05 0.0003740999999999991 0.003666259999999992 0.0017625600000000013
25.662383769332408 0.13822196999999997 0.13748809999999995 0.13750204999999993 -1.2459999999999964e-05 0.0007328399999999991 0.0039425799999999915 0.0020865200000000014
25.662383845423467 0.13738580999999997 0.13629063999999994 0.13630480999999994 -1.2479999999999964e-05 0.0010939399999999992 0.004214779999999992 0.0024101200000000013
25.753716399512502 0.13665080999999996 0.13546083999999994 0.13547288999999993 -1.2519999999999963e-05 0.001190899999999999 0.004428459999999992 0.0025563200000000012
25.753716419906894 0.13591544999999997 0.13463107999999993 0.13464096999999992 -1.2559999999999963e-05 0.0012874999999999991 0.004642299999999992 0.0027023600000000013
25.753716503696353 0.13518020999999997 0.13380131999999992 0.1338090499999999 -1.2599999999999962e-05 0.0013842199999999992 0.004856179999999991 0.0028484800000000013
25.77593752947075 0.13549090999999996 0.13423439999999992 0.1342427099999999 -1.2619999999999962e-05 0.001261299999999999 0.004831379999999991 0.002766940000000001
25.775937593291847 0.13514694999999996 0.13382418999999993 0.1338328299999999 -1.2629999999999962e-05 0.0013272299999999991 0.004933889999999991 0.002848300000000001
25.775937966674984 0.13438948999999997 0.13300376999999994 0.1330130499999999 -1.2649999999999962e-05 0.001389569999999999 0.005139969999999991 0.002971280000000001
25.775938030496086 0.13455771999999996 0.13322029999999993 0.13322986999999992 -1.2659999999999962e-05 0.001340989999999999 0.005125659999999991 0.002937160000000001
25.775938082700932 0.13387113999999997 0.13239989999999993 0.13241010999999991 -1.2679999999999962e-05 0.001474189999999999 0.0053309399999999915 0.0031007800000000013
25.77593814652203 0.13403879999999996 0.13261643999999992 0.13262693999999992 -1.2689999999999962e-05 0.001425029999999999 0.005317309999999992 0.0030666100000000013
25.775938470970324 0.13438407999999996 0.13304951999999992 0.13306059999999992 -1.2729999999999961e-05 0.001336689999999999 0.005290429999999992 0.003004190000000001
25.775938534791422 0.13400803999999997 0.13263930999999993 0.13265071999999992 -1.2739999999999961e-05 0.001370539999999999 0.005392609999999992 0.003066870000000001
25.813376799106113 0.13793859999999997 0.13696446999999992 0.1369755199999999 -1.281999999999996e-05 0.0009763799999999991 0.0046415699999999924 0.002522150000000001
25.81337681162707 0.13990417999999996 0.13912704999999992 0.13913791999999991 -1.285999999999996e-05 0.0007795999999999991 0.004266149999999993 0.002250010000000001
25.813377665163976 0.14383549999999995 0.1434522099999999 0.1434627199999999 -1.2939999999999959e-05 0.0003861999999999991 0.0035151099999999927 0.0017057300000000012
25.813377677684933 0.14580059999999995 0.1456147899999999 0.1456251199999999 -1.2979999999999959e-05 0.0001889399999999991 0.0031396899999999927 0.0014333100000000012
25.858341524073687 0.14776163999999994 0.14770774999999992 0.1477194799999999 -1.3019999999999958e-05 5.56599999999991e-05 0.0028272899999999927 0.0012244700000000012
25.85834162180058 0.14874071999999994 0.1487542299999999 0.1487666599999999 -1.3039999999999958e-05 -1.2400000000000898e-05 0.0026719099999999926 0.0011195700000000012
25.85834237826167 0.15069915999999994 0.1508471899999999 0.15086097999999992 -1.3079999999999958e-05 -0.0001482400000000009 0.0023611099999999927 0.0009099300000000012
25.858342475988565 0.15167795999999995 0.1518936699999999 0.1519081399999999 -1.3119999999999957e-05 -0.00021658000000000088 0.002206189999999993 0.0008050700000000012
25.874099974594746 0.15030949999999996 0.1500842899999999 0.1500993999999999 -1.3139999999999957e-05 0.00022373999999999913 0.0025835499999999926 0.001218830000000001
25.874099997106512 0.14754685999999995 0.1464655299999999 0.1464818799999999 -1.3179999999999957e-05 0.001078619999999999 0.0033765899999999927 0.002047630000000001
25.89542707951036 0.14582317999999994 0.1437262499999999 0.1437408799999999 -1.3259999999999956e-05 0.0020960599999999994 0.004018869999999993 0.0029067900000000007
25.895427086206332 0.14237341999999995 0.1382476899999999 0.13825887999999992 -1.3419999999999956e-05 0.00412854 0.005304709999999993 0.004624230000000001
25.996790934162696 0.14116425999999996 0.13686940999999989 0.1368816599999999 -1.3459999999999956e-05 0.00429664 0.005574729999999993 0.0048353300000000005
25.996790951004655 0.13999385999999997 0.13549112999999988 0.1355044399999999 -1.3499999999999955e-05 0.00450348 0.005846629999999993 0.0050696100000000004
25.99679099290466 0.13878409999999997 0.13411284999999987 0.1341272399999999 -1.3539999999999955e-05 0.00467096 0.006120489999999993 0.00528197
25.996791700757104 0.13757521999999997 0.13273456999999986 0.1327500399999999 -1.3579999999999955e-05 0.00483932 0.006390649999999993 0.005493270000000001
25.9967917150881 0.13640459999999996 0.13135628999999985 0.1313728399999999 -1.3619999999999954e-05 0.005045920000000001 0.006662469999999993 0.005727390000000001
25.996791771545453 0.13519451999999996 0.12997800999999984 0.1299956199999999 -1.3659999999999954e-05 0.005213100000000001 0.006933729999999993 0.00593847
26.072388965809363 0.13500803999999997 0.12956548999999984 0.1295838199999999 -1.3779999999999954e-05 0.005438540000000001 0.007080009999999993 0.0061305100000000005
26.072388981732967 0.13463875999999997 0.12874052999999983 0.1287598999999999 -1.3939999999999955e-05 0.005893340000000001 0.0073720899999999935 0.0065166700000000004
26.086721291220634 0.13550429999999997 0.1298562499999998 0.1298764399999999 -1.3979999999999954e-05 0.0056423800000000015 0.007184249999999994 0.0062923300000000005
26.086721296761755 0.13637171999999997 0.1309719699999998 0.1309929799999999 -1.4019999999999954e-05 0.005393300000000002 0.006996189999999993 0.006068990000000001
26.086721306379083 0.13723561999999997 0.1320877099999998 0.1321095199999999 -1.4059999999999953e-05 0.005140680000000002 0.0068083299999999935 0.00584369
26.086721992664188 0.13810197999999999 0.1332034299999998 0.1332260599999999 -1.4099999999999953e-05 0.004890540000000001 0.006620469999999994 0.00561981
26.08672199315189 0.13896598 0.1343191299999998 0.1343425999999999 -1.4119999999999953e-05 0.004638040000000001 0.0064321099999999935 0.00539437
26.08672213190969 0.13983079999999998 0.13543484999999977 0.1354591399999999 -1.4159999999999953e-05 0.004386340000000002 0.006244229999999994 0.00516959
26.11276664908372 0.13915831999999997 0.13455364999999977 0.13457917999999988 -1.4199999999999952e-05 0.004593860000000002 0.006487869999999994 0.00539235
26.112766651538042 0.14099863999999998 0.13682596999999977 0.1368520599999999 -1.4239999999999952e-05 0.0041613000000000015 0.006170029999999994 0.00500819
26.112766686339704 0.14466311999999998 0.14137068999999977 0.14139789999999988 -1.4319999999999951e-05 0.0032799400000000016 0.0055341899999999935 0.00423043
26.112766688794025 0.14332952 0.13960828999999977 0.13963797999999988 -1.439999999999995e-05 0.0037064200000000015 0.006021629999999993 0.00468259
26.116550534845352 0.14392442 0.14031282999999978 0.14034227999999987 -1.441999999999995e-05 0.0035970400000000014 0.005864689999999993 0.004553150000000001
26.116550575170823 0.14451826 0.14101734999999976 0.14104659999999988 -1.443999999999995e-05 0.0034866000000000016 0.005707669999999993 0.00442305
26.116550611081305 0.14511246 0.14172186999999975 0.14175089999999987 -1.445999999999995e-05 0.0033765200000000018 0.005550669999999993 0.0042931900000000005
26.116551311415563 0.14570744 0.14242640999999975 0.14245519999999987 -1.447999999999995e-05 0.003267240000000002 0.005393669999999993 0.004163770000000001
26.116551354251996 0.1463017 0.14313094999999976 0.14315949999999986 -1.449999999999995e-05 0.003157220000000002 0.005236729999999992 0.0040339500000000006
26.116551373094165 0.14689576000000001 0.14383548999999976 0.14386379999999985 -1.4519999999999949e-05 0.0030469800000000016 0.005079789999999992 0.0039040100000000007
26.21871840341077 0.14739506000000002 0.14433764999999976 0.14436573999999985 -1.4539999999999949e-05 0.0030443400000000017 0.005023589999999992 0.0038787700000000006
26.218718421169097 0.14789576000000001 0.14483982999999975 0.14486767999999986 -1.4559999999999949e-05 0.0030431200000000016 0.004965989999999992 0.0038537700000000007
26.218718519339394 0.14839464000000002 0.14534198999999975 0.14536961999999987 -1.4579999999999948e-05 0.0030400800000000014 0.004909889999999992 0.0038283500000000008
26.21871923078222 0.14889402000000002 0.14584414999999976 0.14587155999999987 -1.4599999999999948e-05 0.0030375200000000015 0.004853749999999993 0.0038031900000000006
26.21871925964021 0.14939306000000002 0.14634630999999976 0.14637349999999988 -1.4619999999999948e-05 0.0030346200000000013 0.004798009999999992 0.0037780100000000005
26.218719268268913 0.14989140000000004 0.14684846999999976 0.14687543999999988 -1.4639999999999948e-05 0.0030310400000000013 0.004742269999999992 0.0037524300000000006
26.243460173954674 0.15105876000000004 0.14819542999999977 0.14822315999999988 -1.4679999999999948e-05 0.0028507200000000015 0.004493029999999992 0.003543030000000001
26.243460192040747 0.15222664000000005 0.14954238999999978 0.14957091999999989 -1.4719999999999947e-05 0.0026708800000000013 0.004245189999999992 0.003334510000000001
26.24346026837064 0.15339744000000005 0.15088934999999978 0.1509186799999999 -1.4759999999999947e-05 0.0024939600000000012 0.0039931099999999916 0.003125870000000001
26.291873892334863 0.15693360000000006 0.1549729099999998 0.1550013599999999 -1.4839999999999946e-05 0.0019475200000000012 0.0034086699999999917 0.0025633900000000013
26.291873905817646 0.16059644000000006 0.15905646999999978 0.1590840399999999 -1.4919999999999945e-05 0.0015277600000000013 0.0028241899999999916 0.0020741100000000014
26.29187401627123 0.16242890000000007 0.16109824999999978 0.1611253799999999 -1.4959999999999945e-05 0.0013189000000000013 0.0025319499999999916 0.0018300700000000013
26.29187456073545 0.16419774000000006 0.16314002999999977 0.1631667199999999 -1.4999999999999944e-05 0.0010464400000000013 0.0022396899999999917 0.0015492500000000014
26.35292805514512 0.16541262000000007 0.16449186999999976 0.1645181599999999 -1.5079999999999944e-05 0.0009098800000000014 0.0020608099999999915 0.0013948500000000013
26.352928208397948 0.16601666000000007 0.16516774999999975 0.1651938799999999 -1.5119999999999943e-05 0.0008382400000000014 0.0019738099999999916 0.0013167300000000012
26.375457368626567 0.16697862000000008 0.16649118999999976 0.1665165599999999 -1.5159999999999943e-05 0.0004775200000000014 0.0017627699999999916 0.001019170000000001
26.375457404958663 0.16794414000000008 0.16781462999999977 0.1678392399999999 -1.5199999999999943e-05 0.00012040000000000141 0.0015500499999999916 0.0007229700000000012
26.37545744211937 0.16891138000000008 0.16913806999999978 0.1691619599999999 -1.5239999999999942e-05 -0.0002350399999999986 0.0013373699999999916 0.00042777000000000114
26.38567801571194 0.17112570000000007 0.17169614999999977 0.1717199199999999 -1.531999999999994e-05 -0.0005785999999999986 0.0008438099999999916 2.0930000000001143e-05
26.385678028512345 0.16772102000000008 0.16792702999999978 0.16795151999999988 -1.535999999999994e-05 -0.00021479999999999855 0.0013302899999999916 0.00043649000000000113
26.38567805296792 0.1609093400000001 0.16038878999999978 0.16041479999999989 -1.551999999999994e-05 0.0005104000000000013 0.0023046899999999916 0.001266810000000001
26.385678065768328 0.1653340600000001 0.16550502999999978 0.1655304799999999 -1.5679999999999938e-05 -0.0001804799999999987 0.0013175699999999917 0.00045097000000000106
26.395999712498426 0.1624111800000001 0.16202318999999976 0.1620453599999999 -1.5679999999999938e-05 0.00038184000000000135 0.0022600499999999918 0.001173690000000001
26.395999865751257 0.1609479000000001 0.16028226999999975 0.16030279999999988 -1.5679999999999938e-05 0.0006611200000000014 0.0027350099999999917 0.001535530000000001
26.423871118583012 0.16113774000000008 0.16032218999999975 0.16034347999999987 -1.5759999999999937e-05 0.0008103600000000014 0.0027334899999999916 0.0016211700000000012
26.423871140331237 0.1612335800000001 0.16034214999999977 0.16036381999999988 -1.5799999999999937e-05 0.0008859000000000014 0.0027315299999999916 0.0016640100000000011
26.423871145094495 0.1613295600000001 0.16036210999999978 0.1603841599999999 -1.5839999999999936e-05 0.0009615800000000014 0.0027300899999999914 0.001707150000000001
26.423871676596097 0.1614256400000001 0.16038204999999978 0.1604044999999999 -1.5879999999999936e-05 0.0010373400000000014 0.0027279899999999913 0.0017500700000000011
26.423871677654 0.1615220800000001 0.16040198999999977 0.1604248399999999 -1.5919999999999936e-05 0.0011134800000000013 0.0027258899999999912 0.0017932100000000012
26.615831435023207 0.1621696000000001 0.16132618999999976 0.1613496799999999 -1.5959999999999935e-05 0.0008362000000000014 0.0025424499999999912 0.0015555300000000011
26.615831552898 0.1620204400000001 0.16107628999999976 0.1611003199999999 -1.5979999999999935e-05 0.0009364200000000014 0.002640329999999991 0.001654750000000001
26.615831769384265 0.1617213600000001 0.16057644999999976 0.1606015999999999 -1.6019999999999935e-05 0.0011361000000000014 0.002836209999999991 0.001852830000000001
26.615831887259063 0.1620429600000001 0.16103854999999975 0.1610640399999999 -1.6039999999999935e-05 0.0009953000000000015 0.002744509999999991 0.001732750000000001
26.615832586416346 0.1617442400000001 0.16053870999999975 0.1605653199999999 -1.6079999999999934e-05 0.0011953400000000015 0.0029401499999999908 0.001930910000000001
26.615832704291144 0.1620686800000001 0.16100080999999974 0.1610277399999999 -1.6099999999999934e-05 0.0010573800000000016 0.002848469999999991 0.001812470000000001
26.615832868146196 0.16271868000000012 0.16192500999999976 0.16195261999999988 -1.6139999999999934e-05 0.0007825400000000017 0.002664949999999991 0.001576150000000001
26.61583298602099 0.16256950000000012 0.16167510999999976 0.16170325999999988 -1.6159999999999933e-05 0.0008827200000000018 0.002763069999999991 0.001675470000000001
26.80962282834042 0.16101110000000013 0.15957078999999977 0.15959921999999988 -1.6239999999999933e-05 0.0014284400000000017 0.003195469999999991 0.0021733900000000007
26.80962283304687 0.16131754000000012 0.15974514999999978 0.15977245999999987 -1.6319999999999932e-05 0.0015617200000000017 0.003248509999999991 0.002272830000000001
26.80962284047114 0.16192818000000012 0.16009386999999978 0.16011893999999988 -1.647999999999993e-05 0.0018260400000000016 0.003356189999999991 0.002471070000000001
26.80962284517759 0.1588125000000001 0.15588530999999978 0.15591085999999987 -1.663999999999993e-05 0.0029186000000000017 0.0042215499999999915 0.003467790000000001
26.826032971706436 0.16101850000000012 0.15813766999999979 0.15816417999999988 -1.667999999999993e-05 0.0028712800000000017 0.0038291099999999915 0.003274870000000001
26.82603302904429 0.16212168000000013 0.1592638499999998 0.1592908199999999 -1.6699999999999928e-05 0.0028478200000000018 0.0036324299999999916 0.003178330000000001
26.826033041104036 0.16433044000000013 0.1615162099999998 0.16154409999999989 -1.6739999999999928e-05 0.002803340000000002 0.0032368299999999918 0.002985730000000001
26.82603309844189 0.16543396000000013 0.1626423899999998 0.1626707599999999 -1.6759999999999928e-05 0.0027802200000000016 0.0030398099999999918 0.002889250000000001
26.867611903190994 0.16698132000000013 0.1639403899999998 0.1639709999999999 -1.7079999999999928e-05 0.0030276600000000015 0.0028809299999999916 0.0029652500000000013
26.86761190827451 0.16774612000000014 0.1645893899999998 0.1646211599999999 -1.7239999999999926e-05 0.0031425000000000016 0.0028037299999999917 0.002999090000000001
26.893836295345018 0.16886204000000013 0.1659977499999998 0.1660305599999999 -1.7399999999999925e-05 0.0028492200000000017 0.0025964899999999917 0.0027420900000000013
26.893836331675733 0.16997700000000013 0.1674061099999998 0.1674400399999999 -1.7559999999999923e-05 0.0025548600000000017 0.002391049999999992 0.0024852500000000013
26.89383633172934 0.17109448000000013 0.1688145099999998 0.1688495199999999 -1.7719999999999922e-05 0.0022630600000000016 0.0021846899999999917 0.0022294900000000015
26.914958489250523 0.17191032000000014 0.1694139099999998 0.1694514399999999 -1.775999999999992e-05 0.0024770200000000017 0.0020924899999999916 0.0023142900000000014
26.914958546588373 0.17231850000000015 0.1697136299999998 0.1697523999999999 -1.779999999999992e-05 0.0025842800000000017 0.0020461899999999916 0.0023567700000000015
26.914958576037634 0.17313918000000014 0.17031306999999982 0.1703543199999999 -1.783999999999992e-05 0.0028030800000000016 0.0019539899999999914 0.0024443700000000017
26.914958633375484 0.17354614000000015 0.17061276999999983 0.17065527999999988 -1.785999999999992e-05 0.0029091000000000017 0.0019077699999999914 0.0024861700000000015
26.935595739553214 0.17417210000000016 0.17121152999999983 0.17125443999999987 -1.793999999999992e-05 0.002936020000000002 0.0018218499999999914 0.0024654900000000016
26.935595796891064 0.17448418000000016 0.17151090999999982 0.17155403999999988 -1.797999999999992e-05 0.002948560000000002 0.0017791699999999914 0.0024547300000000018
26.935596557356874 0.17510870000000014 0.17210962999999982 0.17215323999999987 -1.805999999999992e-05 0.002973960000000002 0.0016936099999999915 0.0024333300000000018
26.935596614694724 0.17542108000000015 0.17240898999999982 0.17245281999999987 -1.8099999999999918e-05 0.002986800000000002 0.0016508499999999915 0.002422710000000002
26.965176438957958 0.17613172000000016 0.1730086699999998 0.17305321999999987 -1.841999999999992e-05 0.003097280000000002 0.0014865299999999916 0.002417270000000002
26.96517659221079 0.17648904000000015 0.1733085499999998 0.17335345999999988 -1.8579999999999917e-05 0.003154480000000002 0.0014043299999999916 0.002415670000000002
26.970576178238424 0.17617292000000015 0.1726961899999998 0.17274065999999988 -1.8659999999999916e-05 0.003451240000000002 0.0015753699999999915 0.002659390000000002
