1.856076474560413914e+01 -6.212142857226869708e-04 -5.495066297177275683e-04 -6.840740302984649190e-04 -5.676851200000000187e-04 -6.967615200000000421e-04 -5.576016800000000101e-04 -5.579364000000000068e-04 -5.292760000000000737e-04
1.855807330425707136e+01 -1.853069967490836301e-03 -1.733951032472647036e-03 -2.042032489486172997e-03 -1.647450000000000173e-03 -1.870289839999999919e-03 -1.714101119999999947e-03 -1.711381520000000191e-03 -1.748117040000000044e-03
1.854260717401356828e+01 -2.312860683005043064e-03 -2.121829302984989951e-03 -2.548092347613772901e-03 -2.162291199999999847e-03 -2.287309119999999911e-03 -2.068193040000000128e-03 -2.072879120000000082e-03 -2.101455840000000016e-03
1.849526349966685856e+01 -9.170530193480241898e-04 -6.005253648341257744e-04 -1.106719065991162987e-03 -8.116123200000000979e-04 -8.057547199999997222e-04 -6.364282399999997720e-04 -5.655931200000002563e-04 -4.494871200000002129e-04
1.844813003649889538e+01 -6.778804329071429213e-04 -2.508166028965530536e-04 -8.630490538736046435e-04 -5.539197600000001550e-04 -4.559723199999997150e-04 -3.964758399999998161e-04 -2.034679200000001815e-04 2.435087999999980979e-05
1.842241701629804851e+01 -1.015706166773480343e-03 -5.111375767719861241e-04 -1.235205812353673549e-03 -7.232880800000001048e-04 -7.092716799999998099e-04 -6.556327999999999072e-04 -4.846745600000001899e-04 -1.730920800000002111e-04
1.841661494496884544e+01 -2.327093546322950984e-03 -1.778697484822372443e-03 -2.680816597605467644e-03 -1.915351519999999906e-03 -1.972002879999999996e-03 -1.828659039999999897e-03 -1.748995680000000035e-03 -1.448584480000000190e-03
1.834264029820620223e+01 -2.567882097999373871e-03 -1.977932247997457593e-03 -2.946669486403416527e-03 -2.138316879999999868e-03 -2.175470799999999934e-03 -2.030495199999999851e-03 -1.918489520000000092e-03 -1.605651840000000370e-03
1.834264026944032722e+01 -2.808648343821997309e-03 -2.177148643572712761e-03 -3.213164270099627684e-03 -2.362160879999999821e-03 -2.372641799999999825e-03 -2.237352159999999972e-03 -2.111288240000000135e-03 -1.757991280000000380e-03
1.834263770786453662e+01 -3.049317441156674732e-03 -2.376287581907096658e-03 -3.479279687494854501e-03 -2.590000599999999625e-03 -2.578766560000000062e-03 -2.428121640000000143e-03 -2.276137840000000238e-03 -1.909996000000000393e-03
1.834263766282625596e+01 -3.290211004985246074e-03 -2.575616855234372227e-03 -3.745227067425332956e-03 -2.823928040000000129e-03 -2.784138199999999872e-03 -2.616025079999999801e-03 -2.434460400000000406e-03 -2.066854160000000575e-03
1.818887043857969843e+01 -3.788625434880401113e-03 -2.993864268133319961e-03 -4.316517459794833034e-03 -3.283373080000000135e-03 -3.176304520000000110e-03 -3.034383239999999780e-03 -2.822986640000000030e-03 -2.426761840000000916e-03
1.818887037728975997e+01 -4.287116037633669288e-03 -3.412185228384698177e-03 -4.888306764685323991e-03 -3.782691639999999963e-03 -3.569265800000000124e-03 -3.426172999999999805e-03 -3.217663360000000243e-03 -2.786167440000000828e-03
1.814350462287082522e+01 -4.196599271215366647e-03 -3.213949447973249440e-03 -4.808271016587817304e-03 -3.675204680000000376e-03 -3.379521400000000050e-03 -3.228437159999999594e-03 -2.975535280000000254e-03 -2.471237760000000692e-03
1.810682591856471646e+01 -4.086270505944571314e-03 -3.047633207950151135e-03 -4.711821977143093587e-03 -3.550793439999999981e-03 -3.231010320000000328e-03 -3.078566279999999777e-03 -2.801962040000000129e-03 -2.235092800000000428e-03
1.810682590577214413e+01 -3.975885303045703298e-03 -2.881288098049439306e-03 -4.615390003508079708e-03 -3.431988760000000398e-03 -3.054529200000000340e-03 -2.931896160000000036e-03 -2.598264000000000302e-03 -1.999240720000000377e-03
1.810682470190632287e+01 -3.865421329510935859e-03 -2.714868155766797519e-03 -4.518792609251309766e-03 -3.325192160000000480e-03 -2.899240040000000684e-03 -2.781690560000000222e-03 -2.418498440000000239e-03 -1.763012080000000547e-03
1.810682468979288018e+01 -3.755034815070727901e-03 -2.548511232324787712e-03 -4.422096753708207317e-03 -3.225675720000000055e-03 -2.752841880000000182e-03 -2.636547600000000140e-03 -2.238523680000000394e-03 -1.526469640000000395e-03
1.808257186051416099e+01 -4.543099615988075747e-03 -3.274947671754971368e-03 -5.317127064291951588e-03 -3.992059000000000059e-03 -3.507761000000000299e-03 -3.313016719999999950e-03 -2.922189280000000132e-03 -2.222394360000000662e-03
1.806830345700501539e+01 -4.484280575759578245e-03 -3.117916553023805659e-03 -5.273029199137704848e-03 -3.919382920000000561e-03 -3.326468280000000576e-03 -3.163103999999999916e-03 -2.737465680000000443e-03 -1.974073960000000301e-03
1.806730941742937446e+01 -4.509403983607238563e-03 -3.044399925871646428e-03 -5.342702046546562999e-03 -3.964151720000000552e-03 -3.256679160000000399e-03 -3.108084399999999810e-03 -2.683533920000000326e-03 -1.802781000000000479e-03
1.806730935067532684e+01 -4.534887106602217104e-03 -2.971156372370567511e-03 -5.412086169819738113e-03 -3.992979480000000483e-03 -3.222537720000000303e-03 -3.074403199999999926e-03 -2.589937840000000602e-03 -1.631362520000000657e-03
1.799890363563755358e+01 -4.692854245003669038e-03 -3.075418908273688801e-03 -5.589514847236742856e-03 -4.160234879999999587e-03 -3.320380560000000311e-03 -3.188082479999999885e-03 -2.675898120000000293e-03 -1.677386520000000636e-03
1.799890362628945084e+01 -4.850965810461358232e-03 -3.179783863228660690e-03 -5.767202125873241436e-03 -4.305231399999999778e-03 -3.417846840000000538e-03 -3.292347759999999721e-03 -2.757779000000000567e-03 -1.721213920000000744e-03
1.799890102180382101e+01 -5.009028784648014536e-03 -3.284092350413769790e-03 -5.944629479638446901e-03 -4.456922319999999903e-03 -3.532070040000000275e-03 -3.426403119999999695e-03 -2.856751520000000780e-03 -1.765585240000000630e-03
1.799890100605031407e+01 -5.167110144315532547e-03 -3.388417910331453786e-03 -6.122113270931525686e-03 -4.614366239999999862e-03 -3.622800080000000353e-03 -3.557927160000000019e-03 -2.912503320000000770e-03 -1.812027640000000821e-03
1.797478024579153910e+01 -4.747150879193964487e-03 -2.863525286706747330e-03 -5.730538374698765369e-03 -4.070906479999999820e-03 -3.168334000000000081e-03 -3.056683959999999776e-03 -2.355654760000000861e-03 -1.165557800000000714e-03
1.793873743035624813e+01 -5.784375677844490193e-03 -3.813974684849896768e-03 -6.866082920002278267e-03 -5.025737120000000127e-03 -4.084169759999999906e-03 -3.962687319999999916e-03 -3.267264680000000945e-03 -2.062858440000000723e-03
1.792184485956828510e+01 -6.060026898330550180e-03 -3.979585949338421136e-03 -7.188890714078841060e-03 -5.238033280000001062e-03 -4.253077840000000186e-03 -4.123478440000000710e-03 -3.359814760000001330e-03 -2.116790200000000840e-03
1.792184374946377901e+01 -6.197832838678078715e-03 -4.062398166684799694e-03 -7.350383917971062275e-03 -5.361565880000001248e-03 -4.337343600000000653e-03 -4.206698200000000970e-03 -3.442490600000000945e-03 -2.143965280000000896e-03
1.792184368177032638e+01 -6.335436612642267491e-03 -4.145027908894913238e-03 -7.512201373340854360e-03 -5.484282600000001118e-03 -4.408618040000001140e-03 -4.297721120000000394e-03 -3.512279720000001122e-03 -2.171684280000000730e-03
1.790752430110886095e+01 -6.112702345390962598e-03 -3.816026529141244850e-03 -7.295600243832162102e-03 -5.228305480000000616e-03 -4.097453960000000533e-03 -3.997895680000001194e-03 -3.148983000000001031e-03 -1.722657400000000838e-03
1.790675601093959912e+01 -7.488186051029742905e-03 -5.121766452780882051e-03 -8.791384345085306862e-03 -6.528818200000000536e-03 -5.407129640000001014e-03 -5.238409840000001275e-03 -4.388911400000000684e-03 -3.011120200000000878e-03
1.787977152299502137e+01 -7.750913269455383253e-03 -5.332825143956318459e-03 -9.085227700385570260e-03 -6.758206000000000976e-03 -5.616748040000001108e-03 -5.451291760000000902e-03 -4.579011440000000863e-03 -3.160719120000000590e-03
1.787977149319897308e+01 -8.013729757843379015e-03 -5.543983607098623700e-03 -9.378719230946838681e-03 -6.993472320000001033e-03 -5.829190640000000631e-03 -5.640471320000000656e-03 -4.769592640000001361e-03 -3.315610800000000358e-03
1.787976965387275285e+01 -8.276203630264711286e-03 -5.754827022020167493e-03 -9.672004625403643474e-03 -7.226604800000000460e-03 -6.052616240000000154e-03 -5.854252800000000166e-03 -4.951805840000001076e-03 -3.470879040000000772e-03
1.787976960789147896e+01 -8.538653869327322149e-03 -5.965657305578395131e-03 -9.965351730498200888e-03 -7.446118360000000998e-03 -6.263176040000000347e-03 -6.063871200000000260e-03 -5.142470720000001140e-03 -3.620749920000000590e-03
1.784036279195925090e+01 -9.892015140062496853e-03 -7.243272901322470037e-03 -1.142215242510496997e-02 -8.686088600000000867e-03 -7.489255400000000354e-03 -7.270871520000000456e-03 -6.384030880000001427e-03 -4.871598560000001653e-03
1.781110250844443854e+01 -9.784634803577094142e-03 -6.999862784344321187e-03 -1.132356226038461200e-02 -8.545589879999999222e-03 -7.250307160000000334e-03 -7.032718240000000211e-03 -6.094456240000000607e-03 -4.460646080000000950e-03
1.780769610039264350e+01 -1.078035564063308319e-02 -7.893099854406740445e-03 -1.242931788203061050e-02 -9.537281560000001115e-03 -8.155306360000001351e-03 -7.897802080000000322e-03 -6.933139040000001196e-03 -5.319328400000001775e-03
1.779841701991814418e+01 -1.063295481434901879e-02 -7.679541679125143072e-03 -1.228710635907928617e-02 -9.391531920000001366e-03 -7.938114920000001115e-03 -7.711760520000000320e-03 -6.692747320000000215e-03 -5.032347840000001363e-03
1.779841696306317189e+01 -1.048540827478137982e-02 -7.465865358301321253e-03 -1.214495785591593324e-02 -9.237037720000000618e-03 -7.727722480000000921e-03 -7.550341799999999749e-03 -6.478045360000001147e-03 -4.749697720000001233e-03
1.779841586568831602e+01 -1.033778034659622175e-02 -7.252110274365661247e-03 -1.200287630793428484e-02 -9.102124639999998809e-03 -7.522267160000000244e-03 -7.353861159999999959e-03 -6.252548680000000886e-03 -4.468156360000001201e-03
1.779841579588020650e+01 -1.019026531687702158e-02 -7.038464150641993156e-03 -1.186071074705004336e-02 -8.949806119999998907e-03 -7.310577680000000279e-03 -7.173363400000000445e-03 -6.038265120000000513e-03 -4.180715560000001010e-03
1.772816064017765569e+01 -1.080217615466215822e-02 -7.608268532172876575e-03 -1.252226193494271334e-02 -9.506968479999999139e-03 -7.863179479999999472e-03 -7.717513520000000155e-03 -6.579360920000000904e-03 -4.719300960000000558e-03
1.772816060954165707e+01 -1.141408306314295115e-02 -8.178063733401713664e-03 -1.318338252623987850e-02 -1.006758263999999944e-02 -8.427350039999999959e-03 -8.253400240000000054e-03 -7.111063639999999977e-03 -5.250585280000000937e-03
1.772815790574648886e+01 -1.202590725642586900e-02 -8.747789346938317223e-03 -1.384497045494337275e-02 -1.064108351999999875e-02 -8.991792559999999684e-03 -8.801546080000000050e-03 -7.649063280000000832e-03 -5.781806840000000558e-03
1.772815786013172712e+01 -1.263775509198069441e-02 -9.317537289993987892e-03 -1.450650323697827426e-02 -1.121401955999999991e-02 -9.556318759999999843e-03 -9.363645560000001533e-03 -8.196874399999999963e-03 -6.320162120000000217e-03
1.764206158009006131e+01 -1.413787917427644994e-02 -1.074381655929559920e-02 -1.613642154468480916e-02 -1.258532555999999913e-02 -1.099268595999999994e-02 -1.068286076000000105e-02 -9.492575520000001016e-03 -7.709124600000000563e-03
1.763188691159832544e+01 -1.422899454677205647e-02 -1.072620210028729648e-02 -1.625506522800446163e-02 -1.264758347999999852e-02 -1.096657780000000020e-02 -1.074244092000000220e-02 -9.396259840000002403e-03 -7.601093720000000331e-03
1.743540674830702031e+01 -1.473527757971901039e-02 -1.118112510224135436e-02 -1.680569036309521869e-02 -1.312880623999999885e-02 -1.140771784000000136e-02 -1.117243060000000163e-02 -9.820705720000001346e-03 -7.999849839999999962e-03
1.743540671803994968e+01 -1.524149498693395943e-02 -1.163598772945199922e-02 -1.735616582985137490e-02 -1.361657695999999793e-02 -1.185927604000000177e-02 -1.161329868000000182e-02 -1.025186692000000163e-02 -8.396911440000001670e-03
1.743540399612739478e+01 -1.574777279243917000e-02 -1.209091994420913307e-02 -1.790652970075150285e-02 -1.407633579999999912e-02 -1.230834476000000101e-02 -1.203165684000000006e-02 -1.068545484000000059e-02 -8.793722000000002079e-03
1.743540394880984223e+01 -1.625389831089033010e-02 -1.254569593365824354e-02 -1.845727166866352464e-02 -1.455573851999999828e-02 -1.276350120000000268e-02 -1.246800620000000116e-02 -1.110554936000000131e-02 -9.192143400000001713e-03
1.733144641594059365e+01 -1.789088706967462833e-02 -1.409205505795511904e-02 -2.021863295546789951e-02 -1.604699979999999956e-02 -1.428057776000000133e-02 -1.390625619999999972e-02 -1.259225008000000069e-02 -1.071022412000000208e-02
1.728892343623477501e+01 -1.743768902362415399e-02 -1.349197866540514934e-02 -1.978552782497601525e-02 -1.557876836000000008e-02 -1.369887624000000123e-02 -1.335003524000000046e-02 -1.197565400000000051e-02 -9.975471880000001332e-03
1.725744056451909714e+01 -1.854853022698665227e-02 -1.449554193877274078e-02 -2.099440777023293958e-02 -1.657016715999999959e-02 -1.477253248000000123e-02 -1.430285755999999991e-02 -1.289525536000000160e-02 -1.090494748000000146e-02
1.723159665146233621e+01 -1.899260469415517058e-02 -1.486279690143509080e-02 -2.148085909374640445e-02 -1.698429947999999939e-02 -1.512112244000000244e-02 -1.467899915999999923e-02 -1.321947352000000207e-02 -1.119184436000000143e-02
1.723159664136945324e+01 -1.943650455483426909e-02 -1.522987857035630610e-02 -2.196761500678046097e-02 -1.740654876000000129e-02 -1.546845720000000236e-02 -1.502717072000000001e-02 -1.355480020000000146e-02 -1.147738144000000349e-02
1.723159552513212489e+01 -1.988036896539785783e-02 -1.559692216366544149e-02 -2.245413199600092280e-02 -1.782335884000000106e-02 -1.581899272000000106e-02 -1.537477744000000091e-02 -1.387023195999999986e-02 -1.176467580000000249e-02
1.723159550899094938e+01 -2.032421235229512832e-02 -1.596393554406114190e-02 -2.294083928858771382e-02 -1.820380996000000098e-02 -1.617151564000000180e-02 -1.572050136000000334e-02 -1.418507795999999870e-02 -1.205301616000000256e-02
1.695952532425104664e+01 -2.204550067008502826e-02 -1.758086023685132004e-02 -2.481019003045291382e-02 -1.980318580000000120e-02 -1.778110044000000278e-02 -1.723582063999999983e-02 -1.572721667999999948e-02 -1.362917080000000322e-02
1.693039544563757204e+01 -2.059423983321336665e-02 -1.593876493247589621e-02 -2.333290787210866302e-02 -1.817196972000000021e-02 -1.623373172000000531e-02 -1.570154783999999984e-02 -1.397863939999999770e-02 -1.176101480000000393e-02
1.693026577495329477e+01 -2.016359218741762757e-02 -1.533298330918198005e-02 -2.292658812750893171e-02 -1.775838132000000236e-02 -1.564136100000000293e-02 -1.516298335999999997e-02 -1.333576779999999865e-02 -1.093090920000000348e-02
1.693026570708808975e+01 -1.973315725798246295e-02 -1.472744590824395794e-02 -2.251974064576427181e-02 -1.736939483999999992e-02 -1.504388580000000537e-02 -1.464404184000000012e-02 -1.266356635999999793e-02 -1.010364872000000386e-02
1.692800694881046297e+01 -1.956066190510553568e-02 -1.433538786686192057e-02 -2.236223950282641149e-02 -1.719203508000000102e-02 -1.465289100000000469e-02 -1.430405000000000044e-02 -1.221663147999999845e-02 -9.410067040000002700e-03
1.688670810453613669e+01 -1.879371139267742297e-02 -1.338074561042773558e-02 -2.159654917560242804e-02 -1.646795204000000082e-02 -1.371358300000000488e-02 -1.344850568000000024e-02 -1.121381035999999796e-02 -8.215618720000003247e-03
1.688670803460498249e+01 -1.802668472896138546e-02 -1.242597731820696549e-02 -2.083094554115853814e-02 -1.575524948000000050e-02 -1.277414948000000355e-02 -1.258823343999999900e-02 -1.023161635999999750e-02 -7.018408960000003388e-03
1.687462676486571311e+01 -1.782505421725141467e-02 -1.202219380850771957e-02 -2.063449512742031311e-02 -1.547960755999999889e-02 -1.237859412000000270e-02 -1.216313903999999974e-02 -9.787484759999997772e-03 -6.320559600000003574e-03
1.686524473999244123e+01 -1.822195889902879923e-02 -1.225657216378436831e-02 -2.111854283378848673e-02 -1.582838580000000064e-02 -1.260026244000000441e-02 -1.240635496000000101e-02 -9.963882199999996025e-03 -6.382106240000003615e-03
1.686524472811887421e+01 -1.861826765716601689e-02 -1.249038347592870690e-02 -2.160273751127016195e-02 -1.622528004000000149e-02 -1.282481772000000457e-02 -1.271350239999999993e-02 -1.015542571999999630e-02 -6.442899760000003230e-03
1.681985422596765645e+01 -1.964997887617045066e-02 -1.347863216793601659e-02 -2.273548058703726837e-02 -1.721077940000000084e-02 -1.377839316000000446e-02 -1.365308235999999897e-02 -1.110789239999999609e-02 -7.427562320000004326e-03
1.681985418656072184e+01 -2.068139473529997246e-02 -1.446659862756038972e-02 -2.386820003535741752e-02 -1.819115336000000013e-02 -1.475035728000000448e-02 -1.458398051999999952e-02 -1.205123795999999553e-02 -8.409609880000003604e-03
1.681985293620259725e+01 -2.171306133559652157e-02 -1.545479482435642427e-02 -2.500125425025843950e-02 -1.918221743999999965e-02 -1.571453916000000589e-02 -1.551462764000000050e-02 -1.300715643999999539e-02 -9.392703440000003956e-03
1.681985289520604354e+01 -2.274466624253970379e-02 -1.644292538954968130e-02 -2.613419296721232465e-02 -2.017405556000000100e-02 -1.668664972000000538e-02 -1.645466783999999932e-02 -1.396361883999999547e-02 -1.037569240000000420e-02
1.672412774440251226e+01 -2.273248130747610590e-02 -1.635052355299121407e-02 -2.614286500445707484e-02 -2.010999851999999838e-02 -1.658807468000000548e-02 -1.637266143999999840e-02 -1.384690615999999500e-02 -1.018270540000000383e-02
1.672412773367305405e+01 -2.272040793851843460e-02 -1.625823459527785120e-02 -2.615148189481461549e-02 -2.010813663999999959e-02 -1.648711476000000453e-02 -1.628527859999999786e-02 -1.373071647999999506e-02 -9.991245560000002260e-03
1.672412481464859368e+01 -2.270834112632012097e-02 -1.616596794733517195e-02 -2.616000296382932355e-02 -2.006403727999999873e-02 -1.638232648000000763e-02 -1.621873207999999927e-02 -1.360517555999999489e-02 -9.799011680000002320e-03
1.672412479845398892e+01 -2.269602095937738387e-02 -1.607348601439392843e-02 -2.616848860402544441e-02 -2.004395407999999892e-02 -1.630293508000000766e-02 -1.615911008000000051e-02 -1.348733319999999465e-02 -9.605229720000003912e-03
1.669237742434451732e+01 -2.472571627231839875e-02 -1.801220775232270643e-02 -2.840582945182019980e-02 -2.184617024000000060e-02 -1.817489852000000669e-02 -1.796479895999999674e-02 -1.527934039999999383e-02 -1.152037204000000252e-02
1.663752219189111869e+01 -2.551168591147552969e-02 -1.865085270997984823e-02 -2.927018870046362020e-02 -2.256728263999999845e-02 -1.879500916000000771e-02 -1.857691815999999718e-02 -1.588158535999999524e-02 -1.200981636000000331e-02
1.657343671801886131e+01 -2.730839690588129920e-02 -2.031820794489125337e-02 -3.121646133513018839e-02 -2.418699272000000150e-02 -2.040936372000000734e-02 -2.011763431999999754e-02 -1.738799271999999507e-02 -1.360057316000000405e-02
1.655590432748464380e+01 -2.783106567792403147e-02 -2.074896190017949671e-02 -3.180059179764137267e-02 -2.468072564000000149e-02 -2.080098612000000693e-02 -2.054063671999999813e-02 -1.776766979999999316e-02 -1.393489568000000345e-02
1.655590431645801530e+01 -2.835381321291463932e-02 -2.117977886541795585e-02 -3.238485613743195823e-02 -2.518590180000000039e-02 -2.122204296000000656e-02 -2.094979007999999907e-02 -1.816180259999999186e-02 -1.426779564000000416e-02
1.655590398321754719e+01 -2.887653843907735107e-02 -2.161058664933415696e-02 -3.296892224681136074e-02 -2.566768939999999888e-02 -2.163171932000000630e-02 -2.137436147999999952e-02 -1.855051711999999159e-02 -1.460477500000000560e-02
1.655590396695084365e+01 -2.939934243606724673e-02 -2.204147057857186454e-02 -3.355323777645236039e-02 -2.612414287999999946e-02 -2.201819540000000269e-02 -2.178801263999999988e-02 -1.895582119999998996e-02 -1.494315600000000431e-02
1.652642808465474289e+01 -3.040007278718184769e-02 -2.284676658619197442e-02 -3.467423437497435534e-02 -2.703575279999999997e-02 -2.280470372000000315e-02 -2.248418839999999710e-02 -1.968735175999999226e-02 -1.554347632000000444e-02
1.648970108927417400e+01 -2.932382516663471425e-02 -2.158157223264606239e-02 -3.362379802920550942e-02 -2.606385144000000070e-02 -2.161075748000000282e-02 -2.134061752000000062e-02 -1.838466335999999063e-02 -1.404305208000000346e-02
1.645010944753709126e+01 -2.920296548960394506e-02 -2.126528608861963376e-02 -3.352145339771706034e-02 -2.595573688000000351e-02 -2.132005316000000136e-02 -2.101773824000000013e-02 -1.794601279999999063e-02 -1.348720768000000528e-02
1.639568177405488569e+01 -2.888256786803835088e-02 -2.084202531530914004e-02 -3.321125845908393104e-02 -2.567139224000000372e-02 -2.091062784000000119e-02 -2.062343808000000403e-02 -1.751240395999998853e-02 -1.295182304000000451e-02
1.639568176171342273e+01 -2.856198905336456567e-02 -2.041859385089041246e-02 -3.290098604389878056e-02 -2.538746600000000089e-02 -2.047446676000000063e-02 -2.024572748000000311e-02 -1.706906731999998511e-02 -1.241604092000000471e-02
1.639567960327345375e+01 -2.824158354250650566e-02 -1.999533831578398368e-02 -3.259086064836005936e-02 -2.508998360000000080e-02 -2.005257312000000361e-02 -1.990130060000000131e-02 -1.662516583999998701e-02 -1.187624216000000323e-02
1.639567958814046023e+01 -2.792107431557505279e-02 -1.957198431560186469e-02 -3.228065912630087575e-02 -2.480494860000000135e-02 -1.964055372000000563e-02 -1.950800460000000000e-02 -1.618350279999998531e-02 -1.133681996000000282e-02
1.634779028342247287e+01 -2.978361973456847278e-02 -2.129746288158049228e-02 -3.429316792603673281e-02 -2.658758364000000235e-02 -2.129875660000000656e-02 -2.118030756000000014e-02 -1.782421655999998772e-02 -1.297242924000000311e-02
1.626974139259033336e+01 -2.977726864605057672e-02 -2.112709943357007902e-02 -3.439507935523614113e-02 -2.655863036000000524e-02 -2.119909372000000625e-02 -2.105859500000000287e-02 -1.754911855999998632e-02 -1.262996884000000195e-02
1.625306364917499380e+01 -3.003701192600224251e-02 -2.119578507852684646e-02 -3.473407074611853385e-02 -2.656984348000000079e-02 -2.124792100000000641e-02 -2.112980668000000520e-02 -1.756694239999998658e-02 -1.251310972000000375e-02
1.623764588925055818e+01 -3.128255701817432566e-02 -2.237775893919675962e-02 -3.608663513555789015e-02 -2.773259800000000413e-02 -2.239475540000000764e-02 -2.227503024000000373e-02 -1.869900727999998860e-02 -1.365956756000000216e-02
1.623764585352317980e+01 -3.252800231479625881e-02 -2.355962512781768770e-02 -3.743938331496776684e-02 -2.885759192000000167e-02 -2.356100356000000867e-02 -2.338709560000000465e-02 -1.983638583999998775e-02 -1.480650656000000349e-02
1.623764372277204515e+01 -3.377350013307754695e-02 -2.474154383810252267e-02 -3.879086732434505747e-02 -3.001725028000000461e-02 -2.472221000000000835e-02 -2.450280104000000445e-02 -2.096897371999998511e-02 -1.595344556000000483e-02
1.623764367527442332e+01 -3.501877478286569839e-02 -2.592329976639740075e-02 -4.014281342301398436e-02 -3.114255800000000074e-02 -2.587958808000000860e-02 -2.561553584000000536e-02 -2.210670791999998566e-02 -1.709967328000000508e-02
1.622545885801143939e+01 -3.545286446132815683e-02 -2.617461788787284194e-02 -4.063845533740870208e-02 -3.151606368000000463e-02 -2.610824368000000742e-02 -2.586891888000000458e-02 -2.231477823999998902e-02 -1.715845848000000298e-02
1.622426875876685060e+01 -3.679921297166133254e-02 -2.732050947321679191e-02 -4.212870227628048858e-02 -3.275507159999999779e-02 -2.731177128000000787e-02 -2.700165320000000660e-02 -2.343157151999998924e-02 -1.809015160000000330e-02
1.620698451677515095e+01 -3.777398762625652773e-02 -2.808213291031086412e-02 -4.320827373298707919e-02 -3.362170351999999723e-02 -2.802095928000001082e-02 -2.783004336000000772e-02 -2.415075927999998928e-02 -1.862921816000000230e-02
1.619657131788308035e+01 -3.815884915159797885e-02 -2.821491492964392500e-02 -4.365639932509540744e-02 -3.390019056000000142e-02 -2.816112328000000900e-02 -2.803133560000000551e-02 -2.426703263999998791e-02 -1.844110552000000416e-02
1.614811256612107471e+01 -3.886219042705595095e-02 -2.883262814810473584e-02 -4.444008480550706852e-02 -3.454793651999999576e-02 -2.874596280000001058e-02 -2.863341320000000606e-02 -2.485580511999998729e-02 -1.896837320000000285e-02
1.614811253258593382e+01 -3.956547919242303646e-02 -2.945030592222516730e-02 -4.522336071085802933e-02 -3.519407163999999782e-02 -2.935126208000000958e-02 -2.926649424000000652e-02 -2.544277847999999037e-02 -1.949729356000000705e-02
1.614811134268006398e+01 -4.026882702376589906e-02 -3.006802569656631674e-02 -4.600698580654277725e-02 -3.583955823999999957e-02 -2.995651952000000923e-02 -2.986030844000000725e-02 -2.603759683999998936e-02 -2.002838960000000515e-02
1.614811129229066822e+01 -4.097216171598910828e-02 -3.068573364454064978e-02 -4.679041661617336367e-02 -3.647098659999999798e-02 -3.057081440000000705e-02 -3.045301388000000789e-02 -2.661839879999998437e-02 -2.055833504000000381e-02
1.611528680665156443e+01 -4.286052110638982615e-02 -3.242121804644305938e-02 -4.883018068900821240e-02 -3.807592715999999489e-02 -3.228596152000001024e-02 -3.210627964000000584e-02 -2.814334127999998728e-02 -2.218017896000000488e-02
1.609996382270866278e+01 -4.559116189774377326e-02 -3.503498207978579526e-02 -5.184953977837566952e-02 -4.063126331999999952e-02 -3.487895368000000496e-02 -3.461831140000000417e-02 -3.062872095999998739e-02 -2.474974072000000330e-02
1.595586944630011317e+01 -4.810748571925450856e-02 -3.740514431629986258e-02 -5.458671802036299536e-02 -4.282522739999999883e-02 -3.732512928000000785e-02 -3.685892708000000628e-02 -3.281314551999998941e-02 -2.703550176000000735e-02
1.576985723494934355e+01 -4.865118476504384781e-02 -3.784939992409032394e-02 -5.519362992103404864e-02 -4.333540343999999628e-02 -3.775913560000000724e-02 -3.731056896000000539e-02 -3.322102275999998938e-02 -2.738124660000000599e-02
1.576985722462360506e+01 -4.919489562464776644e-02 -3.829365159269769447e-02 -5.580045647567731526e-02 -4.384057959999999865e-02 -3.819466908000001409e-02 -3.776905168000000562e-02 -3.363168235999998423e-02 -2.772628016000000875e-02
1.576985422938507675e+01 -4.973854609686949313e-02 -3.873784418667571006e-02 -5.640757839610725799e-02 -4.435554631999999442e-02 -3.863892620000001360e-02 -3.821079839999999561e-02 -3.404230011999998667e-02 -2.807173212000000501e-02
1.576985421107149499e+01 -5.028226351720885973e-02 -3.918211685626790675e-02 -5.701462420320661806e-02 -4.487411127999998972e-02 -3.908192812000001182e-02 -3.866852800000000062e-02 -3.444335743999998867e-02 -2.841789536000000407e-02
1.571266065420656766e+01 -5.332473757305333795e-02 -4.208110471162210264e-02 -6.034046057615465031e-02 -4.761839687999998988e-02 -4.190775988000001312e-02 -4.135637143999999765e-02 -3.715772743999998934e-02 -3.127544184000000116e-02
1.566933129850560569e+01 -5.345491773636763116e-02 -4.186794561444309726e-02 -6.053151293497903429e-02 -4.757781207999998985e-02 -4.168726308000001574e-02 -4.117804935999999638e-02 -3.684254671999998704e-02 -3.060713152000000409e-02
1.562813442268691411e+01 -5.522988178685112048e-02 -4.348916301043631583e-02 -6.256472110648807206e-02 -4.920643407999999303e-02 -4.339989980000000941e-02 -4.275909928000000415e-02 -3.838418335999998349e-02 -3.211759736000000670e-02
1.561328282389739108e+01 -5.632602277534305701e-02 -4.436829329642660857e-02 -6.377186563988306023e-02 -5.026552999999999577e-02 -4.427749380000001178e-02 -4.372430624000000349e-02 -3.909370607999999164e-02 -3.277774888000000580e-02
1.559275270992228180e+01 -5.728973883472654460e-02 -4.505098896330461677e-02 -6.484133681821201145e-02 -5.113253847999998936e-02 -4.494028124000001151e-02 -4.444043968000000594e-02 -3.965750007999998411e-02 -3.315916232000000463e-02
1.556995164539043230e+01 -6.051143738412485817e-02 -4.813307129920857408e-02 -6.839379584438771975e-02 -5.412840799999998898e-02 -4.790322268000000300e-02 -4.746271024000000421e-02 -4.259751319999999231e-02 -3.620360808000000485e-02
1.556995160474316897e+01 -6.373319629852902679e-02 -5.121522975310693893e-02 -7.194619447869503304e-02 -5.706047151999998901e-02 -5.090871540000000556e-02 -5.047627808000000604e-02 -4.557949183999999293e-02 -3.924851407999999792e-02
1.553994598433194874e+01 -6.425735374414467960e-02 -5.161685380097430498e-02 -7.253224152889195531e-02 -5.756857647999999439e-02 -5.128194912000000327e-02 -5.087062008000001190e-02 -4.592132463999998998e-02 -3.951559971999999560e-02
1.553994595082217778e+01 -6.478152040058218764e-02 -5.201849099791294728e-02 -7.311791180303250925e-02 -5.803295863999999304e-02 -5.166415752000000361e-02 -5.125885344000000871e-02 -4.626403607999998724e-02 -3.978538404000000334e-02
1.553994380682226506e+01 -6.530570148165162903e-02 -5.242013605572842794e-02 -7.370419513112400067e-02 -5.855311351999999137e-02 -5.205473392000001254e-02 -5.165685644000000964e-02 -4.660436263999998691e-02 -4.005604699999999740e-02
1.553994375316977283e+01 -6.582984581845337246e-02 -5.282175224577959072e-02 -7.428986672957220427e-02 -5.903718139999999948e-02 -5.243219348000000696e-02 -5.204161708000001191e-02 -4.694621635999998710e-02 -4.032422047999999898e-02
1.546877436808439832e+01 -6.777123764274703421e-02 -5.458707278906857474e-02 -7.648721857049954609e-02 -6.061387995999999861e-02 -5.433988828000000521e-02 -5.374559292000000849e-02 -4.864441827999999024e-02 -4.196430663999999727e-02
1.541956028723669370e+01 -6.870619654974738366e-02 -5.518688137007363159e-02 -7.755373866262392502e-02 -6.137817123999999430e-02 -5.488686260000000955e-02 -5.439980316000000982e-02 -4.910101819999999201e-02 -4.217296271999999846e-02
1.533021938117510530e+01 -7.010090548576415614e-02 -5.648733748159469326e-02 -7.910044695546578075e-02 -6.269713539999999252e-02 -5.615852664000001160e-02 -5.565360152000000532e-02 -5.035575795999999021e-02 -4.340931380000000173e-02
1.533021934367522654e+01 -7.149582970003426352e-02 -5.778796817611298042e-02 -8.064735087462847341e-02 -6.400863111999999244e-02 -5.739569360000000564e-02 -5.691731596000000615e-02 -5.160543507999999779e-02 -4.464769411999999771e-02
1.533021898786080506e+01 -7.289071977673673708e-02 -5.908856998406590566e-02 -8.219430466858870798e-02 -6.531826495999999704e-02 -5.867141612000000700e-02 -5.815611468000000950e-02 -5.286433791999999715e-02 -4.588776895999999855e-02
1.533021893699118543e+01 -7.428536043403843880e-02 -6.038894600211908159e-02 -8.374150787341001767e-02 -6.661789903999999762e-02 -5.994529768000000924e-02 -5.939108504000001343e-02 -5.411700659999999635e-02 -4.712623295999999323e-02
1.522557113605886769e+01 -7.487682781623666850e-02 -6.081724249756972900e-02 -8.438871199901307185e-02 -6.714868127999999714e-02 -6.033660628000001025e-02 -5.985827048000001011e-02 -5.448645379999999400e-02 -4.736601799999998891e-02
1.522557112547427671e+01 -7.546822301371639008e-02 -6.124549043779378699e-02 -8.503532803509956939e-02 -6.764915043999999988e-02 -6.073295660000000568e-02 -6.030438948000001187e-02 -5.485667503999999001e-02 -4.759647271999999790e-02
1.522556894435907360e+01 -7.605962477826232193e-02 -6.167372656658984265e-02 -8.568216198104357251e-02 -6.817003751999999028e-02 -6.112941152000000988e-02 -6.075266324000001134e-02 -5.521074603999998748e-02 -4.782730399999999410e-02
1.522556892522983851e+01 -7.665105932239670017e-02 -6.210200335147771089e-02 -8.632894209245696449e-02 -6.868199175999997741e-02 -6.152078288000000644e-02 -6.122821668000001660e-02 -5.558902147999999349e-02 -4.806734007999999281e-02
1.505658622671408331e+01 -7.809494777053722914e-02 -6.330043117911642037e-02 -8.794638133921657552e-02 -6.990585359999998416e-02 -6.264125808000001183e-02 -6.238823068000001054e-02 -5.667368163999999403e-02 -4.901217095999998996e-02
1.505658299760315622e+01 -7.953869707825377000e-02 -6.449872774282085219e-02 -8.956467919511672260e-02 -7.120670103999998668e-02 -6.381378224000000543e-02 -6.354678028000000645e-02 -5.776210739999999844e-02 -4.994214863999998921e-02
1.503201589129619542e+01 -8.016022646724310641e-02 -6.482575479680961761e-02 -9.033330217040509702e-02 -7.156250839999998836e-02 -6.421820768000000013e-02 -6.385463900000001858e-02 -5.794134995999999926e-02 -4.995227391999999128e-02
1.500185174484800399e+01 -8.137912004363362373e-02 -6.576391153469808570e-02 -9.167959030940163456e-02 -7.233299199999999873e-02 -6.509429544000000512e-02 -6.477545372000001467e-02 -5.868062092000000257e-02 -5.060414111999998743e-02
1.483636507793814552e+01 -8.555248088176992116e-02 -6.974557674134317098e-02 -9.630466846001338455e-02 -7.618394559999999704e-02 -6.920402944000000889e-02 -6.854787364000000660e-02 -6.252366676000001289e-02 -5.452986279999998825e-02
1.481086960980430511e+01 -8.498278936180431176e-02 -6.884280116387288262e-02 -9.586043650175017639e-02 -7.560170016000000714e-02 -6.836354752000001200e-02 -6.770864692000001794e-02 -6.159427484000001146e-02 -5.323052159999999006e-02
1.479948159907601912e+01 -8.469341204729910477e-02 -6.815058025685709342e-02 -9.558439145671430992e-02 -7.528233544000000055e-02 -6.766678600000000654e-02 -6.716146340000000992e-02 -6.066885772000001065e-02 -5.196741383999998326e-02
1.476479990706855716e+01 -8.605804453285041677e-02 -6.915224524389788907e-02 -9.708783934346097710e-02 -7.645247471999999656e-02 -6.866956528000001114e-02 -6.816633468000002360e-02 -6.144503156000000882e-02 -5.254279751999998277e-02
1.470787227706632194e+01 -8.720988157103504168e-02 -7.017484335733142897e-02 -9.836275849106190794e-02 -7.750929035999999661e-02 -6.967125672000000491e-02 -6.917846520000002497e-02 -6.239538532000001025e-02 -5.344739923999998477e-02
1.470787226619889587e+01 -8.836163459825276123e-02 -7.119737190005197280e-02 -9.963794807965764555e-02 -7.855250800000000699e-02 -7.066803196000000231e-02 -7.019467512000002185e-02 -6.334500688000001267e-02 -5.435141519999998894e-02
1.470786902058519807e+01 -8.951355957998791135e-02 -7.222005533153035006e-02 -1.009132453268938717e-01 -7.959873811999999826e-02 -7.168177332000000290e-02 -7.120270532000003150e-02 -6.429810116000000964e-02 -5.525499183999998259e-02
1.470786900078937443e+01 -9.066549112625243989e-02 -7.324274926579661671e-02 -1.021886567865376294e-01 -8.064925684000000261e-02 -7.268467811999999861e-02 -7.220801592000003488e-02 -6.525312008000001829e-02 -5.615907055999998926e-02
1.461483471505335707e+01 -9.455238638209610691e-02 -7.684052183613303277e-02 -1.063937494372476922e-01 -8.421364827999999747e-02 -7.611886347999997915e-02 -7.559918976000003232e-02 -6.866220144000001468e-02 -5.952283919999998285e-02
1.461483231590676546e+01 -9.843959145799463517e-02 -8.043853858903708687e-02 -1.105988762538271386e-01 -8.774092764000000766e-02 -7.956133315999998346e-02 -7.906488064000002924e-02 -7.200078240000001850e-02 -6.287585495999999108e-02
1.460075460912841727e+01 -1.026928174785515929e-01 -8.442874989610087144e-02 -1.151954861060497937e-01 -9.169334324000000258e-02 -8.354102843999999806e-02 -8.282198712000003737e-02 -7.568353920000002455e-02 -6.668685135999999347e-02
1.457105868578304353e+01 -1.072441007110066236e-01 -8.871140772156123344e-02 -1.202140585111106386e-01 -9.591449716000000070e-02 -8.780075883999999276e-02 -8.688983928000003354e-02 -7.973599424000002434e-02 -7.080143879999999112e-02
1.450894505292937531e+01 -1.045896099205058105e-01 -8.561008308605368156e-02 -1.175711567123850776e-01 -9.339305139999999616e-02 -8.474765219999999544e-02 -8.404798280000003174e-02 -7.655473168000001549e-02 -6.711558583999999161e-02
1.446006505988693114e+01 -1.071019745119116962e-01 -8.774904906746226751e-02 -1.203155524736204129e-01 -9.580621523999999223e-02 -8.690140803999998886e-02 -8.611998328000003422e-02 -7.845397480000003421e-02 -6.884085823999998299e-02
1.441483997502505510e+01 -1.069721146572664844e-01 -8.722918694081778501e-02 -1.202380477229480493e-01 -9.535476163999997978e-02 -8.639669211999999321e-02 -8.577451040000003135e-02 -7.784737848000003457e-02 -6.781586191999999791e-02
1.440874694325299288e+01 -1.116664824215639756e-01 -9.162906812312147931e-02 -1.253626666719547533e-01 -9.957420011999998377e-02 -9.066144331999999306e-02 -8.995830120000003483e-02 -8.197196568000002237e-02 -7.203153479999999109e-02
1.435858397106044748e+01 -1.129171747831628769e-01 -9.268928702346916626e-02 -1.267283861237906706e-01 -1.006196352799999805e-01 -9.168210919999998654e-02 -9.098131012000003348e-02 -8.292516456000002811e-02 -7.288287420000000294e-02
1.435858393496995866e+01 -1.141676544697562135e-01 -9.374932606756400388e-02 -1.280941974837288277e-01 -1.016889192399999808e-01 -9.268043251999998067e-02 -9.198984240000002144e-02 -8.387346816000001981e-02 -7.372917187999999955e-02
1.435858158144169039e+01 -1.154182116358756782e-01 -9.480942027443220455e-02 -1.294599707727187576e-01 -1.027374923999999773e-01 -9.367921607999998845e-02 -9.300381388000003580e-02 -8.481491000000002112e-02 -7.457555324000000874e-02
1.435858152330470539e+01 -1.166687241653287938e-01 -9.586948953588568523e-02 -1.308258911121800705e-01 -1.037907097999999778e-01 -9.468040543999999004e-02 -9.401535864000003240e-02 -8.575969904000002586e-02 -7.542682988000000421e-02
1.422142400453223310e+01 -1.207395225553500873e-01 -9.954125130840167646e-02 -1.353069369935374633e-01 -1.076201157999999714e-01 -9.829567431999998439e-02 -9.755418584000004334e-02 -8.916693944000000926e-02 -7.877055715999999042e-02
1.413403418784880650e+01 -1.237071987450210492e-01 -1.021424890885737208e-01 -1.386137017095300794e-01 -1.102119782799999836e-01 -1.007383771999999927e-01 -1.000319088000000411e-01 -9.154378616000001523e-02 -8.105389148000000099e-02
1.409111805960513131e+01 -1.279589229444276777e-01 -1.059775149319693438e-01 -1.432709395925397811e-01 -1.141169473199999812e-01 -1.045162363199999833e-01 -1.037390583200000355e-01 -9.510625296000001228e-02 -8.448954124000000732e-02
1.398181219365489447e+01 -1.329169014382605429e-01 -1.106062478493072404e-01 -1.487194979446679333e-01 -1.187093057199999774e-01 -1.090990551999999891e-01 -1.081087024000000341e-01 -9.954208792000000805e-02 -8.891847260000000641e-02
1.397377566823536910e+01 -1.328683086867547547e-01 -1.103009980325505152e-01 -1.487603586182195681e-01 -1.185195822399999904e-01 -1.088047317199999919e-01 -1.078667207600000344e-01 -9.917126000000001107e-02 -8.832850768000001518e-02
1.397377565252527454e+01 -1.328204379279555591e-01 -1.099963796287456302e-01 -1.488017351805419330e-01 -1.184534750399999919e-01 -1.085097806399999837e-01 -1.076192999200000361e-01 -9.880118520000000237e-02 -8.773967244000001331e-02
1.397377411476579567e+01 -1.327721274276838226e-01 -1.096914855772226915e-01 -1.488430211664297786e-01 -1.183882255599999905e-01 -1.082137835599999848e-01 -1.073787617600000383e-01 -9.843686340000001866e-02 -8.714972844000001828e-02
1.397377409821743299e+01 -1.327239783643850424e-01 -1.093866479426776478e-01 -1.488840642966809957e-01 -1.183034995599999833e-01 -1.079174308399999810e-01 -1.071268640400000333e-01 -9.805837876000000897e-02 -8.655947064000001079e-02
1.396639031723012003e+01 -1.328355909676710023e-01 -1.090324915949733436e-01 -1.490713779765132641e-01 -1.181795276399999900e-01 -1.076480230799999743e-01 -1.068844012400000376e-01 -9.754320284000000951e-02 -8.561907480000001402e-02
1.395033872608004089e+01 -1.387708749876009340e-01 -1.146310394869006627e-01 -1.556373149931399857e-01 -1.237570088399999879e-01 -1.132719885199999776e-01 -1.122196288400000297e-01 -1.029689722000000085e-01 -9.102777344000000104e-02
1.394703975282419428e+01 -1.433853907413125128e-01 -1.189365811496057440e-01 -1.608053019504792625e-01 -1.278659060400000047e-01 -1.174823058799999848e-01 -1.163438813200000227e-01 -1.071261946000000159e-01 -9.515725592000000288e-02
1.393649440400764483e+01 -1.483771384107067104e-01 -1.235551638784982836e-01 -1.662172949469156169e-01 -1.326339924399999870e-01 -1.219287681999999817e-01 -1.207357424400000295e-01 -1.114847510800000135e-01 -9.946188064000001383e-02
1.389530274533130516e+01 -1.517875276830762676e-01 -1.268117684266134859e-01 -1.699362093703536969e-01 -1.357897116799999804e-01 -1.250809101199999995e-01 -1.238273000400000323e-01 -1.146116844000000246e-01 -1.026551512800000093e-01
1.389530270138951806e+01 -1.551979064836833122e-01 -1.300683664412201346e-01 -1.736555451834139729e-01 -1.389285484799999693e-01 -1.282384493999999819e-01 -1.269014940400000346e-01 -1.177377181600000183e-01 -1.058479616800000050e-01
1.389530120736128715e+01 -1.586079741359107675e-01 -1.333246624967034388e-01 -1.773749833868144554e-01 -1.420696864799999848e-01 -1.313960932799999870e-01 -1.300261470800000430e-01 -1.208492752800000153e-01 -1.090417344000000066e-01
1.389530115402715893e+01 -1.620183896945947555e-01 -1.365812775781399813e-01 -1.810939096436879336e-01 -1.452253220399999933e-01 -1.345602641999999738e-01 -1.331172862800000245e-01 -1.239584893600000209e-01 -1.122359464400000117e-01
1.365513723780183319e+01 -1.666323777774114112e-01 -1.407471689504583567e-01 -1.860968497855641224e-01 -1.495599460400000025e-01 -1.387149761999999786e-01 -1.371504949200000323e-01 -1.278980600800000145e-01 -1.159365270800000042e-01
1.361850401405965272e+01 -1.684923765151924713e-01 -1.418781713582328852e-01 -1.881854035274492798e-01 -1.510921268399999795e-01 -1.397467924399999895e-01 -1.383128519600000383e-01 -1.287577465600000248e-01 -1.161432585200000006e-01
1.348149528743634384e+01 -1.749820952476965064e-01 -1.479256561217482391e-01 -1.951997995613325987e-01 -1.570545360399999701e-01 -1.455115913199999944e-01 -1.440218362800000651e-01 -1.344630908000000180e-01 -1.218628702000000008e-01
1.340353759233062725e+01 -1.761567859487982723e-01 -1.487993030546010953e-01 -1.965400280460755100e-01 -1.581188828799999779e-01 -1.463425755599999933e-01 -1.448966897600000581e-01 -1.352301226000000300e-01 -1.224363710800000088e-01
1.340353755271875791e+01 -1.773313834405769729e-01 -1.496728607163803071e-01 -1.978803484419813241e-01 -1.591770583200000089e-01 -1.471660076800000161e-01 -1.457890114400000603e-01 -1.359997484800000156e-01 -1.230059599200000048e-01
1.340353608509438921e+01 -1.785061095917714891e-01 -1.505465299718293792e-01 -1.992205979277819616e-01 -1.602799816400000132e-01 -1.479907368399999978e-01 -1.466621076400000667e-01 -1.367733909999999942e-01 -1.235730802000000045e-01
1.340353602360447560e+01 -1.796808921835317541e-01 -1.514202438530868333e-01 -2.005605244718381974e-01 -1.613777377199999974e-01 -1.488156961200000072e-01 -1.475286140400000612e-01 -1.375383098800000148e-01 -1.241440916000000061e-01
1.333517811851782930e+01 -1.874870865268097042e-01 -1.588011728338663830e-01 -2.090967364255966743e-01 -1.685812049999999840e-01 -1.559381611600000050e-01 -1.546518322000000611e-01 -1.446131610000000178e-01 -1.312750920000000099e-01
1.327095680813860135e+01 -1.877144613935185224e-01 -1.586989004225806965e-01 -2.094292389353369921e-01 -1.687122687999999815e-01 -1.558079969199999970e-01 -1.546126699600000598e-01 -1.444165548400000165e-01 -1.307898316799999960e-01
1.327095679514935789e+01 -1.879417128566779893e-01 -1.585965072332422565e-01 -2.097619081659589102e-01 -1.689248159999999777e-01 -1.556777280799999941e-01 -1.545681103600000661e-01 -1.442187353200000410e-01 -1.303052617200000096e-01
1.327095414881321567e+01 -1.881691087176264043e-01 -1.584942479396927728e-01 -2.100945550990526711e-01 -1.691375305599999990e-01 -1.555480449999999959e-01 -1.545336132800000650e-01 -1.440297022000000260e-01 -1.298234113600000017e-01
1.327095412789353901e+01 -1.883963234171979195e-01 -1.583918232377640734e-01 -2.104272387661072496e-01 -1.692658956799999725e-01 -1.554184874400000027e-01 -1.544955807200000530e-01 -1.438355646000000210e-01 -1.293407032799999967e-01
1.314676051395044176e+01 -1.906764362578478034e-01 -1.602674607376695648e-01 -2.129072795000894192e-01 -1.713889409599999858e-01 -1.571721691999999893e-01 -1.563181938800000670e-01 -1.455113402800000399e-01 -1.307580332800000189e-01
1.314676050222622727e+01 -1.929567539097843676e-01 -1.621432899213606504e-01 -2.153876694180654749e-01 -1.734929281199999729e-01 -1.589160185599999831e-01 -1.581463090000000682e-01 -1.471997098000000226e-01 -1.321739198000000115e-01
1.314675900814979848e+01 -1.952368799124084564e-01 -1.640189537107368811e-01 -2.178677154002351957e-01 -1.756083585199999797e-01 -1.606620854399999909e-01 -1.599702819600000714e-01 -1.488800669600000293e-01 -1.335900573600000418e-01
1.314675898541540100e+01 -1.975169848849306631e-01 -1.658945951572584065e-01 -2.203477062395256814e-01 -1.777278264799999896e-01 -1.624084033599999810e-01 -1.617992548000000697e-01 -1.505557589600000357e-01 -1.350070735600000238e-01
1.288539156840602296e+01 -2.057820194769440780e-01 -1.736146914712767830e-01 -2.294393033967485895e-01 -1.854609044799999940e-01 -1.698740819200000030e-01 -1.691765672800000786e-01 -1.579039508000000536e-01 -1.423659764400000138e-01
1.279837182131102047e+01 -2.087523946205529501e-01 -1.757820049298813303e-01 -2.326966168587069894e-01 -1.882087883200000145e-01 -1.718725695200000181e-01 -1.713641716800000936e-01 -1.597670860000000581e-01 -1.435273711600000279e-01
1.247020560282121160e+01 -2.139994773481895818e-01 -1.807001768322642477e-01 -2.384878673300735441e-01 -1.929322523600000006e-01 -1.766696301200000319e-01 -1.760581803600000661e-01 -1.645190640000000482e-01 -1.482650398800000324e-01
1.247020554786827340e+01 -2.192465167921654745e-01 -1.856182896979842178e-01 -2.442796258157068079e-01 -1.976402565200000017e-01 -1.814739918000000118e-01 -1.807476494000000711e-01 -1.692724645600000299e-01 -1.530035244800000416e-01
1.247020500566865131e+01 -2.244937098131073450e-01 -1.905365535151736234e-01 -2.500712910898444941e-01 -2.023447042800000095e-01 -1.862680608399999993e-01 -1.854540845600000931e-01 -1.740214300800000391e-01 -1.577418417200000533e-01
1.247020495212562530e+01 -2.297408266771683860e-01 -1.954547464264844159e-01 -2.558630351494658450e-01 -2.070281065200000048e-01 -1.910607491600000152e-01 -1.901515032000000716e-01 -1.787475509600000567e-01 -1.624793430800000327e-01
1.245327146297972121e+01 -2.248250531704691357e-01 -1.894818941097869969e-01 -2.511385897107585308e-01 -2.022557106000000271e-01 -1.851726059600000140e-01 -1.848259406400001026e-01 -1.726702909600000557e-01 -1.551977605200000332e-01
1.243658479150253271e+01 -2.268911628264607960e-01 -1.910451995117837809e-01 -2.535349308211755637e-01 -2.041157914800000028e-01 -1.866621727200000191e-01 -1.864213207600000921e-01 -1.740607387600000555e-01 -1.562202046000000510e-01
1.243658477082599667e+01 -2.289573052893771332e-01 -1.926085521609500473e-01 -2.559314018659724077e-01 -2.059717720400000007e-01 -1.881717599200000146e-01 -1.880011573200000841e-01 -1.754467933600000473e-01 -1.572431716800000434e-01
1.243658417153169893e+01 -2.310234792842768281e-01 -1.941718995851021146e-01 -2.583277784216042594e-01 -2.078193218400000153e-01 -1.896806776800000205e-01 -1.895728560000000673e-01 -1.768375968000000520e-01 -1.582660760000000333e-01
1.243658415588797084e+01 -2.330895298600871857e-01 -1.957351564089175600e-01 -2.607238687813308031e-01 -2.096649470000000182e-01 -1.911597426000000155e-01 -1.911663951600000855e-01 -1.782344670400000386e-01 -1.592916580800000370e-01
1.239470067123630059e+01 -2.353868279442386524e-01 -1.975195683190688889e-01 -2.632325353454639805e-01 -2.117363198799999957e-01 -1.928289703200000149e-01 -1.929464361200000644e-01 -1.798219603200000294e-01 -1.604642031600000407e-01
1.239470065876530747e+01 -2.376842769524732391e-01 -1.993041403425550029e-01 -2.657412977320331438e-01 -2.138031740400000158e-01 -1.944823825199999967e-01 -1.947321673200000658e-01 -1.814106042000000196e-01 -1.616364135200000218e-01
1.239469795658685847e+01 -2.399812034806044492e-01 -2.010882345194341392e-01 -2.682501691011860423e-01 -2.158671830799999969e-01 -1.961531374000000105e-01 -1.965175847200000825e-01 -1.829852735200000469e-01 -1.628091678000000153e-01
1.239469793254188623e+01 -2.422782914966098433e-01 -2.028724626164415679e-01 -2.707592622809029681e-01 -2.179071968799999870e-01 -1.978184112399999917e-01 -1.982934416800000710e-01 -1.845604449200000385e-01 -1.639820894400000340e-01
1.238280988425524498e+01 -2.465145987370777614e-01 -2.058761658699044816e-01 -2.753858422049884069e-01 -2.213566956799999652e-01 -2.005558350799999667e-01 -2.013956684800000674e-01 -1.870657404400000445e-01 -1.653701314400000122e-01
1.230733737373375369e+01 -2.558229072731499354e-01 -2.143621546784820753e-01 -2.854417198919718124e-01 -2.297123947199999905e-01 -2.086456827599999786e-01 -2.094339692800000485e-01 -1.950060938000000577e-01 -1.730746327200000378e-01
1.228812608830893538e+01 -2.589200927689390697e-01 -2.170102694032688406e-01 -2.889479110311687915e-01 -2.326152329999999768e-01 -2.112141985199999794e-01 -2.120351830000000437e-01 -1.975017661200000607e-01 -1.752845796800000244e-01
1.228812604120355978e+01 -2.620171942524268105e-01 -2.196583289962529828e-01 -2.924538619761699598e-01 -2.355127785199999657e-01 -2.137852665199999613e-01 -2.146529653600000309e-01 -1.999874386800000736e-01 -1.774941500799999961e-01
1.228812556151436119e+01 -2.651144283521804090e-01 -2.223065093907547474e-01 -2.959597813888324991e-01 -2.384160142799999493e-01 -2.163701207999999543e-01 -2.172639696400000264e-01 -2.024821696000000670e-01 -1.797036158800000283e-01
1.228812549837883417e+01 -2.682116729256868726e-01 -2.249546621892589138e-01 -2.994662154128878706e-01 -2.412076209199999766e-01 -2.189408122399999768e-01 -2.198553718800000389e-01 -2.049891387200000470e-01 -1.819136046800000073e-01
1.212964377800153670e+01 -2.723902191920821725e-01 -2.285202723531496449e-01 -3.040893979834300431e-01 -2.449710661599999728e-01 -2.223362328399999810e-01 -2.233004147200000344e-01 -2.082836203200000569e-01 -1.848466305200000270e-01
1.212964376486561946e+01 -2.765688639330903809e-01 -2.320859875554129037e-01 -3.087122799288485875e-01 -2.487473562799999705e-01 -2.257414021599999654e-01 -2.267416919600000191e-01 -2.115714284400000422e-01 -1.877715812400000128e-01
1.212964326833589901e+01 -2.807474863307246049e-01 -2.356516646612954735e-01 -3.133354283712692645e-01 -2.525223702799999637e-01 -2.291468225199999598e-01 -2.301913162800000301e-01 -2.148580859600000559e-01 -1.906970968000000211e-01
1.212964324413883510e+01 -2.849260155362199898e-01 -2.392172498877874476e-01 -3.179586306257030093e-01 -2.563183670399999392e-01 -2.325427033599999638e-01 -2.336558774800000238e-01 -2.181502036000000366e-01 -1.936297042400000334e-01
1.208105834063100481e+01 -2.899787062671235205e-01 -2.437512337111947536e-01 -3.234709059398511721e-01 -2.608237400799999217e-01 -2.368641477599999767e-01 -2.379741002000000105e-01 -2.223919846400000400e-01 -1.976894603600000133e-01
1.208105829508895290e+01 -2.950314587131510069e-01 -2.482852674349777522e-01 -3.289827585638987473e-01 -2.653198455599999339e-01 -2.411852155999999747e-01 -2.422874485600000072e-01 -2.266456064000000326e-01 -2.017514340000000350e-01
1.208105659754814276e+01 -3.000840943199627464e-01 -2.528191935087921172e-01 -3.344948382553697419e-01 -2.698280637199999554e-01 -2.455008651599999980e-01 -2.466052528800000143e-01 -2.308882242400000506e-01 -2.058133658000000366e-01
1.208105653122263590e+01 -3.051368388612351601e-01 -2.573532298298154553e-01 -3.400072999893755665e-01 -2.743345873599999929e-01 -2.498286064799999928e-01 -2.509219066000000220e-01 -2.351372226800000353e-01 -2.098731219200000164e-01
1.195435276095829913e+01 -3.187961968593658879e-01 -2.701082684844513526e-01 -3.548764910462443578e-01 -2.865469302399999973e-01 -2.621510722400000049e-01 -2.630005288400000252e-01 -2.472714502800000269e-01 -2.219583967200000341e-01
1.191380797720990081e+01 -3.209057178394510434e-01 -2.705957529390355942e-01 -3.571374167672709543e-01 -2.880594462400000166e-01 -2.624194758400000271e-01 -2.637867861200000053e-01 -2.471995691600000211e-01 -2.201807824800000313e-01
1.189273005503309122e+01 -3.226880975678509955e-01 -2.716876655499378956e-01 -3.591647779790617112e-01 -2.895538036799999992e-01 -2.633621728800000228e-01 -2.649252525200000430e-01 -2.480362227200000325e-01 -2.204440397600000434e-01
1.189273001033688359e+01 -3.244704878199667908e-01 -2.727795716188055608e-01 -3.611918530099587632e-01 -2.910323037599999996e-01 -2.643061251200000128e-01 -2.660689907600000126e-01 -2.488748846000000403e-01 -2.207065439200000256e-01
1.189272831707589972e+01 -3.262529673524975915e-01 -2.738715892848409550e-01 -3.632190553913309250e-01 -2.925199458799999652e-01 -2.652505794400000227e-01 -2.671985870800000495e-01 -2.497228768000000487e-01 -2.209691945200000507e-01
1.189272824798097439e+01 -3.280354114150415556e-01 -2.749635649171344176e-01 -3.652460779090173082e-01 -2.940117929200000146e-01 -2.661929836000000438e-01 -2.683367187600000370e-01 -2.505591747200000552e-01 -2.212324936400000552e-01
1.189115165691773512e+01 -3.309317160172971506e-01 -2.759852283878919676e-01 -3.685511964921647232e-01 -2.961304450000000199e-01 -2.669727975200000269e-01 -2.696572728400000174e-01 -2.509565710400000205e-01 -2.197731144400000280e-01
1.185455302415581436e+01 -3.264918379667026693e-01 -2.701175981862979913e-01 -3.644209778060472638e-01 -2.912330730000000090e-01 -2.610846543199999981e-01 -2.643628392400000360e-01 -2.448507761600000332e-01 -2.121727529200000406e-01
1.180108984687127283e+01 -3.299752542336673589e-01 -2.722031457432598778e-01 -3.682397571061585828e-01 -2.940410809200000308e-01 -2.629447770400000217e-01 -2.666463409200000578e-01 -2.464280186400000239e-01 -2.124396084400000384e-01
1.151198530091339656e+01 -3.360002909734952636e-01 -2.768752964645885828e-01 -3.753361816583115074e-01 -2.992058523600000242e-01 -2.673625789599999858e-01 -2.712709161200000385e-01 -2.506430639200000199e-01 -2.157957622000000464e-01
1.143170590071704851e+01 -3.402032254948064161e-01 -2.786971912909017579e-01 -3.800077653442323622e-01 -3.024100850800000573e-01 -2.688122094400000051e-01 -2.733857607600000406e-01 -2.516239608800000527e-01 -2.144559198800000677e-01
1.131644354548893006e+01 -3.473570067476834389e-01 -2.842570052387830559e-01 -3.877904798690381405e-01 -3.086062543599999985e-01 -2.740083190400000035e-01 -2.789326150800000570e-01 -2.563056476800000816e-01 -2.180761677200000470e-01
1.129424631152964942e+01 -3.659842597497427463e-01 -3.012809861638382491e-01 -4.082170483778435055e-01 -3.254611636400000507e-01 -2.904918983200000526e-01 -2.953088329200000417e-01 -2.725081876800000691e-01 -2.336778853200000561e-01
1.122718948044150267e+01 -3.754713386312500401e-01 -3.092167594898489469e-01 -4.187199383888189352e-01 -3.336718870800000070e-01 -2.980323449600000285e-01 -3.030122463600000149e-01 -2.797740802400000559e-01 -2.399543874000000521e-01
1.122718636370767875e+01 -3.849587404480980801e-01 -3.171528688786924288e-01 -4.292232301639686831e-01 -3.418518999600000385e-01 -3.055614948000000552e-01 -3.107242370000000142e-01 -2.870346172800000706e-01 -2.462370818000000627e-01
1.088405775851300028e+01 -3.923840627272755510e-01 -3.236531749978723282e-01 -4.373370333712242042e-01 -3.485273882800000167e-01 -3.118191270400000326e-01 -3.170443363600000120e-01 -2.931285923600000509e-01 -2.517860490400000706e-01
1.088405774490019517e+01 -3.998091880692784539e-01 -3.301532723651249279e-01 -4.454505989633061880e-01 -3.552084204000000578e-01 -3.180773450400000701e-01 -3.233565907200000589e-01 -2.992042624400000905e-01 -2.573308950400000628e-01
1.088405462313503058e+01 -4.072342412018592483e-01 -3.366533040867104587e-01 -4.535649233009614867e-01 -3.618946197600000358e-01 -3.243116933200000385e-01 -3.296607072000000693e-01 -3.052684056000000701e-01 -2.628753226400000753e-01
1.088405459527898067e+01 -4.146595831408803612e-01 -3.431536298657340556e-01 -4.616792581697519715e-01 -3.685698988800000242e-01 -3.305454558400000575e-01 -3.359713088800000969e-01 -3.113425903600000044e-01 -2.684238296400000556e-01
1.062161566832917181e+01 -4.341344000827963567e-01 -3.606540445526486560e-01 -4.835818932956236771e-01 -3.860378059999999834e-01 -3.474977268000000175e-01 -3.527590649600000905e-01 -3.279913958000000296e-01 -2.843838231600000488e-01
1.059776790011949466e+01 -4.372470038366089717e-01 -3.611505580984574748e-01 -4.870658582928570346e-01 -3.883466627200000132e-01 -3.476644173600000332e-01 -3.537935589600000874e-01 -3.276321575600000258e-01 -2.813623057200000388e-01
1.055227105686509148e+01 -4.419596949610736236e-01 -3.644490682814242044e-01 -4.924757574990711317e-01 -3.922620917599999868e-01 -3.507475860400000034e-01 -3.571657792800000952e-01 -3.304401864000000577e-01 -2.830782268800000612e-01
1.055227099737295937e+01 -4.466724175658733920e-01 -3.677476151957282946e-01 -4.978855910622416170e-01 -3.961760563999999762e-01 -3.538307547200000291e-01 -3.605365979600000381e-01 -3.332384874400000641e-01 -2.847943572400000734e-01
1.055227037874612428e+01 -4.513852097784053496e-01 -3.710462185902634880e-01 -5.032946776412763334e-01 -4.000981379999999921e-01 -3.569142162800000295e-01 -3.638778148400000356e-01 -3.360399683200000487e-01 -2.865105294400000502e-01
1.055227031009794025e+01 -4.560980610558792447e-01 -3.743448744859854682e-01 -5.087048420090355405e-01 -4.040207425999999824e-01 -3.599976569200000198e-01 -3.672531940800000672e-01 -3.388469302400000660e-01 -2.882265761200000775e-01
1.050682554105229904e+01 -4.842113216408983623e-01 -4.004223512515127648e-01 -5.399423924738975256e-01 -4.297089963599999840e-01 -3.854093901200000283e-01 -3.922645603200000664e-01 -3.639164122400000423e-01 -3.129135986800000713e-01
1.047983684329018317e+01 -4.843465847627143606e-01 -3.989457949810752413e-01 -5.404754241278643123e-01 -4.292737976000000066e-01 -3.838191981600000413e-01 -3.912195854000000694e-01 -3.620018766000000499e-01 -3.094307115600000713e-01
1.047983678588932044e+01 -4.844817862058243829e-01 -3.974692124761855516e-01 -5.410087865650683447e-01 -4.288069468799999839e-01 -3.822309308399999828e-01 -3.901506152400000538e-01 -3.600886589200000820e-01 -3.059478244400001268e-01
1.047983618696665253e+01 -4.846170112802253849e-01 -3.959926181583375282e-01 -5.415421844540456719e-01 -4.283420626400000208e-01 -3.805584605199999748e-01 -3.890325249200001223e-01 -3.581873447200001337e-01 -3.024648745600000965e-01
1.047983611524712799e+01 -4.847522232230170869e-01 -3.945160382766306761e-01 -5.420753814883357835e-01 -4.279044790000000043e-01 -3.789761763200000244e-01 -3.879555842400000953e-01 -3.562863024800000944e-01 -2.989818619200001470e-01
1.027246457253201051e+01 -4.898561309020590393e-01 -3.980386571901728954e-01 -5.479881768359923244e-01 -4.320614503599999878e-01 -3.822529386800000428e-01 -3.915380296400001181e-01 -3.592623607600001212e-01 -3.007805426000001447e-01
1.027246455549337156e+01 -4.949603247626322977e-01 -4.015615596597498782e-01 -5.539016652903321347e-01 -4.362253880799999983e-01 -3.855288014800000718e-01 -3.950981743200001617e-01 -3.622268084400001587e-01 -3.025609392000001008e-01
1.027246247983005034e+01 -5.000644529773244917e-01 -4.050844227384433061e-01 -5.598145748670110278e-01 -4.404484875599999349e-01 -3.888068399600000391e-01 -3.987043639200001377e-01 -3.651939966400001847e-01 -3.043416914400001727e-01
1.027246245306598738e+01 -5.051684892797924098e-01 -4.086071597734070582e-01 -5.657277010502270720e-01 -4.446205213199999062e-01 -3.920906105199999936e-01 -4.022663704800001905e-01 -3.681762472400001429e-01 -3.061400583200001302e-01
9.903259070833584587e+00 -5.360888609786225167e-01 -4.347546192692322009e-01 -5.991378501694378800e-01 -4.720032532399999203e-01 -4.170784208399999637e-01 -4.276383556800001928e-01 -3.922369668400001452e-01 -3.268452099200001570e-01
9.807804915024080472e+00 -5.747807441840121490e-01 -4.700872959976292176e-01 -6.412665234313350560e-01 -5.064550623599999302e-01 -4.508480287599999636e-01 -4.611414428000001342e-01 -4.254285133200001456e-01 -3.592579884800001788e-01
9.573572643884125100e+00 -5.903594700698930886e-01 -4.826809649095095134e-01 -6.578425743667006831e-01 -5.199830849599998972e-01 -4.627031207999999785e-01 -4.734670256400001498e-01 -4.367266522000001761e-01 -3.682231917200001758e-01
9.573572628954876151e+00 -6.059383298402721829e-01 -4.952747677058835230e-01 -6.744198776627841063e-01 -5.335380315999997958e-01 -4.745599701199999521e-01 -4.857967506400001634e-01 -4.480158791600001855e-01 -3.771904451200001618e-01
9.573570545117206620e+00 -6.215168666883866821e-01 -5.078682593947502211e-01 -6.909958025558774475e-01 -5.470826228399998659e-01 -4.864170495599999255e-01 -4.981376887600001968e-01 -4.593193944800001427e-01 -3.861552299600001792e-01
9.573570512557703083e+00 -6.370949558942313740e-01 -5.204613191943402439e-01 -7.075712509338858425e-01 -5.606131558399998216e-01 -4.982723717199998847e-01 -5.104818904000001378e-01 -4.706204412400001313e-01 -3.951208934400002315e-01
9.387373487374096825e+00 -6.108545299966001707e-01 -4.879108033537159494e-01 -6.825303162414625424e-01 -5.336233433599998355e-01 -4.660462413999998943e-01 -4.811924678400001931e-01 -4.374076400400001563e-01 -3.551325644800001902e-01
9.361506889970096168e+00 -6.700595313543683540e-01 -5.419358271119854020e-01 -7.480655293810571926e-01 -5.873864463199998109e-01 -5.184926395599999127e-01 -5.330951133600002612e-01 -4.890775296400001193e-01 -4.048183594400002194e-01
9.295490539077503556e+00 -6.835680334246364565e-01 -5.472658257937693671e-01 -7.612339031609172135e-01 -5.969953788799997607e-01 -5.224156834799997817e-01 -5.393334573600002679e-01 -4.912973090000001264e-01 -3.985972535200002498e-01
9.153763844015145423e+00 -7.040352552219222293e-01 -5.598579574845564677e-01 -7.822469349125833471e-01 -6.133766175199998338e-01 -5.335494329999999064e-01 -5.525296678400002381e-01 -5.007850729200001849e-01 -4.005139857600002462e-01
9.035177165497886520e+00 -7.652965718250182015e-01 -6.152906010756417077e-01 -8.483214940205401344e-01 -6.681366421599999050e-01 -5.864259881999999147e-01 -6.051838852800002222e-01 -5.527319433200001964e-01 -4.502942972800002552e-01
8.971985427673123681e+00 -8.305194187716028464e-01 -6.716267238852221544e-01 -9.198217669999411150e-01 -7.264885889599999036e-01 -6.406092065999998697e-01 -6.597946666400001936e-01 -6.052296373200002355e-01 -4.971045127200002245e-01
8.293258355384793390e+00 -9.271519019438499987e-01 -7.576753492184739036e-01 -1.023485906272741275e+00 -8.121910927199997854e-01 -7.225761514799998730e-01 -7.419456238400001791e-01 -6.853750359600002673e-01 -5.723524556800002605e-01
8.275279500486860229e+00 -9.640183484991092788e-01 -7.828287340142238149e-01 -1.067214162750252271e+00 -8.404529667199998055e-01 -7.450071193999998620e-01 -7.670060265600001648e-01 -7.063928997200001891e-01 -5.858288686400002776e-01
8.232859518875283555e+00 -1.008852864650317871e+00 -8.208772056441878684e-01 -1.116933144659707278e+00 -8.794148977199998107e-01 -7.813709955999997847e-01 -8.040290292000001893e-01 -7.417525740800001710e-01 -6.172938456800003415e-01
8.232859489005400988e+00 -1.053688079209070150e+00 -8.589263664924440267e-01 -1.166651204998604197e+00 -9.183781466799998405e-01 -8.177313363199998353e-01 -8.410350657200003077e-01 -7.771131898400002180e-01 -6.487595130800003496e-01
8.232858625612328396e+00 -1.098522865805768856e+00 -8.969750901893902562e-01 -1.216368342503994171e+00 -9.573238437599999040e-01 -8.540944593999998391e-01 -8.780400144000002349e-01 -8.124574461600002628e-01 -6.802249294400003476e-01
8.232858600601465682e+00 -1.143357028829400601e+00 -9.350231837495237563e-01 -1.266085192515842506e+00 -9.962687667999998720e-01 -8.904678332799997875e-01 -9.150277459200003571e-01 -8.478012631600002624e-01 -7.116898018800003056e-01
8.165893982210707946e+00 -1.233380088766117044e+00 -1.004051855641736379e+00 -1.359670462643886246e+00 -1.072958055919999820e+00 -9.549437753599998580e-01 -9.838175175200002398e-01 -9.084721919600002860e-01 -7.542280278000002003e-01
7.947854012254150113e+00 -1.331170540881957853e+00 -1.087965539942078230e+00 -1.472033681624497881e+00 -1.157632592719999964e+00 -1.035559664799999835e+00 -1.065257822320000214e+00 -9.874258200400003460e-01 -8.272369868400002435e-01
7.937059665509640816e+00 -1.400854227810427899e+00 -1.147860745878052757e+00 -1.547242279111692875e+00 -1.218718239600000031e+00 -1.092744170999999653e+00 -1.123305487720000384e+00 -1.042985135120000351e+00 -8.766641896800002609e-01
7.937059651198264731e+00 -1.470538632835457271e+00 -1.207756702729330112e+00 -1.622455669417587121e+00 -1.279801041360000058e+00 -1.149930790119999768e+00 -1.181351249400000247e+00 -1.098531542560000185e+00 -9.260949907600002362e-01
7.937058818163156282e+00 -1.540222821243223628e+00 -1.267652505975348731e+00 -1.697667387303861908e+00 -1.340906624999999908e+00 -1.207117911319999681e+00 -1.239393580200000233e+00 -1.154070669840000063e+00 -9.755247040000002423e-01
7.937058775086712537e+00 -1.609906060532999561e+00 -1.327547319408120652e+00 -1.772878241398320620e+00 -1.402021643560000141e+00 -1.264304530439999574e+00 -1.297421748160000332e+00 -1.209628520519999917e+00 -1.024951655800000250e+00
7.918115177639053037e+00 -1.709240865908247198e+00 -1.410363970067358474e+00 -1.877852628608686070e+00 -1.488443837159999950e+00 -1.342645955639999666e+00 -1.378148764640000135e+00 -1.284944830039999930e+00 -1.088590923400000188e+00
7.646692981710969228e+00 -1.776086386020521379e+00 -1.467730857569636616e+00 -1.950379167574177508e+00 -1.545835012040000178e+00 -1.396632965359999590e+00 -1.433227902960000133e+00 -1.337735947959999949e+00 -1.136463749320000272e+00
7.646692969912289861e+00 -1.842931559592279500e+00 -1.525097397218641238e+00 -2.022908108886432021e+00 -1.603216333600000043e+00 -1.450618615279999579e+00 -1.488310911480000165e+00 -1.390541333319999850e+00 -1.184335592000000270e+00
7.646690203091245586e+00 -1.909777342246564036e+00 -1.582464527571673552e+00 -2.095438719992062993e+00 -1.660632905360000189e+00 -1.504604348879999387e+00 -1.543395300719999863e+00 -1.443359689080000008e+00 -1.232208145960000500e+00
7.646690156232920366e+00 -1.976623383511832976e+00 -1.639831909971939616e+00 -2.167967497204505545e+00 -1.718042385240000192e+00 -1.558589601319999352e+00 -1.598484355120000089e+00 -1.496192458719999951e+00 -1.280080992800000317e+00
7.324546707932479528e+00 -2.073134592214070260e+00 -1.721917331240930604e+00 -2.270115191039228986e+00 -1.801721653039999982e+00 -1.636175563479999262e+00 -1.678151501640000154e+00 -1.571658450839999999e+00 -1.346137106160000485e+00
7.324546685996957684e+00 -2.169645197080976029e+00 -1.804002119794086534e+00 -2.372263094880958434e+00 -1.885398263999999990e+00 -1.713763429359999479e+00 -1.757815719359999918e+00 -1.647121263120000068e+00 -1.412192550080000331e+00
7.324543907536210874e+00 -2.266155535454555281e+00 -1.886086725869920100e+00 -2.474408361426928771e+00 -1.969082196960000086e+00 -1.791352550439999414e+00 -1.837483200599999922e+00 -1.722590372320000007e+00 -1.478238015160000529e+00
7.324543867648096729e+00 -2.362666629938391605e+00 -1.968172099870754366e+00 -2.576556975479045164e+00 -2.052766297280000263e+00 -1.868939161119999470e+00 -1.917198588640000034e+00 -1.798056929280000160e+00 -1.544284086920000520e+00
6.810811507043177393e+00 -2.796895071373730612e+00 -2.359286313136094826e+00 -3.047865980886534931e+00 -2.430391711039999958e+00 -2.241309554559999473e+00 -2.292252892560000088e+00 -2.167571366159999791e+00 -1.903398898920000359e+00
6.602802553139405894e+00 -3.245200369990294487e+00 -2.756802314568154610e+00 -3.539951891109660131e+00 -2.814832191360000291e+00 -2.618098084639999268e+00 -2.672062647200000196e+00 -2.540381790880000157e+00 -2.265017918600000346e+00
6.064820747978854065e+00 -3.941805722694343039e+00 -3.230339227387196921e+00 -4.152325002384779751e+00 -3.456246880720000192e+00 -3.112307101999999492e+00 -3.252610094480000047e+00 -3.001856363759999535e+00 -2.492988514120000332e+00
4.879876784204481233e+00 -5.438070672938517092e+00 -4.402314376783871275e+00 -5.811160058056845656e+00 -4.839240926559999600e+00 -4.382016502719999984e+00 -4.629401025599999997e+00 -4.271518799079999873e+00 -3.633037700400000070e+00
4.879876783261088313e+00 -6.934328887450973866e+00 -5.574284457641329737e+00 -7.469984686574488109e+00 -6.222222713279999873e+00 -5.651716363920000319e+00 -6.006183379520000365e+00 -5.541191589800000372e+00 -4.773078330400000624e+00
4.879875284071528263e+00 -8.430598845872527392e+00 -6.746262417671883505e+00 -9.128826694533644925e+00 -7.605245105719999010e+00 -6.921440785199999723e+00 -7.382977302200000480e+00 -6.810883773360000504e+00 -5.913131909880000592e+00
4.879875191366439324e+00 -9.926862199837607648e+00 -7.918235370862708677e+00 -1.078765818477608107e+01 -8.988264653039999885e+00 -8.191151692160000053e+00 -8.759769132880000697e+00 -8.080576207960000090e+00 -7.053177079520001058e+00
4.854291847385022507e+00 -1.281905930576961694e+01 -1.009330563584422968e+01 -1.404042309529825516e+01 -1.175264864096000039e+01 -1.064411742208000078e+01 -1.141014510391999970e+01 -1.047236918012000118e+01 -8.981222144240001981e+00
4.689720404504575946e+00 -1.420619489955854142e+01 -1.106419725972890511e+01 -1.550325265879771663e+01 -1.309224466979999946e+01 -1.176350854768000076e+01 -1.266891418143999815e+01 -1.155178584672000142e+01 -9.729120072920000695e+00
4.689720349898125917e+00 -1.559333423996260670e+01 -1.203509218914472001e+01 -1.696608709655879110e+01 -1.443184703739999897e+01 -1.288290105400000130e+01 -1.392771880203999935e+01 -1.263124979252000202e+01 -1.047702187180000166e+01
4.689718793492954951e+00 -1.698047357511089217e+01 -1.300598821732750565e+01 -1.842892184939264766e+01 -1.577145421659999869e+01 -1.400230115428000133e+01 -1.518649333967999837e+01 -1.371067365560000262e+01 -1.122492440288000282e+01
4.689718751012224907e+00 -1.836760918859676650e+01 -1.397688095049163337e+01 -1.989175179626587564e+01 -1.711106283927999883e+01 -1.512169774000000011e+01 -1.644526095279999822e+01 -1.479009657728000349e+01 -1.197282344032000267e+01
4.381653042614120253e+00 -2.263888547718240218e+01 -1.721908675110476850e+01 -2.437023490259184300e+01 -2.114448795943999926e+01 -1.867352989984000189e+01 -2.031010543280000036e+01 -1.825594414808000465e+01 -1.473667555816000174e+01
