1.856076474560413914e+01 -6.212142857226869708e-04 -5.960176539278409227e-04 -6.764424142984648645e-04 -5.945364066415200453e-04 -7.490264766193039953e-04 -6.050716918371423650e-04 -6.217092453669436887e-04 -6.227774498402161062e-04
1.855807330425707136e+01 -1.853069967490836301e-03 -1.857380503757983950e-03 -1.963143169486173019e-03 -1.718707087320240105e-03 -2.008988913431047994e-03 -1.840075522036348655e-03 -1.880619861225172381e-03 -1.996248202755191922e-03
1.854260717401356828e+01 -2.312860683005043064e-03 -2.340287002641769538e-03 -2.441902427613773085e-03 -2.288409048663839814e-03 -2.532792473454767868e-03 -2.291155010086380964e-03 -2.372413893444114564e-03 -2.540622940565072201e-03
1.849526349966685856e+01 -9.170530193480241898e-04 -8.403564562951403461e-04 -1.004729881991163042e-03 -9.500692448201600217e-04 -1.075255592192031744e-03 -8.812042892036989813e-04 -8.944336770437416335e-04 -9.316213053721280734e-04
1.844813003649889538e+01 -6.778804329071429213e-04 -6.067499611585472439e-04 -6.869988858736045863e-04 -7.594037025766401695e-04 -8.559386042273276667e-04 -7.597480107783165845e-04 -6.915002392806298727e-04 -6.911845357253121628e-04
1.842241701629804851e+01 -1.015706166773480343e-03 -9.673550474731651937e-04 -1.034453308353673606e-03 -9.866670591712001573e-04 -1.221928339794239784e-03 -1.121256791350143779e-03 -1.110209832697741077e-03 -1.090229375456960078e-03
1.841661494496884544e+01 -2.327093546322950984e-03 -2.307386284983456784e-03 -2.419852149605467451e-03 -2.220568933685759805e-03 -2.566096380945152074e-03 -2.368248611032371283e-03 -2.473898854516131882e-03 -2.511411415524608063e-03
1.834264029820620223e+01 -2.567882097999373871e-03 -2.556668321341402060e-03 -2.660659614403416279e-03 -2.472427092773319974e-03 -2.825802979973163903e-03 -2.621163943997358286e-03 -2.712014210983054816e-03 -2.769089172363156486e-03
1.834264026944032722e+01 -2.808648343821997309e-03 -2.805931624141846936e-03 -2.902108974099627814e-03 -2.725163680589799860e-03 -3.079212247770459973e-03 -2.879099703459175874e-03 -2.973433945672983216e-03 -3.022038273514339977e-03
1.834263770786453662e+01 -3.049317441156674732e-03 -3.055117835659091393e-03 -3.143181059494854455e-03 -2.981896199677359655e-03 -3.341575686798471667e-03 -3.120948356424163312e-03 -3.206905062139906414e-03 -3.274653390352888233e-03
1.834263766282625596e+01 -3.290211004985246074e-03 -3.304494382169227522e-03 -3.384083015425332856e-03 -3.244716438764920149e-03 -3.603186005826483802e-03 -3.359930969389150236e-03 -3.433849138606829676e-03 -3.532121947191436441e-03
1.818887043857969843e+01 -3.788625434880401113e-03 -3.800364344701979286e-03 -3.908734359794833330e-03 -3.748973765001559991e-03 -4.082577650535811412e-03 -3.857512139686666754e-03 -3.928806293402899164e-03 -4.048074802594748070e-03
1.818887037728975997e+01 -4.287116037633669288e-03 -4.296307854587161530e-03 -4.433888800685324011e-03 -4.293104611238199655e-03 -4.562764255245139663e-03 -4.328524909984183752e-03 -4.429913928198968807e-03 -4.563525577998060571e-03
1.814350462287082522e+01 -4.196599271215366647e-03 -4.222453767320419153e-03 -4.290147468587817217e-03 -4.257424465908599999e-03 -4.512788950999219693e-03 -4.257735327267831230e-03 -4.358329813164402329e-03 -4.498641319274380643e-03
1.810682591856471646e+01 -4.086270505944571314e-03 -4.093491924626847626e-03 -4.165194929143093729e-03 -4.154578298857439581e-03 -4.406253423873488125e-03 -4.145989036298412291e-03 -4.235974456346457140e-03 -4.337590175579952162e-03
1.810682590577214413e+01 -3.975885303045703298e-03 -3.964501578013333860e-03 -4.040261547508079525e-03 -4.057338903077360032e-03 -4.271748267978471569e-03 -4.037443878832163227e-03 -4.083494801305506336e-03 -4.176832647572887788e-03
1.810682470190632287e+01 -3.865421329510935859e-03 -3.835436399017889703e-03 -3.915162745251309258e-03 -3.972107587297280147e-03 -4.158435072083456648e-03 -3.925363241365913657e-03 -3.954947626264555295e-03 -4.015698559565824069e-03
1.810682468979288018e+01 -3.755034815070727901e-03 -3.706434238863077525e-03 -3.789965481708207351e-03 -3.894156431517199757e-03 -4.054012876188440445e-03 -3.818345243899664253e-03 -3.826191251223604907e-03 -3.854250671558760027e-03
1.808257186051416099e+01 -4.543099615988075747e-03 -4.487969265205898547e-03 -4.651389904291951781e-03 -4.692348685321999502e-03 -4.870846892789400424e-03 -4.551049001114639350e-03 -4.585404395548648045e-03 -4.660940481082600541e-03
1.806830345700501539e+01 -4.484280575759578245e-03 -4.452682748643798337e-03 -4.569857791137704912e-03 -4.689957000589920280e-03 -4.826359940003984057e-03 -4.525391074558149720e-03 -4.567608955490129637e-03 -4.657364139213936161e-03
1.806730941742937446e+01 -4.509403983607238563e-03 -4.464092454318870085e-03 -4.586720190546562763e-03 -4.783754635041200486e-03 -4.852003487343240114e-03 -4.557048861114543561e-03 -4.630122575546820676e-03 -4.656799203027960424e-03
1.806730935067532684e+01 -4.534887106602217104e-03 -4.475775965560364715e-03 -4.603293865819737575e-03 -4.861611652034640747e-03 -4.913295537143928110e-03 -4.610045794677276355e-03 -4.652972879157502017e-03 -4.656110218216712691e-03
1.799890363563755358e+01 -4.692854245003669038e-03 -4.646270618594262707e-03 -4.740612627236742531e-03 -5.067103525906279347e-03 -5.085564145817756190e-03 -4.791322798820993496e-03 -4.829746264992912375e-03 -4.835281124415524191e-03
1.799890362628945084e+01 -4.850965810461358232e-03 -4.816867690680011298e-03 -4.878192081873240771e-03 -5.250336519777919903e-03 -5.257456194491584925e-03 -4.963185802964710513e-03 -5.002440250828322013e-03 -5.012255430614336038e-03
1.799890102180382101e+01 -5.009028784648014536e-03 -4.987408294995897100e-03 -5.015509519638446448e-03 -5.440263913649559524e-03 -5.446105163165412301e-03 -5.164838887108426368e-03 -5.192225876663732025e-03 -5.189773656813148096e-03
1.799890100605031407e+01 -5.167110144315532547e-03 -5.157966338002029083e-03 -5.152885486931525760e-03 -5.635944518792280339e-03 -5.611261383069956164e-03 -5.363961024755313674e-03 -5.338791284276136334e-03 -5.369363698699324353e-03
1.797478024579153910e+01 -4.747150879193964487e-03 -4.670944477980320045e-03 -4.750662310698765441e-03 -5.114347935234999677e-03 -5.199351102484499679e-03 -4.901369426758199997e-03 -4.833868614797741207e-03 -4.799025729875500482e-03
1.793873743035624813e+01 -5.784375677844490193e-03 -5.736172839986908474e-03 -5.802154480002277848e-03 -6.135441636766199823e-03 -6.244165264250739651e-03 -5.924518320871543890e-03 -5.902855871421721495e-03 -5.927067354720460743e-03
1.792184485956828510e+01 -6.060026898330550180e-03 -5.987553603776141556e-03 -6.080825258078841056e-03 -6.397253399785801133e-03 -6.509453487159659948e-03 -6.172847378730696513e-03 -6.113007425674248617e-03 -6.153422162221139705e-03
1.792184374946377901e+01 -6.197832838678078715e-03 -6.113250570772874037e-03 -6.220249953971062479e-03 -6.545543801295601073e-03 -6.641909318614120858e-03 -6.299836107660272688e-03 -6.254484002800510950e-03 -6.266808765971480268e-03
1.792184368177032638e+01 -6.335436612642267491e-03 -6.238765062633341504e-03 -6.359998901340853904e-03 -6.693018322805400697e-03 -6.761373830068580920e-03 -6.434627996589848027e-03 -6.383073859926775145e-03 -6.380739289721820175e-03
1.790752430110886095e+01 -6.112702345390962598e-03 -6.039651575138935656e-03 -6.107787747832162453e-03 -6.512026802145480867e-03 -6.596166223175596588e-03 -6.267368542563298700e-03 -6.197870841554765399e-03 -6.192826983076884888e-03
1.790675601093959912e+01 -7.488186051029742905e-03 -7.447488565518802298e-03 -7.545510481085307072e-03 -7.871481195670359740e-03 -8.020569515709572231e-03 -7.612084857837323609e-03 -7.577787998203718359e-03 -7.686536258009788770e-03
1.787977152299502137e+01 -7.750913269455383253e-03 -7.718470263580768168e-03 -7.799220908385570694e-03 -8.135463156122801215e-03 -8.297524066839560494e-03 -7.886125307337135681e-03 -7.850050508650155759e-03 -7.956598834053240157e-03
1.787977149319897308e+01 -8.013729757843379015e-03 -7.989551367651932454e-03 -8.052581602946837919e-03 -8.405323425304160948e-03 -8.577302406738832041e-03 -8.136463023333779382e-03 -8.122793677319599392e-03 -8.231953434409328141e-03
1.787976965387275285e+01 -8.276203630264711286e-03 -8.260317423502333556e-03 -8.305734069403642936e-03 -8.673049854485520918e-03 -8.868063746638104455e-03 -8.411402659330421971e-03 -8.387168845989039639e-03 -8.507684594765417205e-03
1.787976960789147896e+01 -8.538653869327322149e-03 -8.531070713947090656e-03 -8.558948246498200574e-03 -8.927157574937959889e-03 -9.145959697768091951e-03 -8.682179588830234510e-03 -8.659996196435476926e-03 -8.778019130808868697e-03
1.784036279195925090e+01 -9.892015140062496853e-03 -9.903703559332486389e-03 -9.994439829104969503e-03 -1.022198223814916110e-02 -1.047881100087033265e-02 -9.986156271785178937e-03 -1.003183773534457868e-02 -1.021988163799782828e-02
1.781110250844443854e+01 -9.784634803577094142e-03 -9.803437785279933009e-03 -9.797144920384611225e-03 -1.016412220109115874e-02 -1.040071565543373294e-02 -9.894098756574218681e-03 -9.938533166829306709e-03 -1.009669327042642811e-02
1.780769610039264350e+01 -1.078035564063308319e-02 -1.081843482773359177e-02 -1.078209172603061122e-02 -1.122610714974444160e-02 -1.144253789433838896e-02 -1.088345307715085294e-02 -1.094416520140456539e-02 -1.120015054742705407e-02
1.779841701991814418e+01 -1.063295481434901879e-02 -1.065189452803613768e-02 -1.061455654307928535e-02 -1.110750140683176151e-02 -1.127818096549935284e-02 -1.074539883087789055e-02 -1.076824128790919606e-02 -1.100769036426640923e-02
1.779841696306317189e+01 -1.048540827478137982e-02 -1.048523571683878872e-02 -1.044708437991593263e-02 -1.098015089264799994e-02 -1.112062262542960062e-02 -1.063196705110175909e-02 -1.061800663263683282e-02 -1.081955988541840122e-02
1.779841586568831602e+01 -1.033778034659622175e-02 -1.031849814252960157e-02 -1.027967917193428442e-02 -1.087238149846423904e-02 -1.096800140535984791e-02 -1.048347335132562841e-02 -1.045697725736446926e-02 -1.063253816657039330e-02
1.779841579588020650e+01 -1.019026531687702158e-02 -1.015186989439007675e-02 -1.011218995105004313e-02 -1.074720687555155881e-02 -1.080914643652081120e-02 -1.035096290505266650e-02 -1.030716150386909967e-02 -1.043961774340974868e-02
1.772816064017765569e+01 -1.080217615466215822e-02 -1.077039165892820782e-02 -1.075809925494271291e-02 -1.133249427553439936e-02 -1.141649250312687901e-02 -1.094483488749932801e-02 -1.091505536273721169e-02 -1.107614005236752172e-02
1.772816060954165707e+01 -1.141408306314295115e-02 -1.138890424316429083e-02 -1.140358005423987818e-02 -1.192123347551724000e-02 -1.203540732973294725e-02 -1.153044346994598970e-02 -1.151355614160532066e-02 -1.170536128132529385e-02
1.772815790574648886e+01 -1.202590725642586900e-02 -1.200734723970814030e-02 -1.204952819094337255e-02 -1.252285939550007964e-02 -1.265459411633901646e-02 -1.212831117239264976e-02 -1.211835384047343228e-02 -1.233451975028306696e-02
1.772815786013172712e+01 -1.263775509198069441e-02 -1.262581256577105689e-02 -1.269541908897827386e-02 -1.312392047548292112e-02 -1.327386458294508437e-02 -1.274013251483931304e-02 -1.273296301934154218e-02 -1.297081193924083838e-02
1.764206158009006131e+01 -1.413787917427644994e-02 -1.413663757192228781e-02 -1.429369798868480868e-02 -1.454403558801099956e-02 -1.480523677033970115e-02 -1.414563665809932119e-02 -1.414458767132372591e-02 -1.452973732819630263e-02
1.763188691159832544e+01 -1.422899454677205647e-02 -1.425600912015569793e-02 -1.437861444800446128e-02 -1.468537692121875925e-02 -1.493306131441425252e-02 -1.434502727155033408e-02 -1.423609815954130810e-02 -1.469709041366350916e-02
1.743540674830702031e+01 -1.473527757971901039e-02 -1.477229004902341249e-02 -1.490522342309521901e-02 -1.520202223557587905e-02 -1.544314994118167750e-02 -1.483763998697814820e-02 -1.474467397758404130e-02 -1.521919481986120509e-02
1.743540671803994968e+01 -1.524149498693395943e-02 -1.528851060314771401e-02 -1.543168482185137448e-02 -1.572521550993299932e-02 -1.596365672794910345e-02 -1.534113110240596309e-02 -1.525996511562677412e-02 -1.573960470605890311e-02
1.743540399612739478e+01 -1.574777279243917000e-02 -1.580480074481850628e-02 -1.595803462475150342e-02 -1.622039690429011999e-02 -1.648167403471652304e-02 -1.582211229783377429e-02 -1.577768297366950734e-02 -1.625976355225659808e-02
1.743540394880984223e+01 -1.625389831089033010e-02 -1.632093466118127514e-02 -1.648476043266352414e-02 -1.673522217864723688e-02 -1.700577906148395199e-02 -1.632108469326159009e-02 -1.628190743171224059e-02 -1.678153323845429576e-02
1.733144641594059365e+01 -1.789088706967462833e-02 -1.797367694845855568e-02 -1.822417245546789979e-02 -1.828789953906108032e-02 -1.864239956816371793e-02 -1.786791131765796958e-02 -1.791447372052335646e-02 -1.851347680379436533e-02
1.728892343623477501e+01 -1.743768902362415399e-02 -1.742249908796286717e-02 -1.779004642897601476e-02 -1.784789771822851978e-02 -1.811564587397420517e-02 -1.736159710417358240e-02 -1.736492407900385240e-02 -1.787702563799731942e-02
1.725744056451909714e+01 -1.854853022698665227e-02 -1.857168643343326195e-02 -1.893103260623293926e-02 -1.892336677400860076e-02 -1.935294150786922088e-02 -1.846304604643983147e-02 -1.848419555140480564e-02 -1.909925036800438208e-02
1.723159665146233621e+01 -1.899260469415517058e-02 -1.901510743419971075e-02 -1.935234114174640488e-02 -1.938147052134683856e-02 -1.978712009432886942e-02 -1.891692411412234168e-02 -1.891284755376189050e-02 -1.953926438769897425e-02
1.723159664136945324e+01 -1.943650455483426909e-02 -1.945835514122502830e-02 -1.977395426678046214e-02 -1.984769122868508193e-02 -2.022004348078852015e-02 -1.934283214180484989e-02 -1.935260807611897255e-02 -1.997791860739357023e-02
1.723159552513212489e+01 -1.988036896539785783e-02 -1.990156477263826246e-02 -2.019532846800092471e-02 -2.030847273602331970e-02 -2.065616762724816619e-02 -1.976817532948735995e-02 -1.977247367847605533e-02 -2.041833010708816315e-02
1.723159550899094938e+01 -2.032421235229512832e-02 -2.034474455709573207e-02 -2.061689297258771300e-02 -2.073289549463264159e-02 -2.109427958493852867e-02 -2.019163609067304091e-02 -2.019175402261013524e-02 -2.085978834247011540e-02
1.695952532425104664e+01 -2.204550067008502826e-02 -2.210933975728371359e-02 -2.241113254645291444e-02 -2.241752301829208135e-02 -2.286980338099741869e-02 -2.185767062266369062e-02 -2.193636879196556033e-02 -2.273280607621666963e-02
1.693039544563757204e+01 -2.059423983321336665e-02 -2.051124939898890318e-02 -2.093808459610866507e-02 -2.081171144057776187e-02 -2.137188350967355807e-02 -2.036831008479541086e-02 -2.024812818847265827e-02 -2.095311353898821408e-02
1.693026577495329477e+01 -2.016359218741762757e-02 -2.002704623308151910e-02 -2.046416396350893285e-02 -2.046831151877536240e-02 -2.091613185814307496e-02 -1.995383082779992462e-02 -1.977195694165853612e-02 -2.036741799505629308e-02
1.693026570708808975e+01 -1.973315725798246295e-02 -1.954308728953002561e-02 -1.998971559376427204e-02 -2.014951351697295834e-02 -2.045527572661259841e-02 -1.955897453080443493e-02 -1.926645585484441578e-02 -1.978456757112437292e-02
1.692800694881046297e+01 -1.956066190510553568e-02 -1.935050911491345907e-02 -1.964046173082641122e-02 -2.008731550997016127e-02 -2.028843867759703642e-02 -1.942257553352169999e-02 -1.909303459689633969e-02 -1.949200171636713066e-02
1.688670810453613669e+01 -1.879371139267742297e-02 -1.852160405883655075e-02 -1.880382749960242753e-02 -1.943582183272088079e-02 -1.949042297192318113e-02 -1.869536092654554629e-02 -1.826261602385021582e-02 -1.855032380363970737e-02
1.688670803460498249e+01 -1.802668472896138546e-02 -1.769257369888839818e-02 -1.796727996115853737e-02 -1.879570905801376118e-02 -1.869228256871075661e-02 -1.796341914657572855e-02 -1.745282557435808013e-02 -1.760588592228701232e-02
1.687462676486571311e+01 -1.782505421725141467e-02 -1.749258762455448493e-02 -1.761596297142031115e-02 -1.863772146721279915e-02 -1.852573665968256303e-02 -1.774632417968793549e-02 -1.728812756139371312e-02 -1.731773202705024287e-02
1.686524473999244123e+01 -1.822195889902879923e-02 -1.785700318282007482e-02 -1.798561593378848744e-02 -1.906157150515351908e-02 -1.889352923492170627e-02 -1.812225847495458481e-02 -1.764282342803554643e-02 -1.764069340084982104e-02
1.686524472811887421e+01 -1.861826765716601689e-02 -1.822085169795335108e-02 -1.835542005127016249e-02 -1.953353754309423984e-02 -1.926420877016085317e-02 -1.856212429022122828e-02 -1.801266537467738349e-02 -1.796290165464939359e-02
1.681985422596765645e+01 -1.964997887617045066e-02 -1.926794711533742765e-02 -1.945115355503726842e-02 -2.055300971530039933e-02 -2.028391093175508503e-02 -1.956176430689924792e-02 -1.904581879898235158e-02 -1.906586421415532723e-02
1.681985418656072184e+01 -2.068139473529997246e-02 -2.031476066629623808e-02 -2.054686343135741708e-02 -2.156735669877764272e-02 -2.132200218458003491e-02 -2.055272289708043668e-02 -2.006985160506431082e-02 -2.016621250934861817e-02
1.681985293620259725e+01 -2.171306133559652157e-02 -2.136180395442670993e-02 -2.164290807425843857e-02 -2.259239380225487939e-02 -2.235231119740498443e-02 -2.154343044726162587e-02 -2.110645733114627220e-02 -2.126760680454191366e-02
1.681985289520604354e+01 -2.274466624253970379e-02 -2.240878124499673385e-02 -2.273883721921232323e-02 -2.361820473446104088e-02 -2.339054847899921588e-02 -2.254353070393964528e-02 -2.214360647545123711e-02 -2.236889576404783864e-02
1.672412774440251226e+01 -2.273248130747610590e-02 -2.237775416940478157e-02 -2.273289872845707382e-02 -2.358957996728783951e-02 -2.336094094237957733e-02 -2.252416452051326373e-02 -2.211104681523572840e-02 -2.229929089186428320e-02
1.672412773367305405e+01 -2.272040793851843460e-02 -2.234683997265793018e-02 -2.272690509081461488e-02 -2.362315036011464198e-02 -2.332894852575993425e-02 -2.249942189708687562e-02 -2.207901015502022196e-02 -2.223121317968072136e-02
1.672412481464859368e+01 -2.270834112632012097e-02 -2.231594808568176588e-02 -2.272081353982932303e-02 -2.361448327294143890e-02 -2.329312774914029868e-02 -2.249551559366049641e-02 -2.203762225480471182e-02 -2.216236142749716115e-02
1.672412479845398892e+01 -2.269602095937738387e-02 -2.228484091370703732e-02 -2.271468656002544398e-02 -2.362983234576824035e-02 -2.328270385252066005e-02 -2.249853381023411356e-02 -2.200393291458920680e-02 -2.209196159531360421e-02
1.669237742434451732e+01 -2.472571627231839875e-02 -2.433719909565108114e-02 -2.487948521582019831e-02 -2.549765197898768224e-02 -2.528236183199154830e-02 -2.442020214745196233e-02 -2.395175090343566737e-02 -2.423554808420815693e-02
1.663752219189111869e+01 -2.551168591147552969e-02 -2.516798646877455373e-02 -2.567054078446362117e-02 -2.632969014683088013e-02 -2.611838504712019060e-02 -2.522842545161874811e-02 -2.481744885674345980e-02 -2.511125769780271633e-02
1.657343671801886131e+01 -2.730839690588129920e-02 -2.694689072514709280e-02 -2.759758793913018662e-02 -2.801379860981000405e-02 -2.785808848658701334e-02 -2.688299060675720248e-02 -2.647680486961204172e-02 -2.692626230597301371e-02
1.655590432748464380e+01 -2.783106567792403147e-02 -2.746256442602449527e-02 -2.810478091764137196e-02 -2.855655656138184409e-02 -2.834513615177337853e-02 -2.739266367025654236e-02 -2.697291829768282828e-02 -2.743129960741448603e-02
1.655590431645801530e+01 -2.835381321291463932e-02 -2.797830077089443965e-02 -2.861210777343195857e-02 -2.911075754168260254e-02 -2.886161784572903108e-02 -2.788848732025271671e-02 -2.748348694397661357e-02 -2.793491361316859101e-02
1.655590398321754719e+01 -2.887653843907735107e-02 -2.849402793444212600e-02 -2.911923639881135867e-02 -2.964156996198336058e-02 -2.936671905968468027e-02 -2.839972901024888363e-02 -2.798863731027040683e-02 -2.844260701892269844e-02
1.655590396695084365e+01 -2.939934243606724673e-02 -2.900983160926898924e-02 -2.962661444445235936e-02 -3.014704847355520120e-02 -2.984862040487104573e-02 -2.890005083374822675e-02 -2.851037773834119021e-02 -2.895170280036417007e-02
1.652642808465474289e+01 -3.040007278718184769e-02 -3.002312624631498644e-02 -3.054390881897435517e-02 -3.117873811475264240e-02 -3.086885910446253434e-02 -2.980851384324743544e-02 -2.952710228527621189e-02 -2.997016427606612188e-02
1.648970108927417400e+01 -2.932382516663471425e-02 -2.881600864320651989e-02 -2.948046023320551046e-02 -3.024036505260647989e-02 -2.974017435663030284e-02 -2.872421716925661894e-02 -2.830404489078428010e-02 -2.858649214935819055e-02
1.645010944753709126e+01 -2.920296548960394506e-02 -2.872949121852533955e-02 -2.926419783371705940e-02 -3.026489830781096263e-02 -2.970766370905519524e-02 -2.863584409530899738e-02 -2.818043802758120331e-02 -2.849255347496977564e-02
1.639568177405488569e+01 -2.888256786803835088e-02 -2.837038575256394315e-02 -2.892400361508393192e-02 -3.001759117830360424e-02 -2.937033042341572267e-02 -2.830702202896523759e-02 -2.783479470897157193e-02 -2.808614071537788789e-02
1.639568176171342273e+01 -2.856198905336456567e-02 -2.801110996145198678e-02 -2.858373191989878326e-02 -2.977070266006732330e-02 -2.900626178900696586e-02 -2.799478989612464233e-02 -2.747942409213893766e-02 -2.767933121147336112e-02
1.639567960327345375e+01 -2.824158354250650566e-02 -2.765201009965232923e-02 -2.824360724436006040e-02 -2.951025798183104162e-02 -2.865646059459821260e-02 -2.771584148328404620e-02 -2.712348863530630871e-02 -2.726850506756883785e-02
1.639567958814046023e+01 -2.792107431557505279e-02 -2.729281177277698145e-02 -2.790340644230087860e-02 -2.926226070359476059e-02 -2.831653364018945837e-02 -2.738802395044345056e-02 -2.676979161847367616e-02 -2.685805548366431220e-02
1.634779028342247287e+01 -2.978361973456847278e-02 -2.919890362376168641e-02 -2.986872390603673502e-02 -3.114916562733364286e-02 -3.017769368284123344e-02 -2.924466417075515662e-02 -2.865815038933980721e-02 -2.885675296254341590e-02
1.626974139259033336e+01 -2.977726864605057672e-02 -2.910707542381599927e-02 -2.993574914323614278e-02 -3.116555154364380326e-02 -3.016628173695626650e-02 -2.920310613795765869e-02 -2.849073473596070577e-02 -2.867217254223254283e-02
1.625306364917499380e+01 -3.003701192600224251e-02 -2.925983837980379240e-02 -3.026911723811853694e-02 -3.122530334918947881e-02 -3.030958762903440337e-02 -2.936012867716058378e-02 -2.862383983338964710e-02 -2.872433465136208647e-02
1.623764588925055818e+01 -3.128255701817432566e-02 -3.051560650691347715e-02 -3.159184343155789498e-02 -3.243066004865824414e-02 -3.153934546922365634e-02 -3.058066803080091225e-02 -2.985708653904395327e-02 -3.001914164125059348e-02
1.623764585352317980e+01 -3.252800231479625881e-02 -3.177126732793185415e-02 -3.291475550696777025e-02 -3.359825635939808069e-02 -3.278851748064362526e-02 -3.176804955794441249e-02 -3.109564742647524804e-02 -3.131443052682646860e-02
1.623764372277204515e+01 -3.377350013307754695e-02 -3.302698067061413112e-02 -3.423640132034505568e-02 -3.480051711013792265e-02 -3.403264777206359282e-02 -3.295907116508791507e-02 -3.232941763390654449e-02 -3.260971941240233679e-02
1.623764367527442332e+01 -3.501877478286569839e-02 -3.428253123130645119e-02 -3.555851131501398810e-02 -3.596842722087775779e-02 -3.527294970348356096e-02 -3.414712213223141529e-02 -3.356833416133784415e-02 -3.390429701797820911e-02
1.622545885801143939e+01 -3.545286446132815683e-02 -3.476645278024500380e-02 -3.597073682140870116e-02 -3.647621722186792509e-02 -3.576298436903459221e-02 -3.463790453383551460e-02 -3.409533494273586651e-02 -3.443068657791133191e-02
1.622426875876685060e+01 -3.679921297166133254e-02 -3.614178372303050030e-02 -3.726042790428048951e-02 -3.784768281310040006e-02 -3.722433553381508664e-02 -3.600480890703525172e-02 -3.552672032023754256e-02 -3.582362330489532315e-02
1.620698451677515095e+01 -3.777398762625652773e-02 -3.714349515387047745e-02 -3.814853952098708201e-02 -3.885291997021871752e-02 -3.820331308996975650e-02 -3.707823731546401602e-02 -3.657510088473157894e-02 -3.684534050279697492e-02
1.619657131788308035e+01 -3.815884915159797885e-02 -3.753003441786841032e-02 -3.837140273709541138e-02 -3.927790364471719919e-02 -3.862862693582844870e-02 -3.753851889428366784e-02 -3.703930942353238914e-02 -3.716735789511876192e-02
1.614811256612107471e+01 -3.886219042705595095e-02 -3.825164777651338804e-02 -3.907899799350707248e-02 -3.998563221085323777e-02 -3.933022020210015512e-02 -3.824663889967431368e-02 -3.777054291543432973e-02 -3.790349678169409320e-02
1.614811253258593382e+01 -3.956547919242303646e-02 -3.897322459294497166e-02 -3.978618367485803331e-02 -4.069174930317603911e-02 -4.005227199467971400e-02 -3.898576122455545134e-02 -3.849997578200528570e-02 -3.864128614120733440e-02
1.614811134268006398e+01 -4.026882702376589906e-02 -3.969484377555494020e-02 -4.049371854654278124e-02 -4.139721808676991716e-02 -4.077428235848998966e-02 -3.968561708293975865e-02 -3.923725415035323599e-02 -3.938125191640794165e-02
1.614811129229066822e+01 -4.097216171598910828e-02 -4.041645186371343318e-02 -4.120105704017336390e-02 -4.208862905290595979e-02 -4.150533098476169580e-02 -4.038436492833040459e-02 -3.996051712225517222e-02 -4.012006856298326596e-02
1.611528680665156443e+01 -4.286052110638982615e-02 -4.235236030317192368e-02 -4.319224905700821265e-02 -4.380927644528955639e-02 -4.344569683099341884e-02 -4.224218716922523154e-02 -4.176026780895347734e-02 -4.214482638162515143e-02
1.609996382270866278e+01 -4.559116189774377326e-02 -4.514009695362676544e-02 -4.605469559437567334e-02 -4.646504876401075929e-02 -4.623418396107265710e-02 -4.493177860102137711e-02 -4.448418725447341598e-02 -4.506412655759711033e-02
1.595586944630011317e+01 -4.810748571925450856e-02 -4.766079953759289056e-02 -4.874357374036299845e-02 -4.874592131547955676e-02 -4.884952342840641337e-02 -4.732603854486803346e-02 -4.687502279902143465e-02 -4.765251995165215027e-02
1.576985723494934355e+01 -4.865118476504384781e-02 -4.824755650068138918e-02 -4.928310022903405196e-02 -4.933836483513399235e-02 -4.944366011060180588e-02 -4.792311994458808150e-02 -4.747828848832644222e-02 -4.828473630138220563e-02
1.576985722462360506e+01 -4.919489562464776644e-02 -4.883430915862913002e-02 -4.982254137167731883e-02 -4.992580826351735585e-02 -5.003932354156648277e-02 -4.852704181080496476e-02 -4.808433603585444971e-02 -4.891624063542489298e-02
1.576985422938507675e+01 -4.973854609686949313e-02 -4.942100310790517592e-02 -5.036227578810725802e-02 -5.052304246317178976e-02 -5.064371102376186845e-02 -4.911422805052501062e-02 -4.869034224515945281e-02 -4.954816410515493902e-02
1.576985421107149499e+01 -5.028226351720885973e-02 -5.000777749875308376e-02 -5.090193409120662149e-02 -5.112387511409730717e-02 -5.124684371718797593e-02 -4.971739754374823739e-02 -4.928678851624145735e-02 -5.018079959057235306e-02
1.571266065420656766e+01 -5.332473757305333795e-02 -5.309122046274120099e-02 -5.412759713615464957e-02 -5.397464852163402771e-02 -5.427994973989631877e-02 -5.259349928033439647e-02 -5.225407118199815876e-02 -5.340915751539872247e-02
1.566933129850560569e+01 -5.345491773636763116e-02 -5.319598050481424978e-02 -5.399820111897903757e-02 -5.411760166950459194e-02 -5.441670222226843712e-02 -5.273965135586734798e-02 -5.237480019417525140e-02 -5.337996235050117971e-02
1.562813442268691411e+01 -5.522988178685112048e-02 -5.495109961679985056e-02 -5.594067925048807483e-02 -5.582352649005010992e-02 -5.627980579386852866e-02 -5.445736384460497792e-02 -5.410003402588133004e-02 -5.515961178286460376e-02
1.561328282389739108e+01 -5.632602277534305701e-02 -5.611442311501844971e-02 -5.704856256788306407e-02 -5.704669003773003150e-02 -5.747675087591551379e-02 -5.571262365503392572e-02 -5.519922371377902759e-02 -5.639107898187553647e-02
1.559275270992228180e+01 -5.728973883472654460e-02 -5.711000600317528431e-02 -5.787757508221201552e-02 -5.809433148825058485e-02 -5.849113317594262923e-02 -5.674809558198487536e-02 -5.619202801227871080e-02 -5.740149187572297917e-02
1.556995164539043230e+01 -6.051143738412485817e-02 -6.039774117983542912e-02 -6.127871974838772218e-02 -6.120892648182522933e-02 -6.168516900664455099e-02 -5.998025923616694816e-02 -5.941401872867758255e-02 -6.085936303542169301e-02
1.556995160474316897e+01 -6.373319629852902679e-02 -6.368555027874395202e-02 -6.467980402269503382e-02 -6.425971420777339127e-02 -6.492175364996218001e-02 -6.320371792933000832e-02 -6.267797195441447700e-02 -6.431769002099621546e-02
1.553994598433194874e+01 -6.425735374414467960e-02 -6.422264490313832341e-02 -6.519079220489196191e-02 -6.484602770743887190e-02 -6.544721716764177744e-02 -6.373632370615571474e-02 -6.320555306409691987e-02 -6.485711314508908754e-02
1.553994595082217778e+01 -6.478152040058218764e-02 -6.475975194468863716e-02 -6.570140570303251160e-02 -6.538861798456219177e-02 -6.598165454285993825e-02 -6.426282009597505951e-02 -6.373401181022536610e-02 -6.539923347780725316e-02
1.553994380682226506e+01 -6.530570148165162903e-02 -6.529686684711578926e-02 -6.621263016312400884e-02 -6.598698098168551129e-02 -6.652445991807810766e-02 -6.479908612579442229e-02 -6.426008567635381474e-02 -6.594223245052539817e-02
1.553994375316977283e+01 -6.582984581845337246e-02 -6.583395397965163820e-02 -6.672324289357220439e-02 -6.654925761262207862e-02 -6.705414968698841793e-02 -6.532211091612329101e-02 -6.478768820781324878e-02 -6.648274415030563933e-02
1.546877436808439832e+01 -6.777123764274703421e-02 -6.774387464548058124e-02 -6.884224515049955362e-02 -6.820943529192032007e-02 -6.912433325734006206e-02 -6.717366831652099579e-02 -6.668415626818298414e-02 -6.841352098706823814e-02
1.541956028723669370e+01 -6.870619654974738366e-02 -6.867973044491744450e-02 -6.957919574662392581e-02 -6.916773004400975089e-02 -7.004892758445994960e-02 -6.817085456506324914e-02 -6.760152194557053629e-02 -6.929773523143378799e-02
1.533021938117510530e+01 -7.010090548576415614e-02 -7.010764595359447737e-02 -7.102790011546578075e-02 -7.056027780846295394e-02 -7.146381917053559740e-02 -6.955474034400323247e-02 -6.903102561506155310e-02 -7.079031886344136493e-02
1.533021934367522654e+01 -7.149582970003426352e-02 -7.153573494739570715e-02 -7.247680220262847639e-02 -7.194535649910291375e-02 -7.284421244291908182e-02 -7.094854108243370261e-02 -7.045546513922161525e-02 -7.228492952838681818e-02
1.533021898786080506e+01 -7.289071977673673708e-02 -7.296379505463158888e-02 -7.392575416458871396e-02 -7.332857330974287824e-02 -7.426316127530258049e-02 -7.231742610086419609e-02 -7.188913038338165529e-02 -7.378123471333229710e-02
1.533021893699118543e+01 -7.428536043403843880e-02 -7.439163046984073602e-02 -7.537495344541002285e-02 -7.470179099419607671e-02 -7.568027038137822848e-02 -7.368248387980418090e-02 -7.331656297287268698e-02 -7.527593126533985157e-02
1.522557113605886769e+01 -7.487682781623666850e-02 -7.500744001622235146e-02 -7.589584679501307218e-02 -7.534082642287727449e-02 -7.628228948794946174e-02 -7.434104860887552624e-02 -7.394311568719727501e-02 -7.589267515377981499e-02
1.522557112547427671e+01 -7.546822301371639008e-02 -7.562320064141969667e-02 -7.641615414709956866e-02 -7.594954856028740542e-02 -7.688934990328998020e-02 -7.497854652444368995e-02 -7.457044193974485258e-02 -7.650008798653241959e-02
1.522556894435907360e+01 -7.605962477826232193e-02 -7.623895018710438731e-02 -7.693667731704358081e-02 -7.657868904023966417e-02 -7.749651574109193974e-02 -7.561819994701821090e-02 -7.518161895584642151e-02 -7.710787885065972791e-02
1.522556892522983851e+01 -7.665105932239670017e-02 -7.685474075483855749e-02 -7.745714665245696795e-02 -7.719889689146301748e-02 -7.809859843012460778e-02 -7.628513342309589662e-02 -7.581700091372499395e-02 -7.772487525047441781e-02
1.505658622671408331e+01 -7.809494777053722914e-02 -7.832290866245579519e-02 -7.901321498721658454e-02 -7.857848241910941889e-02 -7.952218356627389906e-02 -7.772044913934465782e-02 -7.727151086099322275e-02 -7.921196657273153752e-02
1.505658299760315622e+01 -7.953869707825377000e-02 -7.979094530613875524e-02 -8.057013774711672960e-02 -8.003505354675582995e-02 -8.099781766242317160e-02 -7.915430045559342098e-02 -7.872978640826143459e-02 -8.068420469498865932e-02
1.503201589129619542e+01 -8.016022646724310641e-02 -8.025624361070900215e-02 -8.132139712240510354e-02 -8.047068630399654976e-02 -8.155762004877231686e-02 -7.960328137217607958e-02 -7.909861737728447750e-02 -8.097229767447823578e-02
1.500185174484800399e+01 -8.137912004363362373e-02 -8.156076789196875509e-02 -8.254673418940164376e-02 -8.145267760760616094e-02 -8.284539910317423317e-02 -8.089801758532602638e-02 -8.034022732223856933e-02 -8.236067620832590586e-02
1.483636507793814552e+01 -8.555248088176992116e-02 -8.579991579236725951e-02 -8.696152450001339018e-02 -8.545227858169904267e-02 -8.724446927772180893e-02 -8.493322910641221135e-02 -8.453631643084563718e-02 -8.680401721801321580e-02
1.481086960980430511e+01 -8.498278936180431176e-02 -8.502622812368790250e-02 -8.648722631775017378e-02 -8.494455690245825141e-02 -8.654904488048366373e-02 -8.422575189445692667e-02 -8.378392132796316782e-02 -8.576418237879057660e-02
1.479948159907601912e+01 -8.469341204729910477e-02 -8.479471279224773395e-02 -8.595378159271431506e-02 -8.489116219015455100e-02 -8.636998335377890634e-02 -8.414877300867903975e-02 -8.349019327372415866e-02 -8.542723438407962000e-02
1.476479990706855716e+01 -8.605804453285041677e-02 -8.623287525494205408e-02 -8.719081327946098803e-02 -8.631329589590887308e-02 -8.786325971521077860e-02 -8.559914168823212766e-02 -8.486486363128441235e-02 -8.688011211024007641e-02
1.470787227706632194e+01 -8.720988157103504168e-02 -8.744446927978856421e-02 -8.840354145106191219e-02 -8.747922079500623782e-02 -8.907732796864324676e-02 -8.680416493214668239e-02 -8.607435610599159514e-02 -8.816465368387896295e-02
1.470787226619889587e+01 -8.836163459825276123e-02 -8.865599336796439744e-02 -8.961654006365765701e-02 -8.863154748283252893e-02 -9.028647961084500240e-02 -8.801326720255808755e-02 -8.728311587892179091e-02 -8.944860876183050036e-02
1.470786902058519807e+01 -8.951355957998791135e-02 -8.986767271085574493e-02 -9.082964633489387651e-02 -8.978688686192987101e-02 -9.151259778427747738e-02 -8.921419012647265057e-02 -8.849534887362897617e-02 -9.073212525546937857e-02
1.470786900078937443e+01 -9.066549112625243989e-02 -9.107936292249264876e-02 -9.204286472653763762e-02 -9.094651505229832400e-02 -9.272787980894064974e-02 -9.041239382389038015e-02 -8.970950701011316808e-02 -9.201614456479563497e-02
1.461483471505335707e+01 -9.455238638209610691e-02 -9.498900535178311788e-02 -9.613160033724769959e-02 -9.469095212921647964e-02 -9.651251680757727547e-02 -9.412186781202984409e-02 -9.354620372856753407e-02 -9.600686744777114923e-02
1.461483231590676546e+01 -9.843959145799463517e-02 -9.889889269555657281e-02 -1.002203701138271452e-01 -9.839827754867680465e-02 -1.003054389486753434e-01 -9.790585958717563930e-02 -9.731240105057591128e-02 -9.998683892212142932e-02
1.460075460912841727e+01 -1.026928174785515929e-01 -1.031780166049710429e-01 -1.047468519420498012e-01 -1.025174853282043996e-01 -1.046097885420358697e-01 -1.019578356144797693e-01 -1.013912957345975141e-01 -1.043786384253785060e-01
1.457105868578304353e+01 -1.072441007110066236e-01 -1.078226043710868026e-01 -1.094455282591106499e-01 -1.069475850786979210e-01 -1.092762236527755754e-01 -1.063950801681951414e-01 -1.059400052117136226e-01 -1.092208162542503136e-01
1.450894505292937531e+01 -1.045896099205058105e-01 -1.048387653223757793e-01 -1.068001118763850787e-01 -1.044939649411367882e-01 -1.063551368769173472e-01 -1.036731316517508494e-01 -1.029198311309905411e-01 -1.057711454228394271e-01
1.446006505988693114e+01 -1.071019745119116962e-01 -1.074499865034498070e-01 -1.092661377496204206e-01 -1.071797665041179098e-01 -1.090395711516095600e-01 -1.062271245260055369e-01 -1.054665993987049105e-01 -1.084457958813363071e-01
1.441483997502505510e+01 -1.069721146572664844e-01 -1.074216150435623046e-01 -1.090602134869480544e-01 -1.070120554576059757e-01 -1.090871487751961799e-01 -1.063832761138607530e-01 -1.055339026288157345e-01 -1.084088468190597954e-01
1.440874694325299288e+01 -1.116664824215639756e-01 -1.122227688118762612e-01 -1.139192614039547524e-01 -1.114631526768259800e-01 -1.138028144552901827e-01 -1.109766131393271488e-01 -1.102086883035262033e-01 -1.134312008936857741e-01
1.435858397106044748e+01 -1.129171747831628769e-01 -1.134813122506227734e-01 -1.151985456917906797e-01 -1.126230826070236113e-01 -1.150463398309042040e-01 -1.122020357525379819e-01 -1.114338166956058002e-01 -1.146812335539204031e-01
1.435858393496995866e+01 -1.141676544697562135e-01 -1.147396751012010885e-01 -1.164779260717288267e-01 -1.138068609146790922e-01 -1.162675218240568076e-01 -1.134129809787424725e-01 -1.126540488041314070e-01 -1.159262230227802865e-01
1.435858158144169039e+01 -1.154182116358756782e-01 -1.159980931145527666e-01 -1.177572662887187704e-01 -1.149699284223345691e-01 -1.174891640572094109e-01 -1.146293654049469757e-01 -1.138674191526570095e-01 -1.171712961716401824e-01
1.435858152330470539e+01 -1.166687241653287938e-01 -1.172564872803627256e-01 -1.190367535561800832e-01 -1.161376408038032881e-01 -1.187132133240541565e-01 -1.158433242316609935e-01 -1.150841382065136004e-01 -1.184212668075621533e-01
1.422142400453223310e+01 -1.207395225553500873e-01 -1.214164321942071967e-01 -1.230983492535374646e-01 -1.202488798892703270e-01 -1.228770590444295541e-01 -1.198804001778693562e-01 -1.191607430961461322e-01 -1.227463922028897703e-01
1.413403418784880650e+01 -1.237071987450210492e-01 -1.242633585843187505e-01 -1.263453873695300766e-01 -1.229825808989969821e-01 -1.255958449554618883e-01 -1.226088774788056668e-01 -1.218744618157673598e-01 -1.255236361202100859e-01
1.409111805960513131e+01 -1.279589229444276777e-01 -1.286212815817776856e-01 -1.306059151085397774e-01 -1.271894237765706648e-01 -1.299612894390956008e-01 -1.268497055086759417e-01 -1.261538906675650495e-01 -1.300104698275120485e-01
1.398181219365489447e+01 -1.329169014382605429e-01 -1.335740700165912731e-01 -1.359151169726679487e-01 -1.319688627179106399e-01 -1.349082531181136080e-01 -1.315500866453567508e-01 -1.310340491563896093e-01 -1.350908523483340395e-01
1.397377566823536910e+01 -1.328683086867547547e-01 -1.334493815188513843e-01 -1.358384009702195694e-01 -1.318833791211561912e-01 -1.348168284060037303e-01 -1.314923892282183759e-01 -1.309107949949224747e-01 -1.348638711596074624e-01
1.397377565252527454e+01 -1.328204379279555591e-01 -1.333253251659786698e-01 -1.357622008565419480e-01 -1.319215122269438711e-01 -1.347247769163552600e-01 -1.314292533580863342e-01 -1.307882949570093323e-01 -1.346380211222555912e-01
1.397377411476579567e+01 -1.327721274276838226e-01 -1.332009935313455684e-01 -1.356859080744297896e-01 -1.319605032640026321e-01 -1.346316798379375013e-01 -1.313730005414574520e-01 -1.306715484208732236e-01 -1.344110630605911127e-01
1.397377409821743299e+01 -1.327239783643850424e-01 -1.330767179477326811e-01 -1.356093745286809926e-01 -1.319800175697903033e-01 -1.345382267082890215e-01 -1.313053877913254175e-01 -1.305406385429600802e-01 -1.341837904632392497e-01
1.396639031723012003e+01 -1.328355909676710023e-01 -1.333126376037167826e-01 -1.356525870645132748e-01 -1.321967025195195933e-01 -1.349318939344588686e-01 -1.316651674780391912e-01 -1.308345358776785150e-01 -1.344296286999506762e-01
1.395033872608004089e+01 -1.387708749876009340e-01 -1.393610192007362081e-01 -1.418119313291399952e-01 -1.380338772859712737e-01 -1.410613425256432296e-01 -1.374595036800988213e-01 -1.368770875124803721e-01 -1.407426313050300082e-01
1.394703975282419428e+01 -1.433853907413125128e-01 -1.439739067536691675e-01 -1.467761365664792816e-01 -1.423202083897984749e-01 -1.456170278901686710e-01 -1.418974390620556802e-01 -1.414557223037260225e-01 -1.454899734608117723e-01
1.393649440400764483e+01 -1.483771384107067104e-01 -1.490980234089772094e-01 -1.519725029389156212e-01 -1.473801446597104714e-01 -1.506315643212510769e-01 -1.468052574605411276e-01 -1.465074335242322334e-01 -1.508108767054413824e-01
1.389530274533130516e+01 -1.517875276830762676e-01 -1.525503651747587841e-01 -1.555894595583537099e-01 -1.506488649833724880e-01 -1.540036583357029809e-01 -1.500965880863428803e-01 -1.499027487929591729e-01 -1.543976392960124955e-01
1.389530270138951806e+01 -1.551979064836833122e-01 -1.560027011389471807e-01 -1.592068354754139770e-01 -1.539007032895766958e-01 -1.573811505326163096e-01 -1.533705558591509921e-01 -1.532971655052400572e-01 -1.579839431179583531e-01
1.389530120736128715e+01 -1.586079741359107675e-01 -1.594547355099699137e-01 -1.628243137828144504e-01 -1.571548430070519864e-01 -1.607587477407603771e-01 -1.566949830454622827e-01 -1.566771060792979675e-01 -1.615712099955916026e-01
1.389530115402715893e+01 -1.620183896945947555e-01 -1.629070881750305233e-01 -1.664412801436879474e-01 -1.604234798619851021e-01 -1.641428711664429940e-01 -1.599858956447671732e-01 -1.600547026098018966e-01 -1.651589147218500697e-01
1.365513723780183319e+01 -1.666323777774114112e-01 -1.676730213103279910e-01 -1.712242130135641360e-01 -1.651045140657649568e-01 -1.689718567874709532e-01 -1.646315180097954745e-01 -1.648170109756405266e-01 -1.700657636768579395e-01
1.361850401405965272e+01 -1.684923765151924713e-01 -1.695605577640912076e-01 -1.726389502914492668e-01 -1.670734496538586744e-01 -1.708537987721977236e-01 -1.665660076942208356e-01 -1.667140069870693408e-01 -1.717933610052089499e-01
1.348149528743634384e+01 -1.749820952476965064e-01 -1.760809132680742628e-01 -1.795508257733325896e-01 -1.733088519347963652e-01 -1.771499677769542425e-01 -1.727576126408068014e-01 -1.730677203636888095e-01 -1.784635881698520832e-01
1.340353759233062725e+01 -1.761567859487982723e-01 -1.772722853826136646e-01 -1.806954187860755068e-01 -1.745566247489945266e-01 -1.783379833470468689e-01 -1.739567423196598517e-01 -1.742703959540587155e-01 -1.796758142906516031e-01
1.340353755271875791e+01 -1.773313834405769729e-01 -1.784635656643757118e-01 -1.818401078939813342e-01 -1.757982246842951513e-01 -1.795184439185245340e-01 -1.751733375839907292e-01 -1.754756621119896165e-01 -1.808841232216396033e-01
1.340353608509438921e+01 -1.785061095917714891e-01 -1.796549579057653001e-01 -1.829847260917819574e-01 -1.770845727108668333e-01 -1.807002019412328464e-01 -1.763707077418247837e-01 -1.766849454116975471e-01 -1.820899643283149238e-01
1.340353602360447560e+01 -1.796808921835317541e-01 -1.808463973346669529e-01 -1.841290171638381989e-01 -1.783657549763360550e-01 -1.818821929625561995e-01 -1.775614907141810084e-01 -1.778855085838444428e-01 -1.832997017048018373e-01
1.333517811851782930e+01 -1.874870865268097042e-01 -1.887529805946014938e-01 -1.923768469175966833e-01 -1.858726878102264501e-01 -1.895953415784042695e-01 -1.852212013569310700e-01 -1.856811021435203490e-01 -1.914874287207041503e-01
1.327095680813860135e+01 -1.877144613935185224e-01 -1.888976469046587114e-01 -1.926337403633369971e-01 -1.861463118419623697e-01 -1.897426651335624714e-01 -1.854340693446947241e-01 -1.858230820533555705e-01 -1.914985911060598789e-01
1.327095679514935789e+01 -1.879417128566779893e-01 -1.890421928026208287e-01 -1.928908005299589112e-01 -1.865014194849693718e-01 -1.898898844999513669e-01 -1.856415403459615865e-01 -1.859638491049677711e-01 -1.915104445871029792e-01
1.327095414881321567e+01 -1.881691087176264043e-01 -1.891868729623296108e-01 -1.931478363070526783e-01 -1.868566946992474831e-01 -1.900376900375709832e-01 -1.858590742407315866e-01 -1.861134030583569410e-01 -1.915250184038334580e-01
1.327095412789353901e+01 -1.883963234171979195e-01 -1.893313873477014686e-01 -1.934049088181072351e-01 -1.871276202622544349e-01 -1.901856206839598884e-01 -1.860730722819984029e-01 -1.862578520299691121e-01 -1.915387337648765398e-01
1.314676051395044176e+01 -1.906764362578478034e-01 -1.916494812120138058e-01 -1.955480622400894153e-01 -1.895061000950044039e-01 -1.924364955951403666e-01 -1.883472645936621059e-01 -1.885402946623344345e-01 -1.938455370083850271e-01
1.314676050222622727e+01 -1.929567539097843676e-01 -1.939677652962810417e-01 -1.976915669380654716e-01 -1.918655209626700386e-01 -1.946775364613979875e-01 -1.906269573713131049e-01 -1.908353291275917130e-01 -1.961508938291440240e-01
1.314675900814979848e+01 -1.952368799124084564e-01 -1.962858854500641181e-01 -1.998347256082352030e-01 -1.942363859154200012e-01 -1.969207964925784871e-01 -1.929025094829767695e-01 -1.931223532399569953e-01 -1.984565046326525195e-01
1.314675898541540100e+01 -1.975169848849306631e-01 -1.986039847248231571e-01 -2.019778270435256817e-01 -1.966112892732543027e-01 -1.991643092086818334e-01 -1.951830629686531204e-01 -1.954047141994302850e-01 -2.007629970189104274e-01
1.288539156840602296e+01 -2.057820194769440780e-01 -2.068761713682183145e-01 -2.108090748007485915e-01 -2.046630946274217433e-01 -2.072503778289923326e-01 -2.031238490533687491e-01 -2.035098958456507678e-01 -2.092317710986133783e-01
1.279837182131102047e+01 -2.087523946205529501e-01 -2.100855822305592868e-01 -2.136489547667069777e-01 -2.080125918821189579e-01 -2.104198819035667800e-01 -2.063750373440900177e-01 -2.068018861980455148e-01 -2.124881017994661447e-01
1.247020560282121160e+01 -2.139994773481895818e-01 -2.154110306204992942e-01 -2.191846130460735342e-01 -2.129711807746774155e-01 -2.156746036347874929e-01 -2.114847199425568536e-01 -2.121122948261313645e-01 -2.180445214009859578e-01
1.247020554786827340e+01 -2.192465167921654745e-01 -2.207364229014377177e-01 -2.247207751557068200e-01 -2.179143114774045598e-01 -2.209366297358539011e-01 -2.165898658890490769e-01 -2.174241300284331380e-01 -2.236017627680046416e-01
1.247020500566865131e+01 -2.244937098131073450e-01 -2.260619668657609105e-01 -2.302568440538445005e-01 -2.228538862026738232e-01 -2.261883640193817491e-01 -2.217119787025476629e-01 -2.227315311942889564e-01 -2.291588382463981000e-01
1.247020495212562530e+01 -2.297408266771683860e-01 -2.313874369965441269e-01 -2.357929938294658356e-01 -2.277724137177744579e-01 -2.314387142930638963e-01 -2.268250720080208227e-01 -2.280160837059288237e-01 -2.347150919592925766e-01
1.245327146297972121e+01 -2.248250531704691357e-01 -2.257233087666627447e-01 -2.310161605267585239e-01 -2.231782473484889839e-01 -2.258974877924657676e-01 -2.218145989629144443e-01 -2.223621257893365899e-01 -2.280541396736871507e-01
1.243658479150253271e+01 -2.268911628264607960e-01 -2.277139535536018000e-01 -2.330614535771755591e-01 -2.252850355954662820e-01 -2.278672605852297417e-01 -2.238461295656482553e-01 -2.243385131376039732e-01 -2.299356672235635390e-01
1.243658477082599667e+01 -2.289573052893771332e-01 -2.297046474174986863e-01 -2.351068723779723979e-01 -2.273877245787989942e-01 -2.298570558741472869e-01 -2.258621184758979328e-01 -2.263105097947563371e-01 -2.318177214518767071e-01
1.243658417153169893e+01 -2.310234792842768281e-01 -2.316953371542543605e-01 -2.371521966896042444e-01 -2.294819834359449751e-01 -2.318461829567569910e-01 -2.278699706266571201e-01 -2.282872567972397126e-01 -2.336997151272519613e-01
1.243658415588797084e+01 -2.330895298600871857e-01 -2.336859344608850919e-01 -2.391972368973308005e-01 -2.315743165967355244e-01 -2.338054551432131034e-01 -2.298996613899004782e-01 -2.302700680908380537e-01 -2.355843828841904242e-01
1.239470067123630059e+01 -2.353868279442386524e-01 -2.361485321733301501e-01 -2.413565938534639743e-01 -2.340372130280409801e-01 -2.362367678127206827e-01 -2.323718713272429626e-01 -2.327874449636902487e-01 -2.381202898090953035e-01
1.239470065876530747e+01 -2.376842769524732391e-01 -2.386112881693216725e-01 -2.435160487240331517e-01 -2.364955896829910864e-01 -2.386522629060746914e-01 -2.348497696370696053e-01 -2.353059699276574546e-01 -2.406558583355633552e-01
1.239469795658685847e+01 -2.399812034806044492e-01 -2.410735692463675806e-01 -2.456756104851860467e-01 -2.389511229081097698e-01 -2.410851039692744613e-01 -2.373273571349216460e-01 -2.378105243458406848e-01 -2.431919766675303129e-01
1.239469793254188623e+01 -2.422782914966098433e-01 -2.435359860733301296e-01 -2.478353919649029513e-01 -2.413826619495839099e-01 -2.435124660486277515e-01 -2.397953860602894949e-01 -2.403155833529088403e-01 -2.457282660379341288e-01
1.238280988425524498e+01 -2.465145987370777614e-01 -2.479315083232876415e-01 -2.514380006489884134e-01 -2.456356719915457898e-01 -2.478138924172560986e-01 -2.443181290789882554e-01 -2.447292491818758298e-01 -2.499142918771956601e-01
1.230733737373375369e+01 -2.558229072731499354e-01 -2.574590668246403702e-01 -2.612257425119718368e-01 -2.545926797933456553e-01 -2.570741635771380817e-01 -2.534194751781389532e-01 -2.540977341318441662e-01 -2.597126682768695627e-01
1.228812608830893538e+01 -2.589200927689390697e-01 -2.605996149231440406e-01 -2.644083012511687647e-01 -2.577798048611358306e-01 -2.601960322110491441e-01 -2.565232755101590767e-01 -2.572685985794934127e-01 -2.629125576252426821e-01
1.228812604120355978e+01 -2.620171942524268105e-01 -2.637401034983530290e-01 -2.675906239801699726e-01 -2.609616346336730008e-01 -2.633204481501915661e-01 -2.596436400001410627e-01 -2.604294572458186741e-01 -2.661120615853673765e-01
1.228812556151436119e+01 -2.651144283521804090e-01 -2.668807125091219867e-01 -2.707729172688325137e-01 -2.641491544349390819e-01 -2.664586499581032553e-01 -2.627572260366199952e-01 -2.635993737703669626e-01 -2.693114602098048427e-01
1.228812549837883417e+01 -2.682116729256868726e-01 -2.700212979494277521e-01 -2.739557168008878718e-01 -2.672250474401871023e-01 -2.695826934495528793e-01 -2.658512141416337626e-01 -2.667815340144621961e-01 -2.725113899268032380e-01
1.212964377800153670e+01 -2.723902191920821725e-01 -2.742041696485384428e-01 -2.780551065034300162e-01 -2.713448440333652845e-01 -2.736717377206915325e-01 -2.699262455248044312e-01 -2.709223638750103968e-01 -2.766853011150367525e-01
1.212964376486561946e+01 -2.765688639330903809e-01 -2.783871438243179508e-01 -2.821541997648485678e-01 -2.754774840276458803e-01 -2.777705278332150973e-01 -2.739975086934528514e-01 -2.750565167431196500e-01 -2.808511320334586836e-01
1.212964326833589901e+01 -2.807474863307246049e-01 -2.825700806356321593e-01 -2.862535595232692520e-01 -2.796088483244686396e-01 -2.818695698082001599e-01 -2.780771196891076991e-01 -2.791895200147829215e-01 -2.850175292632554092e-01
1.212964324413883510e+01 -2.849260155362199898e-01 -2.867529281292594545e-01 -2.903529689097030242e-01 -2.837611968601889134e-01 -2.859590751418002452e-01 -2.821716701792846838e-01 -2.833279869188850553e-01 -2.891910235228636883e-01
1.208105834063100481e+01 -2.899787062671235205e-01 -2.917924817429339845e-01 -2.956345028998511593e-01 -2.885584404746667220e-01 -2.908486339534928078e-01 -2.870058867810807435e-01 -2.882629718735367774e-01 -2.942671302648549592e-01
1.208105829508895290e+01 -2.950314587131510069e-01 -2.968320848910265264e-01 -3.009156141998987621e-01 -2.933464163178735040e-01 -2.957378157939546948e-01 -2.918352286493736125e-01 -2.932097970464114800e-01 -2.993454537911588997e-01
1.208105659754814276e+01 -3.000840943199627464e-01 -3.018715807551081154e-01 -3.061969504753697113e-01 -2.981465050523514071e-01 -3.006215797656472954e-01 -2.966690268511696926e-01 -2.981456188010631614e-01 -3.044237362131501645e-01
1.208105653122263590e+01 -3.051368388612351601e-01 -3.069111872323563861e-01 -3.114786687933755460e-01 -3.029448994781003268e-01 -3.055174359085705560e-01 -3.015016748264689461e-01 -3.030878216574918738e-01 -3.094998436908287798e-01
1.195435276095829913e+01 -3.187961968593658879e-01 -3.206835377096021178e-01 -3.259601034662443775e-01 -3.157445468050912862e-01 -3.189830663092117491e-01 -3.146185843345195021e-01 -3.166169200575881804e-01 -3.236302278378925812e-01
1.191380797720990081e+01 -3.209057178394510434e-01 -3.230489046751802706e-01 -3.270735546352709355e-01 -3.183411834504249471e-01 -3.213616674299085152e-01 -3.173214432490683579e-01 -3.191198674438342486e-01 -3.256277344512694683e-01
1.189273005503309122e+01 -3.226880975678509955e-01 -3.247578332637054421e-01 -3.287954189950617057e-01 -3.201917504807084147e-01 -3.229977122052367089e-01 -3.190896475716122338e-01 -3.208025325720190724e-01 -3.271313834332817416e-01
1.189273001033688359e+01 -3.244704878199667908e-01 -3.264667520165769332e-01 -3.305170013579587507e-01 -3.220264582495521721e-01 -3.246350084794884516e-01 -3.208631203726275416e-01 -3.224872015042108409e-01 -3.286342726741077191e-01
1.189272831707589972e+01 -3.262529673524975915e-01 -3.281757823666161533e-01 -3.322387110713309055e-01 -3.238703080583958949e-01 -3.262728068337402143e-01 -3.226224512536429168e-01 -3.241812007564026654e-01 -3.301373083549337673e-01
1.189272824798097439e+01 -3.280354114150415556e-01 -3.298847743424901946e-01 -3.339602367370173019e-01 -3.257183648999504855e-01 -3.279085591402991495e-01 -3.243903212296899152e-01 -3.258635107463644376e-01 -3.316409999126334607e-01
1.189115165691773512e+01 -3.309317160172971506e-01 -3.327768679622338799e-01 -3.354990085921646936e-01 -3.289168353010110124e-01 -3.307901962786952144e-01 -3.276198709256930020e-01 -3.288255173858900537e-01 -3.339417600285298215e-01
1.185455302415581436e+01 -3.264918379667026693e-01 -3.273598546151474387e-01 -3.313321129620472316e-01 -3.242796089875738530e-01 -3.254084162636117772e-01 -3.227853452245356136e-01 -3.233375785834605720e-01 -3.272472768445681135e-01
1.180108984687127283e+01 -3.299752542336673589e-01 -3.312550687094391599e-01 -3.344304785901585642e-01 -3.281323557785111311e-01 -3.293020814539232566e-01 -3.269158260542583405e-01 -3.273961163307829159e-01 -3.311521181505459044e-01
1.151198530091339656e+01 -3.360002909734952636e-01 -3.367005750870516456e-01 -3.412552820463115033e-01 -3.337435932930681859e-01 -3.345889117497415910e-01 -3.323297023453775090e-01 -3.326715358235509679e-01 -3.360629544042705863e-01
1.143170590071704851e+01 -3.402032254948064161e-01 -3.409684285167105533e-01 -3.437746496042323741e-01 -3.383599027558857886e-01 -3.387870931908851801e-01 -3.369409375900964121e-01 -3.370061697187010097e-01 -3.396402404327846791e-01
1.131644354548893006e+01 -3.473570067476834389e-01 -3.485991566681920784e-01 -3.510543887530381268e-01 -3.457516318377869546e-01 -3.463103121773504212e-01 -3.446014052615141710e-01 -3.445273573363520914e-01 -3.474236621400506042e-01
1.129424631152964942e+01 -3.659842597497427463e-01 -3.675910310529462155e-01 -3.699552030858435092e-01 -3.637426259979574250e-01 -3.650052352849545434e-01 -3.629860915756578099e-01 -3.634281429122194762e-01 -3.669814502574769710e-01
1.122718948044150267e+01 -3.754713386312500401e-01 -3.771397620810044149e-01 -3.800724663688189175e-01 -3.728845263005152177e-01 -3.743581804832630811e-01 -3.723357194886633970e-01 -3.729056165728938943e-01 -3.765004929229321951e-01
1.122718636370767875e+01 -3.849587404480980801e-01 -3.866888328314721512e-01 -3.901901272319686642e-01 -3.819957181557838699e-01 -3.836998329938788310e-01 -3.816939283367007940e-01 -3.823777397313382620e-01 -3.860257352652611273e-01
1.088405775851300028e+01 -3.923840627272755510e-01 -3.944701906112702550e-01 -3.978635979112241650e-01 -3.894107706097935107e-01 -3.913969972718497337e-01 -3.893214927230314037e-01 -3.902282082630973425e-01 -3.941500099645618982e-01
1.088405774490019517e+01 -3.998091880692784539e-01 -4.022513363455220703e-01 -4.055368330673061461e-01 -3.968313649623635420e-01 -3.990947436087442513e-01 -3.969412087478335072e-01 -3.980603672788635694e-01 -4.022701568026763042e-01
1.088405462313503058e+01 -4.072342412018592483e-01 -4.100324200936835140e-01 -4.132108248769614800e-01 -4.042571286676442943e-01 -4.067686243379458610e-01 -4.045527906276673025e-01 -4.058810043923996580e-01 -4.103898925976644518e-01
1.088405459527898067e+01 -4.146595831408803612e-01 -4.178138008269444148e-01 -4.208848230337519647e-01 -4.116719738230936732e-01 -4.144419225969933063e-01 -4.121708606955264420e-01 -4.137116871201516610e-01 -4.185137136781514888e-01
1.062161566832917181e+01 -4.341344000827963567e-01 -4.369240816055037779e-01 -4.419063286796236500e-01 -4.300692729875675857e-01 -4.332032180382130448e-01 -4.306016758937553091e-01 -4.325678346487746850e-01 -4.377100326967556243e-01
1.059776790011949466e+01 -4.372470038366089717e-01 -4.408269657466998837e-01 -4.445471800208570246e-01 -4.343446620473156439e-01 -4.371976852258126489e-01 -4.351127747467090634e-01 -4.368791868533279388e-01 -4.415363668096040639e-01
1.055227105686509148e+01 -4.419596949610736236e-01 -4.453409988437973532e-01 -4.493135340030711133e-01 -4.389618248104694143e-01 -4.416467505605458643e-01 -4.397255802419879345e-01 -4.413538604546355382e-01 -4.456958625138195962e-01
1.055227099737295937e+01 -4.466724175658733920e-01 -4.498550708679781573e-01 -4.540798202502416281e-01 -4.435775244412497043e-01 -4.460958183626634321e-01 -4.443369863382857776e-01 -4.458188092666050539e-01 -4.498555718321593511e-01
1.055227037874612428e+01 -4.513852097784053496e-01 -4.543692008362207879e-01 -4.588453595132763185e-01 -4.482013418771143010e-01 -4.505451806897038947e-01 -4.489187921285963112e-01 -4.502869399256825833e-01 -4.540153259332485036e-01
1.055227031009794025e+01 -4.560980610558792447e-01 -4.588833811099041204e-01 -4.636119786570355172e-01 -4.528256810453524239e-01 -4.549945196293599947e-01 -4.535347580378878973e-01 -4.547605486140980924e-01 -4.581749501002135849e-01
1.050682554105229904e+01 -4.842113216408983623e-01 -4.871009776022375282e-01 -4.933350550098974940e-01 -4.797494476586502410e-01 -4.828111292340666050e-01 -4.807303700667023283e-01 -4.827644214756666718e-01 -4.871642708935107757e-01
1.047983684329018317e+01 -4.843465847627143606e-01 -4.869394605791765862e-01 -4.931588254438643015e-01 -4.800734344116728280e-01 -4.826986615423246030e-01 -4.810275485329031930e-01 -4.826529808222563833e-01 -4.863250167253683198e-01
1.047983678588932044e+01 -4.844817862058243829e-01 -4.867779111003830983e-01 -4.929829329370682967e-01 -4.803657656130869147e-01 -4.825881114996603549e-01 -4.813007254095501564e-01 -4.825428495986372468e-01 -4.854857500505406764e-01
1.047983618696665253e+01 -4.846170112802253849e-01 -4.866163490767159150e-01 -4.928070758820456421e-01 -4.806600628719589485e-01 -4.823933576345347807e-01 -4.815247813791908582e-01 -4.824446208514641676e-01 -4.846464191443382585e-01
1.047983611524712799e+01 -4.847522232230170869e-01 -4.864548077104703383e-01 -4.926310116963357744e-01 -4.809816643224393284e-01 -4.822887968803313830e-01 -4.817899933383853472e-01 -4.823466725944999256e-01 -4.838070379848211644e-01
1.027246457253201051e+01 -4.898561309020590393e-01 -4.912427303941417911e-01 -4.979496455719922832e-01 -4.858691083993344484e-01 -4.869873951981314453e-01 -4.866638311763217817e-01 -4.870576318586222753e-01 -4.881493680254742062e-01
1.027246455549337156e+01 -4.949603247626322977e-01 -4.960309395615093986e-01 -5.032689662783320639e-01 -4.907635205263982114e-01 -4.916850972457772473e-01 -4.915153712822835641e-01 -4.917569845369605952e-01 -4.924734198716261835e-01
1.027246247983005034e+01 -5.000644529773244917e-01 -5.008191140954432186e-01 -5.085877039230110030e-01 -4.957170971599859088e-01 -4.963849803194222421e-01 -4.964129611637864703e-01 -4.964590842583997965e-01 -4.967978369217139756e-01
1.027246245306598738e+01 -5.051684892797924098e-01 -5.056071596579858607e-01 -5.139066644502270353e-01 -5.006196063834050802e-01 -5.010905921832214949e-01 -5.012663650172640706e-01 -5.011762423656229704e-01 -5.011398627263027317e-01
9.903259070833584587e+00 -5.360888609786225167e-01 -5.373207394454651009e-01 -5.434682030094378780e-01 -5.312157160771820985e-01 -5.323331139511339183e-01 -5.323192355690496980e-01 -5.328688585897416452e-01 -5.330346263826535314e-01
9.807804915024080472e+00 -5.747807441840121490e-01 -5.759177893376640212e-01 -5.846099543513350039e-01 -5.675520809775528308e-01 -5.697709344012340527e-01 -5.691540023361478795e-01 -5.705362980119115246e-01 -5.720097980272720317e-01
9.573572643884125100e+00 -5.903594700698930886e-01 -5.921343780753353103e-01 -5.991992977387006203e-01 -5.831716519872824911e-01 -5.856971418541044860e-01 -5.851772041801586166e-01 -5.868019453428815480e-01 -5.882581833110822611e-01
9.573572628954876151e+00 -6.059383298402721829e-01 -6.083510897187701660e-01 -6.137899081307840454e-01 -5.988181406988796196e-01 -6.016250942500533938e-01 -6.012045369790741667e-01 -6.030586657005415629e-01 -6.045085966842715930e-01
9.573570545117206620e+00 -6.215168666883866821e-01 -6.245675023313008722e-01 -6.283791254758773759e-01 -6.144542809824224960e-01 -6.175532903366159898e-01 -6.172430952235943291e-01 -6.193296909768424285e-01 -6.207565657751438204e-01
9.573570512557703083e+00 -6.370949558942313740e-01 -6.407834943992426480e-01 -6.429678537538857652e-01 -6.300763695753688332e-01 -6.334797418913307165e-01 -6.332849285667127015e-01 -6.355982632482300998e-01 -6.370054363123245356e-01
9.387373487374096825e+00 -6.108545299966001707e-01 -6.100285710958454066e-01 -6.174627461014625673e-01 -6.041231709031115171e-01 -6.032713389307662322e-01 -6.058281209715390414e-01 -6.048474599758895121e-01 -6.006268000736575408e-01
9.361506889970096168e+00 -6.700595313543683540e-01 -6.699198289805068374e-01 -6.782873317130571067e-01 -6.612729104016328296e-01 -6.623096898017944989e-01 -6.637179535756438931e-01 -6.645607424742839831e-01 -6.621055281121026592e-01
9.295490539077503556e+00 -6.835680334246364565e-01 -6.849120096948375647e-01 -6.870565265569171798e-01 -6.764599187779474221e-01 -6.770902354292943626e-01 -6.798176993238748134e-01 -6.800286678627450732e-01 -6.753083769212433474e-01
9.153763844015145423e+00 -7.040352552219222293e-01 -7.073857831099308324e-01 -7.043058871325833525e-01 -6.985459295431429849e-01 -6.993280959599494917e-01 -7.030992961738704583e-01 -7.030654864500618384e-01 -6.970902453029517165e-01
9.035177165497886520e+00 -7.652965718250182015e-01 -7.693753151735028828e-01 -7.685226791125401302e-01 -7.570913124899364410e-01 -7.595726998622102100e-01 -7.624455953018091092e-01 -7.640027293852956758e-01 -7.600519173504804993e-01
8.971985427673123681e+00 -8.305194187716028464e-01 -8.357003821560389234e-01 -8.323619476759410718e-01 -8.212099782084987254e-01 -8.249806062311035859e-01 -8.272512778961631508e-01 -8.301966040852342132e-01 -8.269429798241874074e-01
8.293258355384793390e+00 -9.271519019438499987e-01 -9.345985930044902190e-01 -9.318808977327411869e-01 -9.143306781865541133e-01 -9.213867736595917624e-01 -9.225167598108492406e-01 -9.279605059512276988e-01 -9.280225378888007359e-01
8.275279500486860229e+00 -9.640183484991092788e-01 -9.666171724358829653e-01 -9.723676085782522183e-01 -9.465558987724886908e-01 -9.515322373557766333e-01 -9.545839071930618536e-01 -9.583914713005413644e-01 -9.553001014957545056e-01
8.232859518875283555e+00 -1.008852864650317871e+00 -1.011150684434787284e+00 -1.017951884283707198e+00 -9.892617094394168253e-01 -9.951834257427957242e-01 -9.982256620172162975e-01 -1.002643004820178874e+00 -9.998020022987965660e-01
8.232859489005400988e+00 -1.053688079209070150e+00 -1.055684902120078927e+00 -1.063535227958604112e+00 -1.031968847573543568e+00 -1.038831097155197059e+00 -1.041850467529013446e+00 -1.046895502319781013e+00 -1.044304626567769789e+00
8.232858625612328396e+00 -1.098522865805768856e+00 -1.100218696194494639e+00 -1.109117636247994199e+00 -1.074658441644700257e+00 -1.082481566143135066e+00 -1.085474199020427521e+00 -1.091131658945132310e+00 -1.088807027017175688e+00
8.232858600601465682e+00 -1.143357028829400601e+00 -1.144751844029959997e+00 -1.154699767503842400e+00 -1.117347252379929490e+00 -1.126142267836921285e+00 -1.129080696917702298e+00 -1.135367354172295506e+00 -1.133308851176337395e+00
8.165893982210707946e+00 -1.233380088766117044e+00 -1.236462426705963846e+00 -1.236470998999886106e+00 -1.207131038952439450e+00 -1.216106126024776302e+00 -1.221020046315248742e+00 -1.227138221397797269e+00 -1.221444687113486527e+00
7.947854012254150113e+00 -1.331170540881957853e+00 -1.332185210063435710e+00 -1.340144037428497858e+00 -1.298623088571092099e+00 -1.309992031776301857e+00 -1.314512936100166174e+00 -1.322283706373726941e+00 -1.318193563773023547e+00
7.937059665509640816e+00 -1.400854227810427899e+00 -1.402929254205016685e+00 -1.409100264055692886e+00 -1.365971879927770249e+00 -1.379367498459656671e+00 -1.383633126493658105e+00 -1.392718232074152018e+00 -1.389430264867107523e+00
7.937059651198264731e+00 -1.470538632835457271e+00 -1.473674026572524776e+00 -1.478061285593587071e+00 -1.433317813065641211e+00 -1.448745052566707603e+00 -1.452751390009953125e+00 -1.463139819024403154e+00 -1.460670518588574884e+00
7.937058818163156282e+00 -1.540222821243223628e+00 -1.544418658875208017e+00 -1.547020620067861785e+00 -1.500686535900542129e+00 -1.518123123969294719e+00 -1.521866236465865718e+00 -1.533554144380403272e+00 -1.531909711690474740e+00
7.937058775086712537e+00 -1.609906060532999561e+00 -1.615162324785935466e+00 -1.615979086566320611e+00 -1.568064707176792583e+00 -1.587500719610647648e+00 -1.590966943985981041e+00 -1.603987225250131043e+00 -1.603146190436365748e+00
7.918115177639053037e+00 -1.709240865908247198e+00 -1.718902305918645013e+00 -1.714267864360686122e+00 -1.666566151956049069e+00 -1.689353924611221913e+00 -1.693048698662268148e+00 -1.707992223989665437e+00 -1.708847781280801836e+00
7.646692981710969228e+00 -1.776086386020521379e+00 -1.786055566116710569e+00 -1.782676700898177424e+00 -1.729607099183530394e+00 -1.754337990472042197e+00 -1.758115990019128105e+00 -1.774201769975500609e+00 -1.776394223322415034e+00
7.646692969912289861e+00 -1.842931559592279500e+00 -1.853208472972137422e+00 -1.851087941874431930e+00 -1.792638189921945457e+00 -1.819320690364401694e+00 -1.823187145973440559e+00 -1.840425575874680808e+00 -1.843939671088717702e+00
7.646690203091245586e+00 -1.909777342246564036e+00 -1.920362014812470264e+00 -1.919500800344063007e+00 -1.855704556424161433e+00 -1.884303523695677551e+00 -1.888259727841636204e+00 -1.906662412888877611e+00 -1.911485919153191659e+00
7.646690156232920366e+00 -1.976623383511832976e+00 -1.987515814555359306e+00 -1.987911822828505537e+00 -1.918763834426714388e+00 -1.949285882446645246e+00 -1.953336980845883142e+00 -1.972913671811506120e+00 -1.979032471868662935e+00
7.324546707932479528e+00 -2.073134592214070260e+00 -2.086915901621181124e+00 -2.083534223483229031e+00 -2.012439034638620505e+00 -2.046328527664429409e+00 -2.050675795627125098e+00 -2.072120390419345703e+00 -2.079896383659178838e+00
7.324546685996957684e+00 -2.169645197080976029e+00 -2.186315346456268127e+00 -2.179156832052958404e+00 -2.106111572517478603e+00 -2.143373065910215036e+00 -2.148011671897284813e+00 -2.171323916140983634e+00 -2.180759606881823132e+00
7.324543907536210874e+00 -2.266155535454555281e+00 -2.285714648703419449e+00 -2.274776717554928496e+00 -2.199791455424884301e+00 -2.240418904180148996e+00 -2.245350852399289554e+00 -2.270533793476314344e+00 -2.281612931454390480e+00
7.324543867648096729e+00 -2.362666629938391605e+00 -2.385114729488343244e+00 -2.370399954747044902e+00 -2.293471511819151765e+00 -2.337462243975773291e+00 -2.342737950532886693e+00 -2.369741133123177690e+00 -2.382466884041891220e+00
6.810811507043177393e+00 -2.796895071373730612e+00 -2.824050779034118719e+00 -2.815547851634534915e+00 -2.698704957341448996e+00 -2.763570568177335041e+00 -2.766600105341117999e+00 -2.804825714330644537e+00 -2.837718280909223179e+00
6.602802553139405894e+00 -3.245200369990294487e+00 -3.274501681441841505e+00 -3.275405020721660065e+00 -3.113705293600483426e+00 -3.199842636840400267e+00 -3.200436199297170159e+00 -3.250216980082767382e+00 -3.305752716556273452e+00
6.064820747978854065e+00 -3.941805722694343039e+00 -3.952673582309023992e+00 -3.859572578820779754e+00 -3.873257839829476357e+00 -3.924002272462689511e+00 -3.989837901453511471e+00 -3.992273536935134537e+00 -3.945102515081997829e+00
4.879876784204481233e+00 -5.438070672938517092e+00 -5.420244440231650529e+00 -5.362801007216845939e+00 -5.426902290265547713e+00 -5.525875867485726900e+00 -5.668319281688248168e+00 -5.667237290192114862e+00 -5.679389901511387784e+00
4.879876783261088313e+00 -6.934328887450973866e+00 -6.887810573981229645e+00 -6.866018500102487820e+00 -6.980534680387706636e+00 -7.127740309956867470e+00 -7.346792436189467423e+00 -7.342211871021246949e+00 -7.413669423942588210e+00
4.879875284071528263e+00 -8.430598845872527392e+00 -8.355385957415380815e+00 -8.369252504249644176e+00 -8.534208467440059565e+00 -8.729630852567039412e+00 -9.025278558220055203e+00 -9.017207723845224621e+00 -9.147964651002965297e+00
4.879875191366439324e+00 -9.926862199837607648e+00 -9.822956718631315809e+00 -9.872475461404080832e+00 -1.008787963141831767e+01 -1.033150831306069506e+01 -1.070376298080247679e+01 -1.069220435507682332e+01 -1.088225224143076453e+01
4.854291847385022507e+00 -1.281905930576961694e+01 -1.273698927122184266e+01 -1.268172326763825453e+01 -1.327887405286105071e+01 -1.361485420684705794e+01 -1.410833753455985828e+01 -1.409721362380345866e+01 -1.429583856098430061e+01
4.689720404504575946e+00 -1.420619489955854142e+01 -1.413951776452570996e+01 -1.393932679642971628e+01 -1.486765843011206911e+01 -1.521928049644546554e+01 -1.580764318698118487e+01 -1.576846226563131026e+01 -1.591145922380290401e+01
4.689720349898125917e+00 -1.559333423996260670e+01 -1.554205029600797161e+01 -1.519693382085479172e+01 -1.645644956908778767e+01 -1.682370899004776632e+01 -1.750698513023585789e+01 -1.743975919121670159e+01 -1.752708522966761251e+01
4.689718793492954951e+00 -1.698047357511089217e+01 -1.694458580069239417e+01 -1.645453920014864835e+01 -1.804524660179398055e+01 -1.842814718393379536e+01 -1.920629890361376724e+01 -1.911101860418386522e+01 -1.914271573592299802e+01
4.689718751012224907e+00 -1.836760918859676650e+01 -1.834711734504711345e+01 -1.771214111445387474e+01 -1.963404469388935070e+01 -2.003258111564237964e+01 -2.090560507344291352e+01 -2.078227616352045004e+01 -2.075834141105875474e+01
4.381653042614120253e+00 -2.263888547718240218e+01 -2.260693876656664969e+01 -2.170781388800384093e+01 -2.425494964688228805e+01 -2.472791929765753594e+01 -2.580904688365573918e+01 -2.564341108258183866e+01 -2.556791360388499612e+01
