shell0_X0_Y0_Z0_mono0_fix1/shell0_X0_Y0_Z0_mono1_fix1/shell0_X0_Y0_Z0_mono2_fix1//test20tig_AVTZ// DONE 4.565751472509687 4.565751472509687 4.565751472509687 13.697254417529061 6 0.011732891
shell0_X0_Y0_Z0_mono0_fix1/shell0_X0_Y0_Z0_mono1_fix1/shell1_X1_Y0_Z1_mono3_fix1//test20tig_AVTZ// DONE 4.565751472509687 4.565751485810556 4.565751484644253 13.697254442964496 18 0.011113754
shell0_X0_Y0_Z0_mono0_fix1/shell0_X0_Y0_Z0_mono1_fix1/shell1_X0_Y0_Z1_mono1_fix1//test20tig_AVTZ// DONE 4.565751472509687 4.565751485174007 6.283227169962359 15.414730127646052 18 0.005449147
shell0_X0_Y0_Z0_mono0_fix1/shell0_X0_Y0_Z0_mono1_fix1/shell1_X-1_Y0_Z0_mono1_fix1//test20tig_AVTZ// DONE 4.565751472509687 4.565751485280802 6.283227169962361 15.414730127752849 18 0.004908410
shell0_X0_Y0_Z0_mono0_fix1/shell0_X0_Y0_Z0_mono1_fix1/shell1_X1_Y0_Z0_mono3_fix1//test20tig_AVTZ// DONE 4.565751472509687 7.573765382331708 4.565751473146237 16.705268327987632 18 0.000497056
shell0_X0_Y0_Z0_mono0_fix1/shell0_X0_Y0_Z0_mono3_fix1/shell1_X-1_Y0_Z0_mono1_fix1//test20tig_AVTZ// DONE 7.57376537453448 4.565751485280802 4.565751473146237 16.705268332961516 18 -0.000552516
shell0_X0_Y0_Z0_mono0_fix1/shell0_X0_Y0_Z0_mono2_fix1/shell1_X0_Y1_Z0_mono3_fix1//test20tig_AVTZ// DONE 4.565751472509687 7.664413314073836 4.565751473146237 16.795916259729758 18 -0.001966342
shell0_X0_Y0_Z0_mono0_fix1/shell0_X0_Y0_Z0_mono1_fix1/shell1_X0_Y1_Z1_mono3_fix1//test20tig_AVTZ// DONE 4.565751472509687 4.565751484644253 7.664413321585641 16.795916278739583 18 0.000201708
shell0_X0_Y0_Z0_mono0_fix1/shell0_X0_Y0_Z0_mono1_fix1/shell1_X1_Y0_Z-1_mono0_fix1//test20tig_AVTZ// DONE 4.565751472509687 8.69884916629692 4.565751497945122 17.830352136751728 9 -0.004662990
shell0_X0_Y0_Z0_mono0_fix1/shell0_X0_Y0_Z0_mono1_fix1/shell1_X-1_Y0_Z1_mono1_fix1//test20tig_AVTZ// DONE 4.565751472509687 4.565751497945122 8.813938135457056 17.945441105911865 9 -0.002939409
shell0_X0_Y0_Z0_mono0_fix1/shell0_X0_Y0_Z0_mono3_fix1/shell1_X0_Y0_Z-1_mono0_fix1//test20tig_AVTZ// DONE 7.57376537453448 6.283227169962362 4.565751473146237 18.422744017643076 18 0.001715048
shell0_X0_Y0_Z0_mono0_fix1/shell0_X0_Y0_Z0_mono3_fix1/shell1_X0_Y0_Z1_mono3_fix1//test20tig_AVTZ// DONE 7.57376537453448 4.565751473146237 6.2832271699623625 18.42274401764308 18 0.001375614
shell0_X0_Y0_Z0_mono0_fix1/shell0_X0_Y0_Z0_mono2_fix1/shell1_X-1_Y0_Z0_mono2_fix1//test20tig_AVTZ// DONE 4.565751472509687 7.66441332146008 6.283227169962359 18.513391963932126 18 0.000659000
shell0_X0_Y0_Z0_mono0_fix1/shell0_X0_Y0_Z0_mono1_fix1/shell1_X0_Y1_Z0_mono1_fix1//test20tig_AVTZ// DONE 4.565751472509687 7.66441332146008 6.283227169962361 18.51339196393213 18 0.001016969
shell0_X0_Y0_Z0_mono0_fix1/shell0_X0_Y0_Z0_mono1_fix1/shell0_X0_Y0_Z0_mono3_fix1//test20tig_AVTZ// DONE 4.565751472509687 7.57376537453448 7.57376537453448 19.713282221578645 18 0.001053070
shell0_X0_Y0_Z0_mono0_fix1/shell0_X0_Y0_Z0_mono1_fix1/shell1_X0_Y1_Z0_mono3_fix1//test20tig_AVTZ// DONE 4.565751472509687 7.664413314073836 7.573765382331708 19.80393016891523 18 0.000739286
shell0_X0_Y0_Z0_mono0_fix1/shell1_X-1_Y1_Z0_mono1_fix1/shell1_X0_Y1_Z0_mono3_fix1//test20tig_AVTZ// DONE 7.5737653974569294 7.664413314073836 4.565751473146237 19.803930184677 18 0.000768727
shell0_X0_Y0_Z0_mono0_fix1/shell1_X0_Y0_Z1_mono3_fix1/shell1_X-1_Y0_Z0_mono2_fix1//test20tig_AVTZ// DONE 4.565751473146237 7.66441332146008 7.664413321585641 19.89457811619196 18 0.000694261
shell0_X0_Y0_Z0_mono0_fix1/shell0_X0_Y0_Z0_mono1_fix1/shell1_X0_Y0_Z-1_mono1_fix1//test20tig_AVTZ// DONE 4.565751472509687 9.762161009125471 6.283227169962362 20.61113965159752 18 -0.000491592
shell0_X0_Y0_Z0_mono0_fix1/shell0_X0_Y0_Z0_mono1_fix1/shell1_X0_Y0_Z1_mono0_fix1//test20tig_AVTZ// DONE 4.565751472509687 6.283227169962361 9.762161009125473 20.61113965159752 18 -0.000292527
shell0_X0_Y0_Z0_mono0_fix1/shell0_X0_Y0_Z0_mono2_fix1/shell1_X0_Y0_Z-1_mono2_fix1//test20tig_AVTZ// DONE 4.565751472509687 9.763617675955022 6.28322716996236 20.61259631842707 18 -0.000310771
shell0_X0_Y0_Z0_mono0_fix1/shell0_X0_Y0_Z0_mono1_fix1/shell1_X1_Y0_Z0_mono1_fix1//test20tig_AVTZ// DONE 4.565751472509687 9.763617675955024 6.283227169962361 20.612596318427073 18 -0.000597194
shell0_X0_Y0_Z0_mono0_fix1/shell1_X1_Y0_Z-1_mono0_fix1/shell1_X1_Y0_Z0_mono3_fix1//test20tig_AVTZ// DONE 8.69884916629692 7.573765382331708 4.565751473146237 20.838366021774867 18 0.000427587
shell0_X0_Y0_Z0_mono0_fix1/shell1_X0_Y1_Z1_mono0_fix1/shell1_X0_Y1_Z1_mono3_fix1//test20tig_AVTZ// DONE 8.69884916629692 4.565751484644253 7.57376537453448 20.83836602547565 18 0.000542458
shell0_X0_Y0_Z0_mono0_fix1/shell0_X0_Y0_Z0_mono3_fix1/shell1_X0_Y1_Z1_mono3_fix1//test20tig_AVTZ// DONE 7.57376537453448 4.565751484644253 8.698849166296922 20.838366025475658 18 0.000482769
shell0_X0_Y0_Z0_mono0_fix1/shell0_X0_Y0_Z0_mono2_fix1/shell1_X-1_Y-1_Z0_mono2_fix1//test20tig_AVTZ// DONE 4.565751472509687 7.664413328971884 8.69884916629692 20.92901396777849 18 0.000561130
shell0_X0_Y0_Z0_mono0_fix1/shell1_X0_Y0_Z1_mono3_fix1/shell1_X1_Y0_Z0_mono3_fix1//test20tig_AVTZ// DONE 4.565751473146237 7.573765382331708 8.813938135457056 20.953454990935 18 0.000282426
shell0_X0_Y0_Z0_mono0_fix1/shell1_X0_Y1_Z-1_mono0_fix1/shell1_X0_Y1_Z0_mono3_fix1//test20tig_AVTZ// DONE 8.813938135457056 7.664413314073836 4.565751473146237 21.044102922677126 18 0.000302819
shell0_X0_Y0_Z0_mono0_fix1/shell1_X0_Y0_Z1_mono3_fix1/shell1_X0_Y1_Z0_mono3_fix1//test20tig_AVTZ// DONE 4.565751473146237 7.664413314073836 8.813938135457056 21.044102922677126 18 0.000342341
shell0_X0_Y0_Z0_mono0_fix1/shell0_X0_Y0_Z0_mono1_fix1/shell1_X0_Y1_Z1_mono1_fix1//test20tig_AVTZ// DONE 4.565751472509687 7.664413328971884 8.813938135457056 21.04410293693863 18 0.000370945
shell0_X0_Y0_Z0_mono0_fix1/shell1_X0_Y-1_Z-1_mono0_fix1/shell1_X0_Y0_Z-1_mono0_fix1//test20tig_AVTZ// DONE 8.698849166296922 6.283227169962362 6.283227169962359 21.265303506221642 18 0.000344508
shell0_X0_Y0_Z0_mono0_fix1/shell1_X-1_Y0_Z-1_mono0_fix1/shell1_X0_Y0_Z-1_mono0_fix1//test20tig_AVTZ// DONE 8.813938135457056 6.283227169962362 6.283227169962361 21.380392475381775 18 0.000197020
shell0_X0_Y0_Z0_mono0_fix1/shell0_X0_Y0_Z0_mono3_fix1/shell1_X-1_Y0_Z0_mono0_fix1//test20tig_AVTZ// DONE 7.57376537453448 6.283227169962361 7.573765382331708 21.430757926828548 18 0.000355581
shell0_X0_Y0_Z0_mono0_fix1/shell1_X0_Y1_Z0_mono0_fix1/shell1_X0_Y1_Z0_mono3_fix1//test20tig_AVTZ// DONE 6.283227169962359 7.664413314073836 7.57376537453448 21.521405858570674 18 0.000327692
shell0_X0_Y0_Z0_mono0_fix1/shell0_X0_Y0_Z0_mono3_fix1/shell1_X0_Y1_Z0_mono3_fix1//test20tig_AVTZ// DONE 7.57376537453448 7.664413314073836 6.2832271699623625 21.521405858570677 18 0.000292475
shell0_X0_Y0_Z0_mono0_fix1/shell1_X-1_Y0_Z0_mono0_fix1/shell1_X0_Y1_Z0_mono3_fix1//test20tig_AVTZ// DONE 6.283227169962361 7.664413314073836 7.664413321585641 21.612053805621837 18 0.000276853
shell0_X0_Y0_Z0_mono0_fix1/shell0_X0_Y0_Z0_mono3_fix1/shell1_X-1_Y0_Z-1_mono1_fix1//test20tig_AVTZ// DONE 7.57376537453448 9.762161015101716 4.565751484644253 21.90167787428045 18 0.000104076
shell0_X0_Y0_Z0_mono0_fix1/shell1_X0_Y0_Z-1_mono1_fix1/shell1_X1_Y0_Z0_mono3_fix1//test20tig_AVTZ// DONE 9.762161009125471 7.573765382331708 4.565751484644253 21.90167787610143 18 0.000109473
shell0_X0_Y0_Z0_mono0_fix1/shell0_X0_Y0_Z0_mono1_fix1/shell1_X0_Y0_Z-1_mono2_fix1//test20tig_AVTZ// DONE 4.565751472509687 9.763617675955022 7.573765389968425 21.903134538433136 18 0.000091107
shell0_X0_Y0_Z0_mono0_fix1/shell0_X0_Y0_Z0_mono3_fix1/shell1_X-1_Y0_Z1_mono1_fix1//test20tig_AVTZ// DONE 7.57376537453448 4.565751497945122 9.763617676156576 21.903134548636178 18 0.000157028
shell0_X0_Y0_Z0_mono0_fix1/shell0_X0_Y0_Z0_mono2_fix1/shell1_X0_Y0_Z-1_mono1_fix1//test20tig_AVTZ// DONE 4.565751472509687 9.762161009125471 7.66441332146008 21.992325803095238 18 0.000145654
shell0_X0_Y0_Z0_mono0_fix1/shell1_X-1_Y0_Z1_mono3_fix1/shell1_X-1_Y0_Z0_mono1_fix1//test20tig_AVTZ// DONE 9.762161009190821 4.565751485280802 7.664413314073838 21.99232580854546 18 0.000120033
shell0_X0_Y0_Z0_mono0_fix1/shell1_X0_Y0_Z-1_mono2_fix1/shell1_X0_Y1_Z0_mono3_fix1//test20tig_AVTZ// DONE 9.763617675955022 7.664413314073836 4.565751485810556 21.993782475839414 18 0.000195463
shell0_X0_Y0_Z0_mono0_fix1/shell1_X0_Y-1_Z1_mono3_fix1/shell1_X-1_Y-1_Z0_mono1_fix1//test20tig_AVTZ// DONE 9.763617676156576 7.664413329244467 4.565751484644253 21.993782490045295 18 0.000110082
shell0_X0_Y0_Z0_mono0_fix1/shell1_X1_Y-1_Z-1_mono0_fix1/shell1_X1_Y0_Z0_mono3_fix1//test20tig_AVTZ// DONE 10.574170213290166 7.573765382331708 4.565751484644253 22.713687080266126 18 0.000018092
shell0_X0_Y0_Z0_mono0_fix1/shell0_X0_Y0_Z0_mono3_fix1/shell1_X0_Y-1_Z0_mono1_fix1//test20tig_AVTZ// DONE 7.57376537453448 7.573765389968425 7.5737653823317075 22.72129614683461 6 0.000231810
shell0_X0_Y0_Z0_mono0_fix1/shell1_X0_Y1_Z1_mono3_fix1/shell1_X1_Y0_Z0_mono3_fix1//test20tig_AVTZ// DONE 4.565751484644253 7.573765382331708 10.707029454809259 22.84654632178522 18 -0.000043048
shell0_X0_Y0_Z0_mono0_fix1/shell0_X0_Y0_Z0_mono3_fix1/shell1_X-1_Y0_Z0_mono2_fix1//test20tig_AVTZ// DONE 7.57376537453448 7.66441332146008 7.664413314073836 22.902592010068396 18 0.000161825
shell0_X0_Y0_Z0_mono0_fix1/shell1_X1_Y1_Z-1_mono0_fix1/shell1_X1_Y1_Z0_mono3_fix1//test20tig_AVTZ// DONE 10.707029454809257 7.664413321585641 4.565751473146237 22.937194249541136 18 -0.000136169
shell0_X0_Y0_Z0_mono0_fix1/shell1_X0_Y0_Z1_mono3_fix1/shell1_X1_Y1_Z0_mono3_fix1//test20tig_AVTZ// DONE 4.565751473146237 7.664413321585641 10.707029454809257 22.937194249541136 18 -0.000109953
shell0_X0_Y0_Z0_mono0_fix1/shell0_X0_Y0_Z0_mono1_fix1/shell1_X-1_Y0_Z-1_mono1_fix1//test20tig_AVTZ// DONE 4.565751472509687 9.762161015101716 8.69884916629692 23.026761653908324 18 0.000211585
shell0_X0_Y0_Z0_mono0_fix1/shell0_X0_Y0_Z0_mono1_fix1/shell1_X1_Y0_Z1_mono1_fix1//test20tig_AVTZ// DONE 4.565751472509687 9.76361768192448 8.69884916629692 23.028218320731085 18 0.000203768
shell0_X0_Y0_Z0_mono0_fix1/shell0_X0_Y0_Z0_mono1_fix1/shell1_X1_Y0_Z1_mono0_fix1//test20tig_AVTZ// DONE 4.565751472509687 8.813938135457056 9.762161015101716 23.141850623068457 18 0.000180777
shell0_X0_Y0_Z0_mono0_fix1/shell0_X0_Y0_Z0_mono2_fix1/shell1_X0_Y-1_Z-1_mono2_fix1//test20tig_AVTZ// DONE 4.565751472509687 9.763617681924476 8.813938135457056 23.14330728989122 18 0.000173300
shell0_X0_Y0_Z0_mono0_fix1/shell0_X0_Y0_Z0_mono3_fix1/shell1_X0_Y0_Z1_mono1_fix1//test20tig_AVTZ// DONE 7.57376537453448 4.565751485174007 11.474829462410431 23.61434632211892 18 -0.000334757
shell0_X0_Y0_Z0_mono0_fix1/shell0_X0_Y0_Z0_mono3_fix1/shell1_X0_Y0_Z1_mono2_fix1//test20tig_AVTZ// DONE 7.57376537453448 4.565751485280802 11.50145518534497 23.64097204516025 18 -0.000268579
shell0_X0_Y0_Z0_mono0_fix1/shell1_X0_Y0_Z1_mono2_fix1/shell1_X1_Y0_Z0_mono3_fix1//test20tig_AVTZ// DONE 4.565751485280802 7.573765382331708 11.527201388382554 23.666718255995065 18 -0.000188929
shell0_X0_Y0_Z0_mono0_fix1/shell1_X-1_Y0_Z-1_mono2_fix1/shell1_X-1_Y0_Z0_mono1_fix1//test20tig_AVTZ// DONE 11.553299729505836 4.565751485280802 7.573765389968425 23.692816604755063 18 -0.000204883
shell0_X0_Y0_Z0_mono0_fix1/shell1_X0_Y0_Z1_mono3_fix1/shell1_X1_Y0_Z1_mono2_fix1//test20tig_AVTZ// DONE 4.565751473146237 7.664413329244467 11.474829462410431 23.704994264801137 18 -0.000183472
shell0_X0_Y0_Z0_mono0_fix1/shell1_X0_Y0_Z1_mono3_fix1/shell1_X0_Y1_Z1_mono1_fix1//test20tig_AVTZ// DONE 4.565751473146237 7.664413328971884 11.50145518534497 23.73161998746309 18 -0.000228940
shell0_X0_Y0_Z0_mono0_fix1/shell1_X-1_Y0_Z0_mono2_fix1/shell1_X-1_Y1_Z0_mono3_fix1//test20tig_AVTZ// DONE 7.66441332146008 11.527201388382554 4.565751473146237 23.757366182988868 18 -0.000262141
shell0_X0_Y0_Z0_mono0_fix1/shell1_X-1_Y0_Z-1_mono2_fix1/shell1_X0_Y1_Z0_mono3_fix1//test20tig_AVTZ// DONE 11.553299729505836 7.664413314073836 4.5657514973085735 23.783464540888247 18 -0.000212182
shell0_X0_Y0_Z0_mono0_fix1/shell0_X0_Y0_Z0_mono3_fix1/shell1_X1_Y1_Z0_mono3_fix1//test20tig_AVTZ// DONE 7.57376537453448 7.664413321585641 8.698849166296922 23.937027862417043 18 0.000124598
shell0_X0_Y0_Z0_mono0_fix1/shell0_X0_Y0_Z0_mono3_fix1/shell1_X-1_Y-1_Z0_mono0_fix1//test20tig_AVTZ// DONE 7.57376537453448 8.813938135457056 7.664413321585641 24.052116831577177 18 0.000097270
shell0_X0_Y0_Z0_mono0_fix1/shell1_X0_Y0_Z-1_mono1_fix1/shell1_X0_Y0_Z-1_mono2_fix1//test20tig_AVTZ// DONE 9.762161009125471 9.763617675955022 4.565751472509687 24.091530157590178 18 0.000140524
shell0_X0_Y0_Z0_mono0_fix1/shell0_X0_Y0_Z0_mono1_fix1/shell1_X1_Y-1_Z1_mono3_fix1//test20tig_AVTZ// DONE 4.565751472509687 9.76361768212603 9.762161015036366 24.091530169672083 18 0.000154622
shell0_X0_Y0_Z0_mono0_fix1/shell1_X0_Y-1_Z-1_mono2_fix1/shell1_X0_Y0_Z-1_mono1_fix1//test20tig_AVTZ// DONE 9.763617681924476 9.762161009125471 4.565751485280802 24.09153017633075 18 0.000152919
shell0_X0_Y0_Z0_mono0_fix1/shell1_X-1_Y1_Z1_mono3_fix1/shell1_X0_Y0_Z1_mono2_fix1//test20tig_AVTZ// DONE 9.762161015036366 4.565751485280802 9.763617676156574 24.091530176473743 18 0.000161142
shell0_X0_Y0_Z0_mono0_fix1/shell1_X0_Y0_Z1_mono3_fix1/shell1_X0_Y1_Z1_mono0_fix1//test20tig_AVTZ// DONE 4.565751473146237 8.69884916629692 11.474829462410431 24.73943010185359 18 -0.000014545
shell0_X0_Y0_Z0_mono0_fix1/shell1_X0_Y0_Z1_mono3_fix1/shell1_X0_Y-1_Z0_mono3_fix1//test20tig_AVTZ// DONE 4.565751473146237 11.474829462410433 8.69884916629692 24.73943010185359 18 0.000016206
shell0_X0_Y0_Z0_mono0_fix1/shell1_X0_Y0_Z1_mono3_fix1/shell1_X-1_Y0_Z0_mono3_fix1//test20tig_AVTZ// DONE 4.565751473146237 11.50145518534497 8.698849166296922 24.766055824788133 18 0.000015826
shell0_X0_Y0_Z0_mono0_fix1/shell0_X0_Y0_Z0_mono1_fix1/shell1_X0_Y1_Z-1_mono1_fix1//test20tig_AVTZ// DONE 4.565751472509687 11.527201393390225 8.69884916629692 24.79180203219683 18 -0.000061140
shell0_X0_Y0_Z0_mono0_fix1/shell1_X-1_Y0_Z0_mono0_fix1/shell2_X-2_Y0_Z0_mono0_fix1//test20tig_AVTZ// DONE 6.283227169962361 12.297608531859105 6.283227169962361 24.864062871783823 9 -0.000170850
shell0_X0_Y0_Z0_mono0_fix1/shell1_X-1_Y0_Z-1_mono0_fix1/shell1_X-1_Y0_Z0_mono3_fix1//test20tig_AVTZ// DONE 8.813938135457056 11.50145518534497 4.565751473146237 24.88114479394826 18 0.000034802
shell0_X0_Y0_Z0_mono0_fix1/shell0_X0_Y0_Z0_mono1_fix1/shell1_X0_Y-1_Z1_mono0_fix1//test20tig_AVTZ// DONE 4.565751472509687 8.813938135457056 11.527201393390223 24.906891001356968 18 -0.000026219
shell0_X0_Y0_Z0_mono0_fix1/shell0_X0_Y0_Z0_mono3_fix1/shell1_X-1_Y1_Z0_mono1_fix1//test20tig_AVTZ// DONE 7.57376537453448 7.5737653974569294 9.762161009190821 24.909691781182232 18 0.000082297
shell0_X0_Y0_Z0_mono0_fix1/shell0_X0_Y0_Z0_mono3_fix1/shell1_X0_Y0_Z-1_mono2_fix1//test20tig_AVTZ// DONE 7.57376537453448 9.763617675955022 7.5737653823317075 24.911148432821207 18 0.000079295
shell0_X0_Y0_Z0_mono0_fix1/shell0_X0_Y0_Z0_mono1_fix1/shell1_X-1_Y-1_Z0_mono0_fix1//test20tig_AVTZ// DONE 4.565751472509687 8.813938135457056 11.553299729505836 24.932989337472577 18 -0.000032839
shell0_X0_Y0_Z0_mono0_fix1/shell0_X0_Y0_Z0_mono1_fix1/shell1_X1_Y1_Z0_mono1_fix1//test20tig_AVTZ// DONE 4.565751472509687 11.553299729505836 8.813938135457056 24.932989337472577 18 -0.000017356
shell0_X0_Y0_Z0_mono0_fix1/shell1_X0_Y1_Z0_mono2_fix1/shell1_X0_Y1_Z0_mono3_fix1//test20tig_AVTZ// DONE 9.762161009125473 7.664413314073836 7.57376537453448 25.000339697733786 18 0.000069649
shell0_X0_Y0_Z0_mono0_fix1/shell1_X-1_Y0_Z1_mono3_fix1/shell1_X-1_Y0_Z0_mono2_fix1//test20tig_AVTZ// DONE 9.762161009190821 7.66441332146008 7.5737653823317075 25.00033971298261 18 0.000071437
shell0_X0_Y0_Z0_mono0_fix1/shell1_X0_Y0_Z-1_mono2_fix1/shell1_X1_Y0_Z0_mono3_fix1//test20tig_AVTZ// DONE 9.763617675955022 7.573765382331708 7.664413321585641 25.00179637987237 18 0.000072966
shell0_X0_Y0_Z0_mono0_fix1/shell1_X-1_Y1_Z1_mono1_fix1/shell1_X0_Y1_Z0_mono3_fix1//test20tig_AVTZ// DONE 7.573765405254159 7.664413314073836 9.763617676156576 25.00179639548457 18 0.000066319
shell0_X0_Y0_Z0_mono0_fix1/shell1_X0_Y0_Z-1_mono1_fix1/shell1_X0_Y1_Z0_mono3_fix1//test20tig_AVTZ// DONE 9.762161009125471 7.664413314073836 7.664413321585641 25.09098764478495 18 0.000059463
shell0_X0_Y0_Z0_mono0_fix1/shell1_X0_Y0_Z-1_mono2_fix1/shell1_X0_Y1_Z0_mono1_fix1//test20tig_AVTZ// DONE 9.763617675955022 7.66441332146008 7.664413329244468 25.092444326659567 18 0.000060794
shell0_X0_Y0_Z0_mono0_fix1/shell0_X0_Y0_Z0_mono3_fix1/shell1_X0_Y1_Z0_mono0_fix1//test20tig_AVTZ// DONE 7.57376537453448 6.283227169962359 11.474829462410431 25.33182200690727 18 0.000022227
shell0_X0_Y0_Z0_mono0_fix1/shell0_X0_Y0_Z0_mono3_fix1/shell1_X0_Y-1_Z0_mono3_fix1//test20tig_AVTZ// DONE 7.57376537453448 11.474829462410433 6.283227169962359 25.331822006907274 18 0.000022905
shell0_X0_Y0_Z0_mono0_fix1/shell0_X0_Y0_Z0_mono3_fix1/shell1_X-1_Y0_Z0_mono3_fix1//test20tig_AVTZ// DONE 7.57376537453448 11.50145518534497 6.2832271699623625 25.35844772984181 18 0.000014353
shell0_X0_Y0_Z0_mono0_fix1/shell0_X0_Y0_Z0_mono3_fix1/shell1_X1_Y0_Z0_mono0_fix1//test20tig_AVTZ// DONE 7.57376537453448 6.283227169962361 11.50145518534497 25.35844772984181 18 -0.000013696
shell0_X0_Y0_Z0_mono0_fix1/shell1_X1_Y0_Z0_mono0_fix1/shell1_X0_Y1_Z0_mono3_fix1//test20tig_AVTZ// DONE 6.283227169962361 7.664413314073836 11.527201388382554 25.47484187241875 18 0.000009396
shell0_X0_Y0_Z0_mono0_fix1/shell1_X-1_Y1_Z0_mono3_fix1/shell1_X0_Y1_Z0_mono3_fix1//test20tig_AVTZ// DONE 11.527201388382554 7.664413314073836 6.2832271699623625 25.474841872418754 18 0.000015620
shell0_X0_Y0_Z0_mono0_fix1/shell1_X0_Y1_Z0_mono0_fix1/shell2_X0_Y2_Z0_mono3_fix1//test20tig_AVTZ// DONE 6.283227169962359 11.55329973447932 7.664413314073836 25.500940218515513 18 0.000002136
shell0_X0_Y0_Z0_mono0_fix1/shell1_X0_Y1_Z0_mono3_fix1/shell2_X0_Y2_Z0_mono3_fix1//test20tig_AVTZ// DONE 7.664413314073836 11.55329973447932 6.2832271699623625 25.500940218515517 18 -0.000011393
shell0_X0_Y0_Z0_mono0_fix1/shell1_X1_Y-1_Z-1_mono0_fix1/shell1_X1_Y0_Z-1_mono0_fix1//test20tig_AVTZ// DONE 10.574170213290166 8.69884916629692 6.283227169962359 25.556246549549446 18 0.000069367
shell0_X0_Y0_Z0_mono0_fix1/shell1_X-1_Y1_Z-1_mono0_fix1/shell1_X-1_Y1_Z0_mono0_fix1//test20tig_AVTZ// DONE 10.707029454809257 8.69884916629692 6.283227169962361 25.689105791068535 18 0.000036097
shell0_X0_Y0_Z0_mono0_fix1/shell0_X0_Y0_Z0_mono2_fix1/shell1_X-1_Y0_Z1_mono3_fix1//test20tig_AVTZ// DONE 4.565751472509687 9.762161009190821 11.47482946752842 25.802741949228928 18 0.000081211
shell0_X0_Y0_Z0_mono0_fix1/shell1_X-1_Y0_Z1_mono3_fix1/shell1_X0_Y0_Z1_mono2_fix1//test20tig_AVTZ// DONE 9.762161009190821 4.565751485280802 11.474829462410431 25.802741956882052 18 0.000038461
shell0_X0_Y0_Z0_mono0_fix1/shell1_X-1_Y0_Z-1_mono0_fix1/shell1_X-1_Y1_Z-1_mono0_fix1//test20tig_AVTZ// DONE 8.813938135457056 10.707029454809257 6.283227169962359 25.804194760228672 36 0.000047999
shell0_X0_Y0_Z0_mono0_fix1/shell1_X-1_Y0_Z-1_mono1_fix1/shell1_X0_Y0_Z-1_mono1_fix1//test20tig_AVTZ// DONE 9.762161015101716 9.762161009125471 6.283227169962361 25.807549194189548 18 0.000059803
shell0_X0_Y0_Z0_mono0_fix1/shell1_X0_Y-1_Z-1_mono2_fix1/shell1_X0_Y0_Z-1_mono2_fix1//test20tig_AVTZ// DONE 9.763617681924476 9.763617675955022 6.283227169962361 25.810462527841857 18 0.000059536
shell0_X0_Y0_Z0_mono0_fix1/shell1_X0_Y-1_Z1_mono3_fix1/shell1_X0_Y0_Z1_mono1_fix1//test20tig_AVTZ// DONE 9.763617676156576 4.565751485174007 11.50145518534497 25.830824346675552 18 0.000049854
shell0_X0_Y0_Z0_mono0_fix1/shell1_X-1_Y0_Z0_mono3_fix1/shell2_X-2_Y0_Z0_mono1_fix1//test20tig_AVTZ// DONE 11.50145518534497 9.763617693864175 4.565751473146237 25.83082435235538 18 0.000065333
shell0_X0_Y0_Z0_mono0_fix1/shell0_X0_Y0_Z0_mono2_fix1/shell1_X-1_Y1_Z0_mono3_fix1//test20tig_AVTZ// DONE 4.565751472509687 11.527201388382554 9.763617676156574 25.856570537048814 18 0.000026863
shell0_X0_Y0_Z0_mono0_fix1/shell1_X0_Y0_Z1_mono2_fix1/shell1_X1_Y0_Z0_mono1_fix1//test20tig_AVTZ// DONE 4.565751485280802 9.763617675955024 11.527201393390223 25.856570554626046 18 0.000054375
shell0_X0_Y0_Z0_mono0_fix1/shell1_X0_Y0_Z-1_mono1_fix1/shell1_X0_Y0_Z1_mono3_fix1//test20tig_AVTZ// DONE 9.762161009125471 4.565751473146237 11.55329973447932 25.881212216751027 18 0.000032363
shell0_X0_Y0_Z0_mono0_fix1/shell0_X0_Y0_Z0_mono1_fix1/shell1_X0_Y1_Z1_mono2_fix1//test20tig_AVTZ// DONE 4.565751472509687 9.762161015101716 11.553299729505836 25.881212217117238 18 0.000051604
shell0_X0_Y0_Z0_mono0_fix1/shell0_X0_Y0_Z0_mono3_fix1/shell1_X1_Y0_Z-1_mono0_fix1//test20tig_AVTZ// DONE 7.57376537453448 8.69884916629692 9.762161009190821 26.034775550022218 18 0.000058654
shell0_X0_Y0_Z0_mono0_fix1/shell1_X1_Y0_Z-1_mono0_fix1/shell1_X0_Y1_Z0_mono3_fix1//test20tig_AVTZ// DONE 8.69884916629692 7.664413314073836 9.762161015036366 26.125423495407123 18 0.000051046
shell0_X0_Y0_Z0_mono0_fix1/shell1_X0_Y0_Z-1_mono2_fix1/shell1_X-1_Y0_Z0_mono2_fix1//test20tig_AVTZ// DONE 9.763617675955022 7.66441332146008 8.69884916629692 26.12688016371202 18 0.000048499
shell0_X0_Y0_Z0_mono0_fix1/shell1_X-1_Y0_Z1_mono0_fix1/shell1_X-1_Y0_Z0_mono2_fix1//test20tig_AVTZ// DONE 8.69884916629692 7.66441332146008 9.763617675955022 26.12688016371202 18 0.000048776
shell0_X0_Y0_Z0_mono0_fix1/shell0_X0_Y0_Z0_mono3_fix1/shell1_X-1_Y0_Z1_mono3_fix1//test20tig_AVTZ// DONE 7.57376537453448 9.762161009190821 8.813938135457056 26.14986451918236 18 0.000045052
shell0_X0_Y0_Z0_mono0_fix1/shell0_X0_Y0_Z0_mono3_fix1/shell1_X0_Y1_Z-1_mono0_fix1//test20tig_AVTZ// DONE 7.57376537453448 8.813938135457056 9.763617676156574 26.15132118614811 18 0.000050490
shell0_X0_Y0_Z0_mono0_fix1/shell0_X0_Y0_Z0_mono3_fix1/shell1_X0_Y-1_Z1_mono3_fix1//test20tig_AVTZ// DONE 7.57376537453448 9.763617676156576 8.813938135457056 26.15132118614811 18 0.000047273
shell0_X0_Y0_Z0_mono0_fix1/shell1_X-1_Y0_Z-1_mono0_fix1/shell1_X-1_Y1_Z0_mono0_fix1//test20tig_AVTZ// DONE 8.813938135457056 8.69884916629692 8.69884916629692 26.211636468050894 18 0.000049849
shell0_X0_Y0_Z0_mono0_fix1/shell1_X-1_Y1_Z1_mono3_fix1/shell1_X0_Y1_Z0_mono3_fix1//test20tig_AVTZ// DONE 9.762161015036366 7.664413314073836 8.813938135457056 26.24051246456726 18 0.000042680
shell0_X0_Y0_Z0_mono0_fix1/shell0_X0_Y0_Z0_mono1_fix1/shell1_X-1_Y0_Z1_mono0_fix1//test20tig_AVTZ// DONE 4.565751472509687 8.69884916629692 13.032796468426522 26.29739710723313 18 -0.000143999
shell0_X0_Y0_Z0_mono0_fix1/shell0_X0_Y0_Z0_mono1_fix1/shell1_X1_Y0_Z-1_mono1_fix1//test20tig_AVTZ// DONE 4.565751472509687 13.032796468426522 8.813938135457056 26.412486076393265 18 -0.000143948
shell0_X0_Y0_Z0_mono0_fix1/shell1_X-1_Y0_Z-1_mono0_fix1/shell1_X0_Y1_Z-1_mono0_fix1//test20tig_AVTZ// DONE 8.813938135457056 8.813938135457056 8.813938135457056 26.441814406371165 6 0.000038724
shell0_X0_Y0_Z0_mono0_fix1/shell1_X1_Y-1_Z-1_mono0_fix1/shell1_X1_Y-1_Z0_mono3_fix1//test20tig_AVTZ// DONE 10.574170213290166 11.474829467528421 4.565751473146237 26.614751153964825 18 0.000071338
shell0_X0_Y0_Z0_mono0_fix1/shell0_X0_Y0_Z0_mono3_fix1/shell1_X1_Y0_Z0_mono2_fix1//test20tig_AVTZ// DONE 7.57376537453448 7.573765389968425 11.474829462410431 26.622360226913337 18 0.000028496
shell0_X0_Y0_Z0_mono0_fix1/shell1_X0_Y0_Z-1_mono1_fix1/shell2_X0_Y0_Z-2_mono0_fix1//test20tig_AVTZ// DONE 9.762161009125471 12.297608531859106 4.565751485174008 26.625521026158584 18 0.000008401
shell0_X0_Y0_Z0_mono0_fix1/shell1_X0_Y1_Z0_mono2_fix1/shell2_X0_Y2_Z0_mono0_fix1//test20tig_AVTZ// DONE 9.762161009125473 12.297608531859105 4.565751485174007 26.625521026158584 18 0.000007232
shell0_X0_Y0_Z0_mono0_fix1/shell1_X0_Y1_Z1_mono3_fix1/shell2_X0_Y2_Z0_mono0_fix1//test20tig_AVTZ// DONE 4.565751484644253 12.297608531859105 9.763617676156574 26.62697769265993 18 0.000001105
shell0_X0_Y0_Z0_mono0_fix1/shell1_X0_Y-1_Z1_mono3_fix1/shell1_X0_Y1_Z1_mono3_fix1//test20tig_AVTZ// DONE 9.763617676156576 4.565751484644253 12.297608531859106 26.626977692659935 18 0.000004392
shell0_X0_Y0_Z0_mono0_fix1/shell1_X0_Y1_Z1_mono3_fix1/shell1_X-1_Y0_Z0_mono3_fix1//test20tig_AVTZ// DONE 4.565751484644253 11.50145518534497 10.574170213290166 26.64137688327939 18 0.000057494
shell0_X0_Y0_Z0_mono0_fix1/shell0_X0_Y0_Z0_mono3_fix1/shell1_X-1_Y0_Z1_mono2_fix1//test20tig_AVTZ// DONE 7.57376537453448 7.57376539745693 11.527201388382554 26.674732160373964 18 0.000025501
shell0_X0_Y0_Z0_mono0_fix1/shell0_X0_Y0_Z0_mono3_fix1/shell1_X0_Y1_Z0_mono1_fix1//test20tig_AVTZ// DONE 7.57376537453448 7.66441332146008 11.50145518534497 26.73963388133953 18 0.000027171
shell0_X0_Y0_Z0_mono0_fix1/shell0_X0_Y0_Z0_mono3_fix1/shell1_X0_Y-1_Z-1_mono1_fix1//test20tig_AVTZ// DONE 7.57376537453448 11.501455195465962 7.664413321585642 26.73963389158608 18 0.000023258
shell0_X0_Y0_Z0_mono0_fix1/shell1_X0_Y0_Z1_mono3_fix1/shell1_X1_Y-1_Z0_mono3_fix1//test20tig_AVTZ// DONE 4.565751473146237 11.474829467528421 10.707029454809259 26.747610395483918 18 0.000059239
shell0_X0_Y0_Z0_mono0_fix1/shell1_X-1_Y-1_Z-1_mono0_fix1/shell1_X-1_Y0_Z0_mono3_fix1//test20tig_AVTZ// DONE 10.707029454809259 11.50145518534497 4.565751484644253 26.77423612479848 18 0.000055249
shell0_X0_Y0_Z0_mono0_fix1/shell0_X0_Y0_Z0_mono3_fix1/shell1_X-1_Y0_Z-1_mono2_fix1//test20tig_AVTZ// DONE 7.57376537453448 11.553299729505836 7.664413321585641 26.791478425625957 18 0.000018383
shell0_X0_Y0_Z0_mono0_fix1/shell1_X-1_Y0_Z0_mono2_fix1/shell1_X1_Y0_Z0_mono3_fix1//test20tig_AVTZ// DONE 7.66441332146008 7.573765382331708 11.55329973447932 26.791478438271106 18 0.000021129
shell0_X0_Y0_Z0_mono0_fix1/shell1_X-1_Y1_Z-1_mono0_fix1/shell1_X-1_Y1_Z0_mono3_fix1//test20tig_AVTZ// DONE 10.707029454809257 11.527201388382554 4.565751473146237 26.799982316338046 18 0.000068668
shell0_X0_Y0_Z0_mono0_fix1/shell1_X0_Y0_Z1_mono3_fix1/shell1_X-1_Y1_Z0_mono3_fix1//test20tig_AVTZ// DONE 4.565751473146237 11.527201388382554 10.707029454809257 26.799982316338053 18 0.000062098
shell0_X0_Y0_Z0_mono0_fix1/shell1_X0_Y1_Z1_mono1_fix1/shell1_X0_Y1_Z0_mono3_fix1//test20tig_AVTZ// DONE 7.664413328971884 7.664413314073836 11.474829462410433 26.803656105456152 18 0.000026310
shell0_X0_Y0_Z0_mono0_fix1/shell0_X0_Y0_Z0_mono1_fix1/shell1_X-1_Y-1_Z-1_mono0_fix1//test20tig_AVTZ// DONE 4.565751472509687 10.707029454809259 11.553299734517752 26.8260806618367 18 0.000052987
shell0_X0_Y0_Z0_mono0_fix1/shell0_X0_Y0_Z0_mono1_fix1/shell1_X1_Y1_Z1_mono1_fix1//test20tig_AVTZ// DONE 4.565751472509687 11.553299734517752 10.707029454809259 26.8260806618367 18 0.000057545
shell0_X0_Y0_Z0_mono0_fix1/shell1_X0_Y1_Z-1_mono1_fix1/shell1_X0_Y1_Z0_mono3_fix1//test20tig_AVTZ// DONE 11.527201393390225 7.664413314073836 7.664413314073836 26.8560280215379 18 0.000019852
shell0_X0_Y0_Z0_mono0_fix1/shell0_X0_Y0_Z0_mono3_fix1/shell1_X0_Y0_Z-1_mono3_fix1//test20tig_AVTZ// DONE 7.57376537453448 13.014818882472335 6.28322716996236 26.871811426969174 18 -0.000045777
shell0_X0_Y0_Z0_mono0_fix1/shell0_X0_Y0_Z0_mono3_fix1/shell1_X0_Y0_Z1_mono0_fix1//test20tig_AVTZ// DONE 7.57376537453448 6.283227169962361 13.014818882472333 26.871811426969174 18 -0.000055257
shell0_X0_Y0_Z0_mono0_fix1/shell1_X0_Y0_Z1_mono0_fix1/shell1_X0_Y1_Z0_mono3_fix1//test20tig_AVTZ// DONE 6.283227169962361 7.664413314073836 13.050823247654241 26.998463731690435 18 -0.000054703
shell0_X0_Y0_Z0_mono0_fix1/shell1_X0_Y1_Z-1_mono3_fix1/shell1_X0_Y1_Z0_mono3_fix1//test20tig_AVTZ// DONE 13.050823247654241 7.664413314073836 6.2832271699623625 26.99846373169044 18 -0.000042769
shell0_X0_Y0_Z0_mono0_fix1/shell1_X0_Y0_Z-1_mono1_fix1/shell1_X1_Y0_Z-1_mono3_fix1//test20tig_AVTZ// DONE 9.762161009125471 13.01481888696465 4.565751473146237 27.342731369236354 18 -0.000040491
shell0_X0_Y0_Z0_mono0_fix1/shell1_X-1_Y0_Z-1_mono1_fix1/shell1_X0_Y0_Z-1_mono3_fix1//test20tig_AVTZ// DONE 9.762161015101716 13.014818882472335 4.565751473146237 27.342731370720287 18 -0.000038563
shell0_X0_Y0_Z0_mono0_fix1/shell0_X0_Y0_Z0_mono1_fix1/shell1_X1_Y0_Z-1_mono3_fix1//test20tig_AVTZ// DONE 4.565751472509687 13.01481888696465 9.763617676156576 27.344188035630914 18 -0.000028247
shell0_X0_Y0_Z0_mono0_fix1/shell1_X0_Y0_Z-1_mono3_fix1/shell1_X-1_Y0_Z0_mono1_fix1//test20tig_AVTZ// DONE 13.014818882472335 4.565751485280802 9.763617676156576 27.34418804390971 18 -0.000031843
shell0_X0_Y0_Z0_mono0_fix1/shell0_X0_Y0_Z0_mono1_fix1/shell1_X-1_Y0_Z1_mono3_fix1//test20tig_AVTZ// DONE 4.565751472509687 9.762161009190821 13.050823247654241 27.37873572935475 18 -0.000039918
shell0_X0_Y0_Z0_mono0_fix1/shell0_X0_Y0_Z0_mono1_fix1/shell1_X-1_Y1_Z1_mono3_fix1//test20tig_AVTZ// DONE 4.565751472509687 9.762161015036366 13.050823252108795 27.37873573965485 18 -0.000025591
shell0_X0_Y0_Z0_mono0_fix1/shell1_X0_Y0_Z-1_mono2_fix1/shell1_X0_Y1_Z-1_mono3_fix1//test20tig_AVTZ// DONE 9.763617675955022 13.050823247654241 4.565751473146237 27.380192396755497 18 -0.000046351
shell0_X0_Y0_Z0_mono0_fix1/shell1_X0_Y0_Z-1_mono2_fix1/shell1_X1_Y1_Z-1_mono3_fix1//test20tig_AVTZ// DONE 9.763617675955022 13.050823252108799 4.565751484644253 27.380192412708073 18 -0.000021867
