shell0_X0_Y0_Z0_mono0_fix1/shell1_X0_Y-1_Z-1_mono0_fix1/shell1_X0_Y0_Z-1_mono0_fix1//test20tig_AVTZ// DONE 8.698849166296922 6.283227169962362 6.283227169962359 21.265303506221642 18 0.000262596
shell0_X0_Y0_Z0_mono0_fix1/shell1_X-1_Y0_Z-1_mono0_fix1/shell1_X0_Y0_Z-1_mono0_fix1//test20tig_AVTZ// DONE 8.813938135457056 6.283227169962362 6.283227169962361 21.380392475381775 18 0.000139293
shell0_X0_Y0_Z0_mono0_fix1/shell0_X0_Y0_Z0_mono3_fix1/shell1_X-1_Y0_Z0_mono0_fix1//test20tig_AVTZ// DONE 7.57376537453448 6.283227169962361 7.573765382331708 21.430757926828548 18 0.000269966
shell0_X0_Y0_Z0_mono0_fix1/shell1_X0_Y1_Z0_mono0_fix1/shell1_X0_Y1_Z0_mono3_fix1//test20tig_AVTZ// DONE 6.283227169962359 7.664413314073836 7.57376537453448 21.521405858570674 18 0.000245639
shell0_X0_Y0_Z0_mono0_fix1/shell0_X0_Y0_Z0_mono3_fix1/shell1_X0_Y1_Z0_mono3_fix1//test20tig_AVTZ// DONE 7.57376537453448 7.664413314073836 6.2832271699623625 21.521405858570677 18 0.000215149
shell0_X0_Y0_Z0_mono0_fix1/shell1_X-1_Y0_Z0_mono0_fix1/shell1_X0_Y1_Z0_mono3_fix1//test20tig_AVTZ// DONE 6.283227169962361 7.664413314073836 7.664413321585641 21.612053805621837 18 0.000202713
shell0_X0_Y0_Z0_mono0_fix1/shell0_X0_Y0_Z0_mono3_fix1/shell1_X0_Y-1_Z0_mono1_fix1//test20tig_AVTZ// DONE 7.57376537453448 7.573765389968425 7.5737653823317075 22.72129614683461 6 0.000180354
shell0_X0_Y0_Z0_mono0_fix1/shell0_X0_Y0_Z0_mono3_fix1/shell1_X-1_Y0_Z0_mono2_fix1//test20tig_AVTZ// DONE 7.57376537453448 7.66441332146008 7.664413314073836 22.902592010068396 18 0.000119270
shell0_X0_Y0_Z0_mono0_fix1/shell0_X0_Y0_Z0_mono3_fix1/shell1_X1_Y1_Z0_mono3_fix1//test20tig_AVTZ// DONE 7.57376537453448 7.664413321585641 8.698849166296922 23.937027862417043 18 0.000094525
shell0_X0_Y0_Z0_mono0_fix1/shell0_X0_Y0_Z0_mono3_fix1/shell1_X-1_Y-1_Z0_mono0_fix1//test20tig_AVTZ// DONE 7.57376537453448 8.813938135457056 7.664413321585641 24.052116831577177 18 0.000071339
shell0_X0_Y0_Z0_mono0_fix1/shell1_X-1_Y0_Z0_mono0_fix1/shell2_X-2_Y0_Z0_mono0_fix1//test20tig_AVTZ// DONE 6.283227169962361 12.297608531859105 6.283227169962361 24.864062871783823 9 -0.000124628
shell0_X0_Y0_Z0_mono0_fix1/shell0_X0_Y0_Z0_mono3_fix1/shell1_X-1_Y1_Z0_mono1_fix1//test20tig_AVTZ// DONE 7.57376537453448 7.5737653974569294 9.762161009190821 24.909691781182232 18 0.000062673
shell0_X0_Y0_Z0_mono0_fix1/shell0_X0_Y0_Z0_mono3_fix1/shell1_X0_Y0_Z-1_mono2_fix1//test20tig_AVTZ// DONE 7.57376537453448 9.763617675955022 7.5737653823317075 24.911148432821207 18 0.000059902
shell0_X0_Y0_Z0_mono0_fix1/shell1_X0_Y1_Z0_mono2_fix1/shell1_X0_Y1_Z0_mono3_fix1//test20tig_AVTZ// DONE 9.762161009125473 7.664413314073836 7.57376537453448 25.000339697733786 18 0.000051883
shell0_X0_Y0_Z0_mono0_fix1/shell1_X-1_Y0_Z1_mono3_fix1/shell1_X-1_Y0_Z0_mono2_fix1//test20tig_AVTZ// DONE 9.762161009190821 7.66441332146008 7.5737653823317075 25.00033971298261 18 0.000053391
shell0_X0_Y0_Z0_mono0_fix1/shell1_X0_Y0_Z-1_mono2_fix1/shell1_X1_Y0_Z0_mono3_fix1//test20tig_AVTZ// DONE 9.763617675955022 7.573765382331708 7.664413321585641 25.00179637987237 18 0.000054596
shell0_X0_Y0_Z0_mono0_fix1/shell1_X-1_Y1_Z1_mono1_fix1/shell1_X0_Y1_Z0_mono3_fix1//test20tig_AVTZ// DONE 7.573765405254159 7.664413314073836 9.763617676156576 25.00179639548457 18 0.000048944
shell0_X0_Y0_Z0_mono0_fix1/shell1_X0_Y0_Z-1_mono1_fix1/shell1_X0_Y1_Z0_mono3_fix1//test20tig_AVTZ// DONE 9.762161009125471 7.664413314073836 7.664413321585641 25.09098764478495 18 0.000043239
shell0_X0_Y0_Z0_mono0_fix1/shell1_X0_Y0_Z-1_mono2_fix1/shell1_X0_Y1_Z0_mono1_fix1//test20tig_AVTZ// DONE 9.763617675955022 7.66441332146008 7.664413329244468 25.092444326659567 18 0.000044331
shell0_X0_Y0_Z0_mono0_fix1/shell0_X0_Y0_Z0_mono3_fix1/shell1_X0_Y1_Z0_mono0_fix1//test20tig_AVTZ// DONE 7.57376537453448 6.283227169962359 11.474829462410431 25.33182200690727 18 0.000018050
shell0_X0_Y0_Z0_mono0_fix1/shell0_X0_Y0_Z0_mono3_fix1/shell1_X0_Y-1_Z0_mono3_fix1//test20tig_AVTZ// DONE 7.57376537453448 11.474829462410433 6.283227169962359 25.331822006907274 18 0.000018350
shell0_X0_Y0_Z0_mono0_fix1/shell0_X0_Y0_Z0_mono3_fix1/shell1_X-1_Y0_Z0_mono3_fix1//test20tig_AVTZ// DONE 7.57376537453448 11.50145518534497 6.2832271699623625 25.35844772984181 18 0.000010996
shell0_X0_Y0_Z0_mono0_fix1/shell0_X0_Y0_Z0_mono3_fix1/shell1_X1_Y0_Z0_mono0_fix1//test20tig_AVTZ// DONE 7.57376537453448 6.283227169962361 11.50145518534497 25.35844772984181 18 -0.000012732
shell0_X0_Y0_Z0_mono0_fix1/shell1_X1_Y0_Z0_mono0_fix1/shell1_X0_Y1_Z0_mono3_fix1//test20tig_AVTZ// DONE 6.283227169962361 7.664413314073836 11.527201388382554 25.47484187241875 18 0.000007191
shell0_X0_Y0_Z0_mono0_fix1/shell1_X-1_Y1_Z0_mono3_fix1/shell1_X0_Y1_Z0_mono3_fix1//test20tig_AVTZ// DONE 11.527201388382554 7.664413314073836 6.2832271699623625 25.474841872418754 18 0.000012168
shell0_X0_Y0_Z0_mono0_fix1/shell1_X0_Y1_Z0_mono0_fix1/shell2_X0_Y2_Z0_mono3_fix1//test20tig_AVTZ// DONE 6.283227169962359 11.55329973447932 7.664413314073836 25.500940218515513 18 0.000001099
shell0_X0_Y0_Z0_mono0_fix1/shell1_X0_Y1_Z0_mono3_fix1/shell2_X0_Y2_Z0_mono3_fix1//test20tig_AVTZ// DONE 7.664413314073836 11.55329973447932 6.2832271699623625 25.500940218515517 18 -0.000010092
shell0_X0_Y0_Z0_mono0_fix1/shell1_X1_Y-1_Z-1_mono0_fix1/shell1_X1_Y0_Z-1_mono0_fix1//test20tig_AVTZ// DONE 10.574170213290166 8.69884916629692 6.283227169962359 25.556246549549446 18 0.000053388
shell0_X0_Y0_Z0_mono0_fix1/shell1_X-1_Y1_Z-1_mono0_fix1/shell1_X-1_Y1_Z0_mono0_fix1//test20tig_AVTZ// DONE 10.707029454809257 8.69884916629692 6.283227169962361 25.689105791068535 18 0.000024884
shell0_X0_Y0_Z0_mono0_fix1/shell1_X-1_Y0_Z-1_mono0_fix1/shell1_X-1_Y1_Z-1_mono0_fix1//test20tig_AVTZ// DONE 8.813938135457056 10.707029454809257 6.283227169962359 25.804194760228672 36 0.000035228
shell0_X0_Y0_Z0_mono0_fix1/shell1_X-1_Y0_Z-1_mono1_fix1/shell1_X0_Y0_Z-1_mono1_fix1//test20tig_AVTZ// DONE 9.762161015101716 9.762161009125471 6.283227169962361 25.807549194189548 18 0.000044283
shell0_X0_Y0_Z0_mono0_fix1/shell1_X0_Y-1_Z-1_mono2_fix1/shell1_X0_Y0_Z-1_mono2_fix1//test20tig_AVTZ// DONE 9.763617681924476 9.763617675955022 6.283227169962361 25.810462527841857 18 0.000044028
shell0_X0_Y0_Z0_mono0_fix1/shell0_X0_Y0_Z0_mono3_fix1/shell1_X1_Y0_Z-1_mono0_fix1//test20tig_AVTZ// DONE 7.57376537453448 8.69884916629692 9.762161009190821 26.034775550022218 18 0.000044820
shell0_X0_Y0_Z0_mono0_fix1/shell1_X1_Y0_Z-1_mono0_fix1/shell1_X0_Y1_Z0_mono3_fix1//test20tig_AVTZ// DONE 8.69884916629692 7.664413314073836 9.762161015036366 26.125423495407123 18 0.000038221
shell0_X0_Y0_Z0_mono0_fix1/shell1_X0_Y0_Z-1_mono2_fix1/shell1_X-1_Y0_Z0_mono2_fix1//test20tig_AVTZ// DONE 9.763617675955022 7.66441332146008 8.69884916629692 26.12688016371202 18 0.000036024
shell0_X0_Y0_Z0_mono0_fix1/shell1_X-1_Y0_Z1_mono0_fix1/shell1_X-1_Y0_Z0_mono2_fix1//test20tig_AVTZ// DONE 8.69884916629692 7.66441332146008 9.763617675955022 26.12688016371202 18 0.000036274
shell0_X0_Y0_Z0_mono0_fix1/shell0_X0_Y0_Z0_mono3_fix1/shell1_X-1_Y0_Z1_mono3_fix1//test20tig_AVTZ// DONE 7.57376537453448 9.762161009190821 8.813938135457056 26.14986451918236 18 0.000033156
shell0_X0_Y0_Z0_mono0_fix1/shell0_X0_Y0_Z0_mono3_fix1/shell1_X0_Y1_Z-1_mono0_fix1//test20tig_AVTZ// DONE 7.57376537453448 8.813938135457056 9.763617676156574 26.15132118614811 18 0.000037712
shell0_X0_Y0_Z0_mono0_fix1/shell0_X0_Y0_Z0_mono3_fix1/shell1_X0_Y-1_Z1_mono3_fix1//test20tig_AVTZ// DONE 7.57376537453448 9.763617676156576 8.813938135457056 26.15132118614811 18 0.000035039
shell0_X0_Y0_Z0_mono0_fix1/shell1_X-1_Y0_Z-1_mono0_fix1/shell1_X-1_Y1_Z0_mono0_fix1//test20tig_AVTZ// DONE 8.813938135457056 8.69884916629692 8.69884916629692 26.211636468050894 18 0.000037346
shell0_X0_Y0_Z0_mono0_fix1/shell1_X-1_Y1_Z1_mono3_fix1/shell1_X0_Y1_Z0_mono3_fix1//test20tig_AVTZ// DONE 9.762161015036366 7.664413314073836 8.813938135457056 26.24051246456726 18 0.000031170
shell0_X0_Y0_Z0_mono0_fix1/shell1_X-1_Y0_Z-1_mono0_fix1/shell1_X0_Y1_Z-1_mono0_fix1//test20tig_AVTZ// DONE 8.813938135457056 8.813938135457056 8.813938135457056 26.441814406371165 6 0.000028055
shell0_X0_Y0_Z0_mono0_fix1/shell0_X0_Y0_Z0_mono3_fix1/shell1_X1_Y0_Z0_mono2_fix1//test20tig_AVTZ// DONE 7.57376537453448 7.573765389968425 11.474829462410431 26.622360226913337 18 0.000021548
shell0_X0_Y0_Z0_mono0_fix1/shell0_X0_Y0_Z0_mono3_fix1/shell1_X-1_Y0_Z1_mono2_fix1//test20tig_AVTZ// DONE 7.57376537453448 7.57376539745693 11.527201388382554 26.674732160373964 18 0.000019061
shell0_X0_Y0_Z0_mono0_fix1/shell0_X0_Y0_Z0_mono3_fix1/shell1_X0_Y1_Z0_mono1_fix1//test20tig_AVTZ// DONE 7.57376537453448 7.66441332146008 11.50145518534497 26.73963388133953 18 0.000020463
shell0_X0_Y0_Z0_mono0_fix1/shell0_X0_Y0_Z0_mono3_fix1/shell1_X0_Y-1_Z-1_mono1_fix1//test20tig_AVTZ// DONE 7.57376537453448 11.501455195465962 7.664413321585642 26.73963389158608 18 0.000017201
shell0_X0_Y0_Z0_mono0_fix1/shell0_X0_Y0_Z0_mono3_fix1/shell1_X-1_Y0_Z-1_mono2_fix1//test20tig_AVTZ// DONE 7.57376537453448 11.553299729505836 7.664413321585641 26.791478425625957 18 0.000013019
shell0_X0_Y0_Z0_mono0_fix1/shell1_X-1_Y0_Z0_mono2_fix1/shell1_X1_Y0_Z0_mono3_fix1//test20tig_AVTZ// DONE 7.66441332146008 7.573765382331708 11.55329973447932 26.791478438271106 18 0.000015374
shell0_X0_Y0_Z0_mono0_fix1/shell1_X0_Y1_Z1_mono1_fix1/shell1_X0_Y1_Z0_mono3_fix1//test20tig_AVTZ// DONE 7.664413328971884 7.664413314073836 11.474829462410433 26.803656105456152 18 0.000019709
shell0_X0_Y0_Z0_mono0_fix1/shell1_X0_Y1_Z-1_mono1_fix1/shell1_X0_Y1_Z0_mono3_fix1//test20tig_AVTZ// DONE 11.527201393390225 7.664413314073836 7.664413314073836 26.8560280215379 18 0.000014342
shell0_X0_Y0_Z0_mono0_fix1/shell0_X0_Y0_Z0_mono3_fix1/shell1_X0_Y0_Z-1_mono3_fix1//test20tig_AVTZ// DONE 7.57376537453448 13.014818882472335 6.28322716996236 26.871811426969174 18 -0.000033341
shell0_X0_Y0_Z0_mono0_fix1/shell0_X0_Y0_Z0_mono3_fix1/shell1_X0_Y0_Z1_mono0_fix1//test20tig_AVTZ// DONE 7.57376537453448 6.283227169962361 13.014818882472333 26.871811426969174 18 -0.000041109
shell0_X0_Y0_Z0_mono0_fix1/shell1_X0_Y0_Z1_mono0_fix1/shell1_X0_Y1_Z0_mono3_fix1//test20tig_AVTZ// DONE 6.283227169962361 7.664413314073836 13.050823247654241 26.998463731690435 18 -0.000040516
shell0_X0_Y0_Z0_mono0_fix1/shell1_X0_Y1_Z-1_mono3_fix1/shell1_X0_Y1_Z0_mono3_fix1//test20tig_AVTZ// DONE 13.050823247654241 7.664413314073836 6.2832271699623625 26.99846373169044 18 -0.000030717
