shell0_X0_Y0_Z0_mono0_fix1/shell0_X0_Y0_Z0_mono3_fix1/shell1_X0_Y0_Z-1_mono0_fix1//test20tig_AVTZ// DONE 7.57376537453448 6.283227169962362 4.565751473146237 18.422744017643076 18 0.001335792
shell0_X0_Y0_Z0_mono0_fix1/shell0_X0_Y0_Z0_mono3_fix1/shell1_X0_Y0_Z1_mono3_fix1//test20tig_AVTZ// DONE 7.57376537453448 4.565751473146237 6.2832271699623625 18.42274401764308 18 0.001038466
shell0_X0_Y0_Z0_mono0_fix1/shell0_X0_Y0_Z0_mono2_fix1/shell1_X-1_Y0_Z0_mono2_fix1//test20tig_AVTZ// DONE 4.565751472509687 7.66441332146008 6.283227169962359 18.513391963932126 18 0.000438770
shell0_X0_Y0_Z0_mono0_fix1/shell0_X0_Y0_Z0_mono1_fix1/shell1_X0_Y1_Z0_mono1_fix1//test20tig_AVTZ// DONE 4.565751472509687 7.66441332146008 6.283227169962361 18.51339196393213 18 0.000741093
shell0_X0_Y0_Z0_mono0_fix1/shell0_X0_Y0_Z0_mono1_fix1/shell0_X0_Y0_Z0_mono3_fix1//test20tig_AVTZ// DONE 4.565751472509687 7.57376537453448 7.57376537453448 19.713282221578645 18 0.000812890
shell0_X0_Y0_Z0_mono0_fix1/shell0_X0_Y0_Z0_mono1_fix1/shell1_X0_Y1_Z0_mono3_fix1//test20tig_AVTZ// DONE 4.565751472509687 7.664413314073836 7.573765382331708 19.80393016891523 18 0.000542793
shell0_X0_Y0_Z0_mono0_fix1/shell1_X-1_Y1_Z0_mono1_fix1/shell1_X0_Y1_Z0_mono3_fix1//test20tig_AVTZ// DONE 7.5737653974569294 7.664413314073836 4.565751473146237 19.803930184677 18 0.000569219
shell0_X0_Y0_Z0_mono0_fix1/shell1_X0_Y0_Z1_mono3_fix1/shell1_X-1_Y0_Z0_mono2_fix1//test20tig_AVTZ// DONE 4.565751473146237 7.66441332146008 7.664413321585641 19.89457811619196 18 0.000507381
shell0_X0_Y0_Z0_mono0_fix1/shell0_X0_Y0_Z0_mono1_fix1/shell1_X0_Y0_Z-1_mono1_fix1//test20tig_AVTZ// DONE 4.565751472509687 9.762161009125471 6.283227169962362 20.61113965159752 18 -0.000361484
shell0_X0_Y0_Z0_mono0_fix1/shell0_X0_Y0_Z0_mono1_fix1/shell1_X0_Y0_Z1_mono0_fix1//test20tig_AVTZ// DONE 4.565751472509687 6.283227169962361 9.762161009125473 20.61113965159752 18 -0.000203058
shell0_X0_Y0_Z0_mono0_fix1/shell0_X0_Y0_Z0_mono2_fix1/shell1_X0_Y0_Z-1_mono2_fix1//test20tig_AVTZ// DONE 4.565751472509687 9.763617675955022 6.28322716996236 20.61259631842707 18 -0.000220335
shell0_X0_Y0_Z0_mono0_fix1/shell0_X0_Y0_Z0_mono1_fix1/shell1_X1_Y0_Z0_mono1_fix1//test20tig_AVTZ// DONE 4.565751472509687 9.763617675955024 6.283227169962361 20.612596318427073 18 -0.000460090
shell0_X0_Y0_Z0_mono0_fix1/shell1_X1_Y0_Z-1_mono0_fix1/shell1_X1_Y0_Z0_mono3_fix1//test20tig_AVTZ// DONE 8.69884916629692 7.573765382331708 4.565751473146237 20.838366021774867 18 0.000318984
shell0_X0_Y0_Z0_mono0_fix1/shell1_X0_Y1_Z1_mono0_fix1/shell1_X0_Y1_Z1_mono3_fix1//test20tig_AVTZ// DONE 8.69884916629692 4.565751484644253 7.57376537453448 20.83836602547565 18 0.000416373
shell0_X0_Y0_Z0_mono0_fix1/shell0_X0_Y0_Z0_mono3_fix1/shell1_X0_Y1_Z1_mono3_fix1//test20tig_AVTZ// DONE 7.57376537453448 4.565751484644253 8.698849166296922 20.838366025475658 18 0.000364366
shell0_X0_Y0_Z0_mono0_fix1/shell0_X0_Y0_Z0_mono2_fix1/shell1_X-1_Y-1_Z0_mono2_fix1//test20tig_AVTZ// DONE 4.565751472509687 7.664413328971884 8.69884916629692 20.92901396777849 18 0.000428489
shell0_X0_Y0_Z0_mono0_fix1/shell1_X0_Y0_Z1_mono3_fix1/shell1_X1_Y0_Z0_mono3_fix1//test20tig_AVTZ// DONE 4.565751473146237 7.573765382331708 8.813938135457056 20.953454990935 18 0.000194935
shell0_X0_Y0_Z0_mono0_fix1/shell1_X0_Y1_Z-1_mono0_fix1/shell1_X0_Y1_Z0_mono3_fix1//test20tig_AVTZ// DONE 8.813938135457056 7.664413314073836 4.565751473146237 21.044102922677126 18 0.000213266
shell0_X0_Y0_Z0_mono0_fix1/shell1_X0_Y0_Z1_mono3_fix1/shell1_X0_Y1_Z0_mono3_fix1//test20tig_AVTZ// DONE 4.565751473146237 7.664413314073836 8.813938135457056 21.044102922677126 18 0.000246900
shell0_X0_Y0_Z0_mono0_fix1/shell0_X0_Y0_Z0_mono1_fix1/shell1_X0_Y1_Z1_mono1_fix1//test20tig_AVTZ// DONE 4.565751472509687 7.664413328971884 8.813938135457056 21.04410293693863 18 0.000270869
shell0_X0_Y0_Z0_mono0_fix1/shell0_X0_Y0_Z0_mono3_fix1/shell1_X-1_Y0_Z-1_mono1_fix1//test20tig_AVTZ// DONE 7.57376537453448 9.762161015101716 4.565751484644253 21.90167787428045 18 0.000070121
shell0_X0_Y0_Z0_mono0_fix1/shell1_X0_Y0_Z-1_mono1_fix1/shell1_X1_Y0_Z0_mono3_fix1//test20tig_AVTZ// DONE 9.762161009125471 7.573765382331708 4.565751484644253 21.90167787610143 18 0.000075805
shell0_X0_Y0_Z0_mono0_fix1/shell0_X0_Y0_Z0_mono1_fix1/shell1_X0_Y0_Z-1_mono2_fix1//test20tig_AVTZ// DONE 4.565751472509687 9.763617675955022 7.573765389968425 21.903134538433136 18 0.000063167
shell0_X0_Y0_Z0_mono0_fix1/shell0_X0_Y0_Z0_mono3_fix1/shell1_X-1_Y0_Z1_mono1_fix1//test20tig_AVTZ// DONE 7.57376537453448 4.565751497945122 9.763617676156576 21.903134548636178 18 0.000118713
shell0_X0_Y0_Z0_mono0_fix1/shell0_X0_Y0_Z0_mono2_fix1/shell1_X0_Y0_Z-1_mono1_fix1//test20tig_AVTZ// DONE 4.565751472509687 9.762161009125471 7.66441332146008 21.992325803095238 18 0.000107591
shell0_X0_Y0_Z0_mono0_fix1/shell1_X-1_Y0_Z1_mono3_fix1/shell1_X-1_Y0_Z0_mono1_fix1//test20tig_AVTZ// DONE 9.762161009190821 4.565751485280802 7.664413314073838 21.99232580854546 18 0.000087098
shell0_X0_Y0_Z0_mono0_fix1/shell1_X0_Y0_Z-1_mono2_fix1/shell1_X0_Y1_Z0_mono3_fix1//test20tig_AVTZ// DONE 9.763617675955022 7.664413314073836 4.565751485810556 21.993782475839414 18 0.000149994
shell0_X0_Y0_Z0_mono0_fix1/shell1_X0_Y-1_Z1_mono3_fix1/shell1_X-1_Y-1_Z0_mono1_fix1//test20tig_AVTZ// DONE 9.763617676156576 7.664413329244467 4.565751484644253 21.993782490045295 18 0.000079866
shell0_X0_Y0_Z0_mono0_fix1/shell1_X1_Y-1_Z-1_mono0_fix1/shell1_X1_Y0_Z0_mono3_fix1//test20tig_AVTZ// DONE 10.574170213290166 7.573765382331708 4.565751484644253 22.713687080266126 18 0.000025776
shell0_X0_Y0_Z0_mono0_fix1/shell1_X0_Y1_Z1_mono3_fix1/shell1_X1_Y0_Z0_mono3_fix1//test20tig_AVTZ// DONE 4.565751484644253 7.573765382331708 10.707029454809259 22.84654632178522 18 -0.000029332
shell0_X0_Y0_Z0_mono0_fix1/shell1_X1_Y1_Z-1_mono0_fix1/shell1_X1_Y1_Z0_mono3_fix1//test20tig_AVTZ// DONE 10.707029454809257 7.664413321585641 4.565751473146237 22.937194249541136 18 -0.000105200
shell0_X0_Y0_Z0_mono0_fix1/shell1_X0_Y0_Z1_mono3_fix1/shell1_X1_Y1_Z0_mono3_fix1//test20tig_AVTZ// DONE 4.565751473146237 7.664413321585641 10.707029454809257 22.937194249541136 18 -0.000083343
shell0_X0_Y0_Z0_mono0_fix1/shell0_X0_Y0_Z0_mono1_fix1/shell1_X-1_Y0_Z-1_mono1_fix1//test20tig_AVTZ// DONE 4.565751472509687 9.762161015101716 8.69884916629692 23.026761653908324 18 0.000159039
shell0_X0_Y0_Z0_mono0_fix1/shell0_X0_Y0_Z0_mono1_fix1/shell1_X1_Y0_Z1_mono1_fix1//test20tig_AVTZ// DONE 4.565751472509687 9.76361768192448 8.69884916629692 23.028218320731085 18 0.000151384
shell0_X0_Y0_Z0_mono0_fix1/shell0_X0_Y0_Z0_mono1_fix1/shell1_X1_Y0_Z1_mono0_fix1//test20tig_AVTZ// DONE 4.565751472509687 8.813938135457056 9.762161015101716 23.141850623068457 18 0.000133185
shell0_X0_Y0_Z0_mono0_fix1/shell0_X0_Y0_Z0_mono2_fix1/shell1_X0_Y-1_Z-1_mono2_fix1//test20tig_AVTZ// DONE 4.565751472509687 9.763617681924476 8.813938135457056 23.14330728989122 18 0.000126266
shell0_X0_Y0_Z0_mono0_fix1/shell0_X0_Y0_Z0_mono3_fix1/shell1_X0_Y0_Z1_mono1_fix1//test20tig_AVTZ// DONE 7.57376537453448 4.565751485174007 11.474829462410431 23.61434632211892 18 -0.000255435
shell0_X0_Y0_Z0_mono0_fix1/shell0_X0_Y0_Z0_mono3_fix1/shell1_X0_Y0_Z1_mono2_fix1//test20tig_AVTZ// DONE 7.57376537453448 4.565751485280802 11.50145518534497 23.64097204516025 18 -0.000199974
shell0_X0_Y0_Z0_mono0_fix1/shell1_X0_Y0_Z1_mono2_fix1/shell1_X1_Y0_Z0_mono3_fix1//test20tig_AVTZ// DONE 4.565751485280802 7.573765382331708 11.527201388382554 23.666718255995065 18 -0.000134495
shell0_X0_Y0_Z0_mono0_fix1/shell1_X-1_Y0_Z-1_mono2_fix1/shell1_X-1_Y0_Z0_mono1_fix1//test20tig_AVTZ// DONE 11.553299729505836 4.565751485280802 7.573765389968425 23.692816604755063 18 -0.000147658
shell0_X0_Y0_Z0_mono0_fix1/shell1_X0_Y0_Z1_mono3_fix1/shell1_X1_Y0_Z1_mono2_fix1//test20tig_AVTZ// DONE 4.565751473146237 7.664413329244467 11.474829462410431 23.704994264801137 18 -0.000127912
shell0_X0_Y0_Z0_mono0_fix1/shell1_X0_Y0_Z1_mono3_fix1/shell1_X0_Y1_Z1_mono1_fix1//test20tig_AVTZ// DONE 4.565751473146237 7.664413328971884 11.50145518534497 23.73161998746309 18 -0.000167600
shell0_X0_Y0_Z0_mono0_fix1/shell1_X-1_Y0_Z0_mono2_fix1/shell1_X-1_Y1_Z0_mono3_fix1//test20tig_AVTZ// DONE 7.66441332146008 11.527201388382554 4.565751473146237 23.757366182988868 18 -0.000194347
shell0_X0_Y0_Z0_mono0_fix1/shell1_X-1_Y0_Z-1_mono2_fix1/shell1_X0_Y1_Z0_mono3_fix1//test20tig_AVTZ// DONE 11.553299729505836 7.664413314073836 4.5657514973085735 23.783464540888247 18 -0.000153075
shell0_X0_Y0_Z0_mono0_fix1/shell1_X0_Y0_Z-1_mono1_fix1/shell1_X0_Y0_Z-1_mono2_fix1//test20tig_AVTZ// DONE 9.762161009125471 9.763617675955022 4.565751472509687 24.091530157590178 18 0.000102496
shell0_X0_Y0_Z0_mono0_fix1/shell0_X0_Y0_Z0_mono1_fix1/shell1_X1_Y-1_Z1_mono3_fix1//test20tig_AVTZ// DONE 4.565751472509687 9.76361768212603 9.762161015036366 24.091530169672083 18 0.000114479
shell0_X0_Y0_Z0_mono0_fix1/shell1_X0_Y-1_Z-1_mono2_fix1/shell1_X0_Y0_Z-1_mono1_fix1//test20tig_AVTZ// DONE 9.763617681924476 9.762161009125471 4.565751485280802 24.09153017633075 18 0.000112900
shell0_X0_Y0_Z0_mono0_fix1/shell1_X-1_Y1_Z1_mono3_fix1/shell1_X0_Y0_Z1_mono2_fix1//test20tig_AVTZ// DONE 9.762161015036366 4.565751485280802 9.763617676156574 24.091530176473743 18 0.000120050
shell0_X0_Y0_Z0_mono0_fix1/shell1_X0_Y0_Z1_mono3_fix1/shell1_X0_Y1_Z1_mono0_fix1//test20tig_AVTZ// DONE 4.565751473146237 8.69884916629692 11.474829462410431 24.73943010185359 18 -0.000012273
shell0_X0_Y0_Z0_mono0_fix1/shell1_X0_Y0_Z1_mono3_fix1/shell1_X0_Y-1_Z0_mono3_fix1//test20tig_AVTZ// DONE 4.565751473146237 11.474829462410433 8.69884916629692 24.73943010185359 18 0.000014209
shell0_X0_Y0_Z0_mono0_fix1/shell1_X0_Y0_Z1_mono3_fix1/shell1_X-1_Y0_Z0_mono3_fix1//test20tig_AVTZ// DONE 4.565751473146237 11.50145518534497 8.698849166296922 24.766055824788133 18 0.000014112
shell0_X0_Y0_Z0_mono0_fix1/shell0_X0_Y0_Z0_mono1_fix1/shell1_X0_Y1_Z-1_mono1_fix1//test20tig_AVTZ// DONE 4.565751472509687 11.527201393390225 8.69884916629692 24.79180203219683 18 -0.000050377
shell0_X0_Y0_Z0_mono0_fix1/shell1_X-1_Y0_Z-1_mono0_fix1/shell1_X-1_Y0_Z0_mono3_fix1//test20tig_AVTZ// DONE 8.813938135457056 11.50145518534497 4.565751473146237 24.88114479394826 18 0.000029878
shell0_X0_Y0_Z0_mono0_fix1/shell0_X0_Y0_Z0_mono1_fix1/shell1_X0_Y-1_Z1_mono0_fix1//test20tig_AVTZ// DONE 4.565751472509687 8.813938135457056 11.527201393390223 24.906891001356968 18 -0.000020312
shell0_X0_Y0_Z0_mono0_fix1/shell0_X0_Y0_Z0_mono1_fix1/shell1_X-1_Y-1_Z0_mono0_fix1//test20tig_AVTZ// DONE 4.565751472509687 8.813938135457056 11.553299729505836 24.932989337472577 18 -0.000026261
shell0_X0_Y0_Z0_mono0_fix1/shell0_X0_Y0_Z0_mono1_fix1/shell1_X1_Y1_Z0_mono1_fix1//test20tig_AVTZ// DONE 4.565751472509687 11.553299729505836 8.813938135457056 24.932989337472577 18 -0.000013603
shell0_X0_Y0_Z0_mono0_fix1/shell0_X0_Y0_Z0_mono2_fix1/shell1_X-1_Y0_Z1_mono3_fix1//test20tig_AVTZ// DONE 4.565751472509687 9.762161009190821 11.47482946752842 25.802741949228928 18 0.000062993
shell0_X0_Y0_Z0_mono0_fix1/shell1_X-1_Y0_Z1_mono3_fix1/shell1_X0_Y0_Z1_mono2_fix1//test20tig_AVTZ// DONE 9.762161009190821 4.565751485280802 11.474829462410431 25.802741956882052 18 0.000027300
shell0_X0_Y0_Z0_mono0_fix1/shell1_X0_Y-1_Z1_mono3_fix1/shell1_X0_Y0_Z1_mono1_fix1//test20tig_AVTZ// DONE 9.763617676156576 4.565751485174007 11.50145518534497 25.830824346675552 18 0.000036713
shell0_X0_Y0_Z0_mono0_fix1/shell1_X-1_Y0_Z0_mono3_fix1/shell2_X-2_Y0_Z0_mono1_fix1//test20tig_AVTZ// DONE 11.50145518534497 9.763617693864175 4.565751473146237 25.83082435235538 18 0.000049307
shell0_X0_Y0_Z0_mono0_fix1/shell0_X0_Y0_Z0_mono2_fix1/shell1_X-1_Y1_Z0_mono3_fix1//test20tig_AVTZ// DONE 4.565751472509687 11.527201388382554 9.763617676156574 25.856570537048814 18 0.000017213
shell0_X0_Y0_Z0_mono0_fix1/shell1_X0_Y0_Z1_mono2_fix1/shell1_X1_Y0_Z0_mono1_fix1//test20tig_AVTZ// DONE 4.565751485280802 9.763617675955024 11.527201393390223 25.856570554626046 18 0.000040158
shell0_X0_Y0_Z0_mono0_fix1/shell1_X0_Y0_Z-1_mono1_fix1/shell1_X0_Y0_Z1_mono3_fix1//test20tig_AVTZ// DONE 9.762161009125471 4.565751473146237 11.55329973447932 25.881212216751027 18 0.000022021
shell0_X0_Y0_Z0_mono0_fix1/shell0_X0_Y0_Z0_mono1_fix1/shell1_X0_Y1_Z1_mono2_fix1//test20tig_AVTZ// DONE 4.565751472509687 9.762161015101716 11.553299729505836 25.881212217117238 18 0.000037941
shell0_X0_Y0_Z0_mono0_fix1/shell0_X0_Y0_Z0_mono1_fix1/shell1_X-1_Y0_Z1_mono0_fix1//test20tig_AVTZ// DONE 4.565751472509687 8.69884916629692 13.032796468426522 26.29739710723313 18 -0.000105208
shell0_X0_Y0_Z0_mono0_fix1/shell0_X0_Y0_Z0_mono1_fix1/shell1_X1_Y0_Z-1_mono1_fix1//test20tig_AVTZ// DONE 4.565751472509687 13.032796468426522 8.813938135457056 26.412486076393265 18 -0.000104846
shell0_X0_Y0_Z0_mono0_fix1/shell1_X1_Y-1_Z-1_mono0_fix1/shell1_X1_Y-1_Z0_mono3_fix1//test20tig_AVTZ// DONE 10.574170213290166 11.474829467528421 4.565751473146237 26.614751153964825 18 0.000053587
shell0_X0_Y0_Z0_mono0_fix1/shell1_X0_Y0_Z-1_mono1_fix1/shell2_X0_Y0_Z-2_mono0_fix1//test20tig_AVTZ// DONE 9.762161009125471 12.297608531859106 4.565751485174008 26.625521026158584 18 0.000006642
shell0_X0_Y0_Z0_mono0_fix1/shell1_X0_Y1_Z0_mono2_fix1/shell2_X0_Y2_Z0_mono0_fix1//test20tig_AVTZ// DONE 9.762161009125473 12.297608531859105 4.565751485174007 26.625521026158584 18 0.000005571
shell0_X0_Y0_Z0_mono0_fix1/shell1_X0_Y1_Z1_mono3_fix1/shell2_X0_Y2_Z0_mono0_fix1//test20tig_AVTZ// DONE 4.565751484644253 12.297608531859105 9.763617676156574 26.62697769265993 18 -0.000000178
shell0_X0_Y0_Z0_mono0_fix1/shell1_X0_Y-1_Z1_mono3_fix1/shell1_X0_Y1_Z1_mono3_fix1//test20tig_AVTZ// DONE 9.763617676156576 4.565751484644253 12.297608531859106 26.626977692659935 18 0.000002889
shell0_X0_Y0_Z0_mono0_fix1/shell1_X0_Y1_Z1_mono3_fix1/shell1_X-1_Y0_Z0_mono3_fix1//test20tig_AVTZ// DONE 4.565751484644253 11.50145518534497 10.574170213290166 26.64137688327939 18 0.000041777
shell0_X0_Y0_Z0_mono0_fix1/shell1_X0_Y0_Z1_mono3_fix1/shell1_X1_Y-1_Z0_mono3_fix1//test20tig_AVTZ// DONE 4.565751473146237 11.474829467528421 10.707029454809259 26.747610395483918 18 0.000043293
shell0_X0_Y0_Z0_mono0_fix1/shell1_X-1_Y-1_Z-1_mono0_fix1/shell1_X-1_Y0_Z0_mono3_fix1//test20tig_AVTZ// DONE 10.707029454809259 11.50145518534497 4.565751484644253 26.77423612479848 18 0.000040337
shell0_X0_Y0_Z0_mono0_fix1/shell1_X-1_Y1_Z-1_mono0_fix1/shell1_X-1_Y1_Z0_mono3_fix1//test20tig_AVTZ// DONE 10.707029454809257 11.527201388382554 4.565751473146237 26.799982316338046 18 0.000051254
shell0_X0_Y0_Z0_mono0_fix1/shell1_X0_Y0_Z1_mono3_fix1/shell1_X-1_Y1_Z0_mono3_fix1//test20tig_AVTZ// DONE 4.565751473146237 11.527201388382554 10.707029454809257 26.799982316338053 18 0.000045898
shell0_X0_Y0_Z0_mono0_fix1/shell0_X0_Y0_Z0_mono1_fix1/shell1_X-1_Y-1_Z-1_mono0_fix1//test20tig_AVTZ// DONE 4.565751472509687 10.707029454809259 11.553299734517752 26.8260806618367 18 0.000038153
shell0_X0_Y0_Z0_mono0_fix1/shell0_X0_Y0_Z0_mono1_fix1/shell1_X1_Y1_Z1_mono1_fix1//test20tig_AVTZ// DONE 4.565751472509687 11.553299734517752 10.707029454809259 26.8260806618367 18 0.000042020
shell0_X0_Y0_Z0_mono0_fix1/shell1_X0_Y0_Z-1_mono1_fix1/shell1_X1_Y0_Z-1_mono3_fix1//test20tig_AVTZ// DONE 9.762161009125471 13.01481888696465 4.565751473146237 27.342731369236354 18 -0.000030717
shell0_X0_Y0_Z0_mono0_fix1/shell1_X-1_Y0_Z-1_mono1_fix1/shell1_X0_Y0_Z-1_mono3_fix1//test20tig_AVTZ// DONE 9.762161015101716 13.014818882472335 4.565751473146237 27.342731370720287 18 -0.000029303
shell0_X0_Y0_Z0_mono0_fix1/shell0_X0_Y0_Z0_mono1_fix1/shell1_X1_Y0_Z-1_mono3_fix1//test20tig_AVTZ// DONE 4.565751472509687 13.01481888696465 9.763617676156576 27.344188035630914 18 -0.000019923
shell0_X0_Y0_Z0_mono0_fix1/shell1_X0_Y0_Z-1_mono3_fix1/shell1_X-1_Y0_Z0_mono1_fix1//test20tig_AVTZ// DONE 13.014818882472335 4.565751485280802 9.763617676156576 27.34418804390971 18 -0.000022923
shell0_X0_Y0_Z0_mono0_fix1/shell0_X0_Y0_Z0_mono1_fix1/shell1_X-1_Y0_Z1_mono3_fix1//test20tig_AVTZ// DONE 4.565751472509687 9.762161009190821 13.050823247654241 27.37873572935475 18 -0.000029893
shell0_X0_Y0_Z0_mono0_fix1/shell0_X0_Y0_Z0_mono1_fix1/shell1_X-1_Y1_Z1_mono3_fix1//test20tig_AVTZ// DONE 4.565751472509687 9.762161015036366 13.050823252108795 27.37873573965485 18 -0.000018152
shell0_X0_Y0_Z0_mono0_fix1/shell1_X0_Y0_Z-1_mono2_fix1/shell1_X0_Y1_Z-1_mono3_fix1//test20tig_AVTZ// DONE 9.763617675955022 13.050823247654241 4.565751473146237 27.380192396755497 18 -0.000034989
shell0_X0_Y0_Z0_mono0_fix1/shell1_X0_Y0_Z-1_mono2_fix1/shell1_X1_Y1_Z-1_mono3_fix1//test20tig_AVTZ// DONE 9.763617675955022 13.050823252108799 4.565751484644253 27.380192412708073 18 -0.000014887
