0.009035976
0.008747865
0.004161453
0.003643916
0.000487205
-0.000423872
-0.001593326
0.000193200
-0.003509767
-0.002075542
0.001335792
0.001038466
0.000438770
0.000741093
0.000812890
0.000542793
0.000569219
0.000507381
-0.000361484
-0.000203058
-0.000220335
-0.000460090
0.000318984
0.000416373
0.000364366
0.000428489
0.000194935
0.000213266
0.000246900
0.000270869
0.000262596
0.000139293
0.000269966
0.000245639
0.000215149
0.000202713
0.000070121
0.000075805
0.000063167
0.000118713
0.000107591
0.000087098
0.000149994
0.000079866
0.000025776
0.000180354
-0.000029332
0.000119270
-0.000105200
-0.000083343
0.000159039
0.000151384
0.000133185
0.000126266
-0.000255435
-0.000199974
-0.000134495
-0.000147658
-0.000127912
-0.000167600
-0.000194347
-0.000153075
0.000094525
0.000071339
0.000102496
0.000114479
0.000112900
0.000120050
-0.000012273
0.000014209
0.000014112
-0.000050377
-0.000124628
0.000029878
-0.000020312
0.000062673
0.000059902
-0.000026261
-0.000013603
0.000051883
0.000053391
0.000054596
0.000048944
0.000043239
0.000044331
0.000018050
0.000018350
0.000010996
-0.000012732
0.000007191
0.000012168
0.000001099
-0.000010092
0.000053388
0.000024884
0.000062993
0.000027300
0.000035228
0.000044283
0.000044028
0.000036713
0.000049307
0.000017213
0.000040158
0.000022021
0.000037941
0.000044820
0.000038221
0.000036024
0.000036274
0.000033156
0.000037712
0.000035039
0.000037346
0.000031170
-0.000105208
-0.000104846
0.000028055
0.000053587
0.000021548
0.000006642
0.000005571
-0.000000178
0.000002889
0.000041777
0.000019061
0.000020463
0.000017201
0.000043293
0.000040337
0.000013019
0.000015374
0.000051254
0.000045898
0.000019709
0.000038153
0.000042020
0.000014342
-0.000033341
-0.000041109
-0.000040516
-0.000030717
-0.000030717
-0.000029303
-0.000019923
-0.000022923
-0.000029893
-0.000018152
-0.000034989
-0.000014887
