0.011732891
0.011113754
0.005449147
0.004908410
0.000497056
-0.000552516
-0.001966342
0.000201708
-0.004662990
-0.002939409
0.001715048
0.001375614
0.000659000
0.001016969
0.001053070
0.000739286
0.000768727
0.000694261
-0.000491592
-0.000292527
-0.000310771
-0.000597194
0.000427587
0.000542458
0.000482769
0.000561130
0.000282426
0.000302819
0.000342341
0.000370945
0.000344508
0.000197020
0.000355581
0.000327692
0.000292475
0.000276853
0.000104076
0.000109473
0.000091107
0.000157028
0.000145654
0.000120033
0.000195463
0.000110082
0.000018092
0.000231810
-0.000043048
0.000161825
-0.000136169
-0.000109953
0.000211585
0.000203768
0.000180777
0.000173300
-0.000334757
-0.000268579
-0.000188929
-0.000204883
-0.000183472
-0.000228940
-0.000262141
-0.000212182
0.000124598
0.000097270
0.000140524
0.000154622
0.000152919
0.000161142
-0.000014545
0.000016206
0.000015826
-0.000061140
-0.000170850
0.000034802
-0.000026219
0.000082297
0.000079295
-0.000032839
-0.000017356
0.000069649
0.000071437
0.000072966
0.000066319
0.000059463
0.000060794
0.000022227
0.000022905
0.000014353
-0.000013696
0.000009396
0.000015620
0.000002136
-0.000011393
0.000069367
0.000036097
0.000081211
0.000038461
0.000047999
0.000059803
0.000059536
0.000049854
0.000065333
0.000026863
0.000054375
0.000032363
0.000051604
0.000058654
0.000051046
0.000048499
0.000048776
0.000045052
0.000050490
0.000047273
0.000049849
0.000042680
-0.000143999
-0.000143948
0.000038724
0.000071338
0.000028496
0.000008401
0.000007232
0.000001105
0.000004392
0.000057494
0.000025501
0.000027171
0.000023258
0.000059239
0.000055249
0.000018383
0.000021129
0.000068668
0.000062098
0.000026310
0.000052987
0.000057545
0.000019852
-0.000045777
-0.000055257
-0.000054703
-0.000042769
-0.000040491
-0.000038563
-0.000028247
-0.000031843
-0.000039918
-0.000025591
-0.000046351
-0.000021867
