-1.393545634
-1.363987251
-1.363984025
-1.363976076
-1.363975375
-1.128807259
-1.128805431
-1.128802397
-1.128799212
-0.426507397
-0.305129292
-0.071046146
-0.060054121
-0.060234458
-0.049988529
-0.041262522
-0.041262452
-0.041262163
-0.041262120
-0.033350001
-0.033350008
-0.033349884
-0.033349854
-0.033332807
-0.020602610
-0.017024206
-0.013531303
-0.011849999
-0.009814333
-0.011894326
-0.011894290
-0.011894275
-0.011894302
-0.011584334
-0.011584360
-0.011584347
-0.011584323
-0.009562769
-0.009573481
-0.009573459
-0.009573462
-0.009573444
-0.009691576
-0.009691558
-0.009691571
-0.009691589
-0.005866315
-0.005187383
-0.005556406
-0.004742445
-0.003597473
-0.003597465
-0.003597464
-0.003597459
-0.003427988
-0.003427996
-0.003427991
-0.003427986
-0.003147722
-0.003147716
-0.003147706
-0.003147702
-0.003019211
-0.003019216
-0.003019209
-0.003019205
-0.003226704
-0.002922290
-0.002922288
-0.002922273
-0.002922272
-0.002633022
-0.002633024
-0.002633015
-0.002633016
-0.002540729
-0.002486345
-0.002167262
-0.002163426
-0.002094404
-0.001991262
-0.002083131
-0.001610933
-0.001610925
-0.001610925
-0.001610932
-0.001604827
-0.001604821
-0.001604822
-0.001604829
-0.001619406
-0.001649205
-0.001438625
-0.001368406
-0.001370373
-0.001247738
-0.001182070
-0.001013308
-0.001024436
-0.000998819
-0.000959384
-0.000894800
-0.000857994
-0.000899165
-0.000841716
-0.000841712
-0.000841714
-0.000841711
-0.000861536
-0.000820444
-0.000820447
-0.000820446
-0.000820443
-0.000813658
-0.000813657
-0.000813656
-0.000813655
-0.000782639
-0.000782640
-0.000782638
-0.000782639
-0.000809942
-0.000761655
-0.000792786
-0.000766736
-0.000766735
-0.000766732
-0.000766731
-0.000720534
-0.000724066
-0.000710818
-0.000710819
-0.000710818
-0.000710817
-0.000732221
-0.000632372
-0.000616695
-0.000615484
-0.000615483
-0.000615483
-0.000615484
-0.000612568
-0.000612569
-0.000612568
-0.000506617
-0.000490366
-0.000490365
-0.000490365
-0.000490366
-0.000474211
-0.000494829
-0.000494828
-0.000494828
-0.000494829
-0.000454974
-0.000459623
-0.000447288
-0.000442449
-0.000438262
-0.000425357
-0.000434343
-0.000434343
-0.000434341
-0.000434341
-0.000414411
-0.000414411
-0.000414410
-0.000414410
-0.000407898
-0.000396584
-0.000395607
-0.000390275
-0.000373497
-0.000373496
-0.000373496
-0.000373496
-0.000369312
-0.000369312
-0.000369312
-0.000369312
-0.000315304
-0.000315303
-0.000315303
-0.000315303
-0.000307734
-0.000307733
-0.000307733
-0.000307732
-0.000302411
-0.000302412
-0.000302411
-0.000302410
-0.000291668
-0.000309036
-0.000309037
-0.000309036
-0.000309036
-0.000295631
-0.000248231
-0.000248230
-0.000248230
-0.000248231
-0.000247113
-0.000247112
-0.000237498
-0.000243605
-0.000239407
-0.000239955
-0.000241284
-0.000234452
-0.000229730
-0.000228044
-0.000222014
-0.000222013
-0.000222013
-0.000222014
-0.000222471
-0.000222471
-0.000222471
-0.000222472
-0.000211194
-0.000206201
-0.000206201
-0.000206201
-0.000206201
-0.000200904
-0.000200904
-0.000200904
-0.000200904
-0.000201392
-0.000199819
-0.000199819
-0.000199818
-0.000199818
-0.000195790
-0.000201500
-0.000187731
-0.000187731
-0.000187731
-0.000187731
-0.000189455
-0.000172043
-0.000172043
-0.000172043
-0.000172043
-0.000169729
-0.000169730
-0.000169730
-0.000169729
-0.000168955
-0.000168955
-0.000168955
-0.000168955
-0.000171849
-0.000167435
-0.000165120
-0.000166783
-0.000166783
-0.000166783
-0.000166783
-0.000170260
-0.000168533
-0.000164402
-0.000163430
-0.000161239
-0.000159014
-0.000158754
-0.000155458
-0.000155458
-0.000155458
-0.000155458
-0.000157821
-0.000155042
-0.000155042
-0.000155042
-0.000155042
-0.000159070
-0.000154398
-0.000152586
-0.000146943
-0.000146942
-0.000146942
-0.000146942
-0.000147205
-0.000147815
-0.000140316
-0.000144044
-0.000137998
-0.000144320
-0.000144320
-0.000144320
-0.000144320
-0.000139651
-0.000140605
-0.000140376
-0.000144089
-0.000140192
-0.000136924
-0.000139165
-0.000128086
-0.000125198
-0.000120402
-0.000121935
-0.000116252
-0.000117130
-0.000118551
-0.000121064
-0.000117154
-0.000118757
-0.000110147
-0.000110146
-0.000110146
-0.000110146
-0.000105776
-0.000105776
-0.000105776
-0.000105776
-0.000098528
-0.000101043
-0.000101043
