-.012946465
-.004587602
-.004586886
-.004587496
-.004586976
-.011416000
-.011416494
-.011416334
-.011416685
-.014115306
-.009301550
-.000669122
-.001162050
-.000516827
-.001028985
-.000658720
-.000658719
-.000658712
-.000658713
-.000533661
-.000533666
-.000533670
-.000533672
.000552923
-.000429866
-.000361666
.000365349
.000083452
-.000197058
.000015184
.000015183
.000015183
.000015184
.000004548
.000004547
.000004546
.000004547
-.000192936
.000057052
.000057051
.000057053
.000057052
-.000041655
-.000041655
-.000041653
-.000041653
-.000030224
-.000094228
-.000028461
-.000086037
.000005360
.000005360
.000005361
.000005359
-.000008533
-.000008534
-.000008534
-.000008534
.000026005
.000026004
.000026005
.000026004
-.000026871
-.000026870
-.000026871
-.000026871
.000019009
-.000031420
-.000031420
-.000031419
-.000031420
-.000048362
-.000048362
-.000048361
-.000048362
.000050243
.000013521
-.000039753
-.000008218
-.000038591
.000024470
-.000003044
.000018678
.000018678
.000018678
.000018679
.000010804
.000010803
.000010803
.000010804
.000018327
-.000003018
.000053917
-.000018937
-.000022893
.000043629
-.000016151
.000043351
.000023897
-.000016079
-.000010838
.000036248
-.000009574
.000019466
.000009495
.000009495
.000009495
.000009495
-.000013734
-.000000173
-.000000173
-.000000173
-.000000173
-.000001419
-.000001419
-.000001419
-.000001419
-.000005726
-.000005725
-.000005725
-.000005726
-.000004240
-.000014133
-.000004121
.000003522
.000003522
.000003522
.000003522
-.000013340
.000008175
-.000009581
-.000009581
-.000009581
-.000009581
-.000005587
.000006700
-.000004854
.000008092
.000008092
.000008092
.000008092
.000007461
.000007461
.000007461
.000006391
.000007060
.000007060
.000007060
.000007059
-.000007911
.000004039
.000004040
.000004040
.000004040
-.000005119
-.000007721
.000016278
-.000007721
.000004139
-.000004183
-.000004547
-.000004547
-.000004547
-.000004547
-.000007215
-.000007215
-.000007215
-.000007215
.000014312
-.000003844
.000003412
-.000006767
.000003975
.000003975
.000003975
.000003976
.000002954
.000002955
.000002955
.000002954
.000002424
.000002424
.000002424
.000002423
.000005009
.000005010
.000005010
.000005010
-.000001914
-.000001915
-.000001914
-.000001914
.000014658
.000000234
.000000233
.000000234
.000000233
-.000005482
.000003744
.000003744
.000003744
.000003744
.000003072
.000003071
.000013075
-.000004450
.000008883
-.000004396
.000003341
-.000003621
.000001689
-.000002832
.000003400
.000003400
.000003400
.000003400
.000002347
.000002346
.000002346
.000002346
.000001483
-.000000996
-.000000996
-.000000996
-.000000997
-.000002085
-.000002084
-.000002085
-.000002085
-.000002509
.000000186
.000000186
.000000186
.000000186
.000003487
.000001480
-.000003003
-.000003003
-.000003003
-.000003003
.000002316
.000002472
.000002471
.000002471
.000002472
.000001236
.000001236
.000001236
.000001236
.000001056
.000001055
.000001055
.000001055
-.000001140
-.000003066
.000006060
.000000430
.000000430
.000000430
.000000430
-.000001120
-.000000957
.000004469
-.000002941
-.000002951
-.000000169
-.000001499
.000002568
.000002567
.000002567
.000002568
.000002536
.000000630
.000000631
.000000630
.000000630
.000000973
.000004094
-.000001416
.000002050
.000002050
.000002050
.000002050
-.000000204
-.000002653
.000007030
-.000002540
.000005693
-.000000828
-.000000827
-.000000828
-.000000828
.000003116
.000003823
-.000002489
-.000001274
-.000000450
.000004614
-.000000825
.000000883
-.000001969
-.000001788
-.000001933
.000004444
.000002088
-.000000414
.000000055
.000002911
-.000001068
.000000412
.000000412
.000000412
.000000412
-.000001106
-.000001106
-.000001106
-.000001106
.000001616
-.000001109
-.000001109
