-1.380599169
-1.359399649
-1.359397139
-1.359388580
-1.359388399
-1.117391259
-1.117388937
-1.117386063
-1.117382527
-0.412392091
-0.295827742
-0.070377024
-0.058892071
-0.059717631
-0.048959544
-0.040603802
-0.040603733
-0.040603451
-0.040603407
-0.032816340
-0.032816342
-0.032816214
-0.032816182
-0.033885730
-0.020172744
-0.016662540
-0.013896652
-0.011933451
-0.009617275
-0.011909510
-0.011909473
-0.011909458
-0.011909486
-0.011588882
-0.011588907
-0.011588893
-0.011588870
-0.009369833
-0.009630533
-0.009630510
-0.009630515
-0.009630496
-0.009649921
-0.009649903
-0.009649918
-0.009649936
-0.005836091
-0.005093155
-0.005527945
-0.004656408
-0.003602833
-0.003602825
-0.003602825
-0.003602818
-0.003419455
-0.003419462
-0.003419457
-0.003419452
-0.003173727
-0.003173720
-0.003173711
-0.003173706
-0.002992340
-0.002992346
-0.002992338
-0.002992334
-0.003245713
-0.002890870
-0.002890868
-0.002890854
-0.002890852
-0.002584660
-0.002584662
-0.002584654
-0.002584654
-0.002590972
-0.002499866
-0.002127509
-0.002155208
-0.002055813
-0.002015732
-0.002080087
-0.001629611
-0.001629603
-0.001629603
-0.001629611
-0.001615631
-0.001615624
-0.001615625
-0.001615633
-0.001637733
-0.001646187
-0.001492542
-0.001349469
-0.001347480
-0.001291367
-0.001165919
-0.001056659
-0.001048333
-0.000982740
-0.000948546
-0.000931048
-0.000848420
-0.000918631
-0.000851211
-0.000851207
-0.000851209
-0.000851206
-0.000847802
-0.000820271
-0.000820274
-0.000820273
-0.000820270
-0.000812239
-0.000812238
-0.000812237
-0.000812236
-0.000776913
-0.000776915
-0.000776913
-0.000776913
-0.000805702
-0.000747522
-0.000788665
-0.000770258
-0.000770257
-0.000770254
-0.000770253
-0.000707194
-0.000732241
-0.000701237
-0.000701238
-0.000701237
-0.000701236
-0.000726634
-0.000639072
-0.000611841
-0.000623576
-0.000623575
-0.000623575
-0.000623576
-0.000620029
-0.000620030
-0.000620029
-0.000513008
-0.000497426
-0.000497425
-0.000497425
-0.000497425
-0.000466300
-0.000498868
-0.000498868
-0.000498868
-0.000498869
-0.000449855
-0.000451902
-0.000463566
-0.000434728
-0.000442401
-0.000421174
-0.000429796
-0.000429796
-0.000429794
-0.000429794
-0.000407196
-0.000407196
-0.000407195
-0.000407195
-0.000422210
-0.000392740
-0.000399019
-0.000383508
-0.000377472
-0.000377471
-0.000377471
-0.000377472
-0.000372266
-0.000372267
-0.000372267
-0.000372266
-0.000317728
-0.000317727
-0.000317727
-0.000317726
-0.000312743
-0.000312743
-0.000312743
-0.000312742
-0.000300497
-0.000300497
-0.000300497
-0.000300496
-0.000306326
-0.000309270
-0.000309270
-0.000309270
-0.000309269
-0.000290149
-0.000251975
-0.000251974
-0.000251974
-0.000251975
-0.000250185
-0.000250183
-0.000250573
-0.000239155
-0.000248290
-0.000235559
-0.000244625
-0.000230831
-0.000231419
-0.000225212
-0.000225414
-0.000225413
-0.000225413
-0.000225414
-0.000224818
-0.000224817
-0.000224817
-0.000224818
-0.000212677
-0.000205205
-0.000205205
-0.000205205
-0.000205204
-0.000198819
-0.000198820
-0.000198819
-0.000198819
-0.000198883
-0.000200005
-0.000200005
-0.000200004
-0.000200004
-0.000199277
-0.000202980
-0.000184728
-0.000184728
-0.000184728
-0.000184728
-0.000191771
-0.000174515
-0.000174514
-0.000174514
-0.000174515
-0.000170965
-0.000170966
-0.000170966
-0.000170965
-0.000170011
-0.000170010
-0.000170010
-0.000170010
-0.000170709
-0.000164369
-0.000171180
-0.000167213
-0.000167213
-0.000167213
-0.000167213
-0.000169140
-0.000167576
-0.000168871
-0.000160489
-0.000158288
-0.000158845
-0.000157255
-0.000158026
-0.000158025
-0.000158025
-0.000158026
-0.000160357
-0.000155672
-0.000155673
-0.000155672
-0.000155672
-0.000160043
-0.000158492
-0.000151170
-0.000148993
-0.000148992
-0.000148992
-0.000148992
-0.000147001
-0.000145162
-0.000147346
-0.000141504
-0.000143691
-0.000143492
-0.000143493
-0.000143492
-0.000143492
-0.000142767
-0.000144428
-0.000137887
-0.000142815
-0.000139742
-0.000141538
-0.000138340
-0.000128969
-0.000123229
-0.000118614
-0.000120002
-0.000120696
-0.000119218
-0.000118137
-0.000121119
-0.000120065
-0.000117689
-0.000110559
-0.000110558
-0.000110558
-0.000110558
-0.000104670
-0.000104670
-0.000104670
-0.000104670
-0.000100144
-0.000099934
-0.000099934
