shell0_X0_Y0_Z0_mono0_fix1/shell1_X0_Y-1_Z-1_mono0_fix1/shell1_X0_Y0_Z-1_mono0_fix1//test20tig_AVTZ// DONE 8.34327286060742 5.849414294420457 6.141085043291241 20.333772198319117 12 0.000432700
shell0_X0_Y0_Z0_mono0_fix1/shell1_X0_Y0_Z-1_mono1_fix1/shell1_X0_Y1_Z-1_mono1_fix1//test20tig_AVTZ// DONE 7.2394392820421585 7.239439558657251 6.141085020779474 20.619963861478883 4 0.000469866
shell0_X0_Y0_Z0_mono0_fix1/shell1_X0_Y0_Z-1_mono1_fix1/shell1_X0_Y-1_Z0_mono0_fix1//test20tig_AVTZ// DONE 7.2394392820421585 6.14108504329124 7.239439558657251 20.61996388399065 8 0.000469866
shell0_X0_Y0_Z0_mono0_fix1/shell1_X-1_Y0_Z-1_mono0_fix1/shell1_X0_Y0_Z-1_mono0_fix1//test20tig_AVTZ// DONE 8.487159055786023 5.849414294420457 6.357429267555808 20.694002617762287 12 0.000347439
shell0_X0_Y0_Z0_mono0_fix1/shell2_X0_Y2_Z0_mono3_fix1/shell2_X0_Y2_Z1_mono3_fix1//test20tig_AVTZ// DONE 7.441595701055088 7.441595701324806 5.849414259311995 20.73260566169189 2 0.000489162
shell0_X0_Y0_Z0_mono0_fix1/shell0_X0_Y0_Z0_mono3_fix1/shell1_X0_Y0_Z1_mono3_fix1//test20tig_AVTZ// DONE 7.441595710913052 7.441595711182771 5.849414259311995 20.73260568140782 2 0.000423136
shell0_X0_Y0_Z0_mono0_fix1/shell1_X0_Y0_Z-1_mono0_fix1/shell2_X0_Y2_Z0_mono3_fix1//test20tig_AVTZ// DONE 5.849414294420457 7.441595701055088 7.441595701324806 20.73260569680035 4 0.000423136
shell0_X0_Y0_Z0_mono0_fix1/shell0_X0_Y0_Z0_mono3_fix1/shell1_X0_Y0_Z-1_mono0_fix1//test20tig_AVTZ// DONE 7.441595710913052 5.849414294420457 7.441595711182771 20.732605716516282 4 0.000489162
shell0_X0_Y0_Z0_mono0_fix1/shell1_X0_Y0_Z-1_mono1_fix1/shell1_X-1_Y0_Z0_mono0_fix1//test20tig_AVTZ// DONE 7.2394392820421585 6.357429267555808 7.239439500644278 20.836308050242245 4 0.000405157
shell0_X0_Y0_Z0_mono0_fix1/shell1_X0_Y0_Z-1_mono1_fix1/shell1_X1_Y0_Z-1_mono1_fix1//test20tig_AVTZ// DONE 7.2394392820421585 7.239439500644278 6.357429417783243 20.83630820046968 2 0.000405157
shell0_X0_Y0_Z0_mono0_fix1/shell1_X0_Y1_Z-1_mono1_fix1/shell1_X-1_Y0_Z0_mono0_fix1//test20tig_AVTZ// DONE 7.239439558657251 6.357429267555808 7.239439752791947 20.836308579005006 4 0.000405157
shell0_X0_Y0_Z0_mono0_fix1/shell1_X0_Y1_Z-1_mono1_fix1/shell1_X1_Y1_Z-1_mono1_fix1//test20tig_AVTZ// DONE 7.239439558657251 7.239439752791947 6.357429417783243 20.836308729232442 2 0.000405157
shell0_X0_Y0_Z0_mono0_fix1/shell1_X0_Y0_Z-1_mono0_fix1/shell1_X1_Y0_Z0_mono2_fix1//test20tig_AVTZ// DONE 5.849414294420457 7.501411619895282 7.501411620166195 20.852237534481933 2 0.000473351
shell0_X0_Y0_Z0_mono0_fix1/shell1_X1_Y0_Z1_mono2_fix1/shell1_X1_Y0_Z0_mono2_fix1//test20tig_AVTZ// DONE 7.501411620166195 7.501411619895282 5.849414447403712 20.85223768746519 1 0.000473351
shell0_X0_Y0_Z0_mono0_fix1/shell1_X0_Y0_Z-1_mono0_fix1/shell1_X-1_Y1_Z0_mono2_fix1//test20tig_AVTZ// DONE 5.849414294420457 7.501411867012628 7.501411867283543 20.852238028716627 2 0.000473351
shell0_X0_Y0_Z0_mono0_fix1/shell1_X-1_Y1_Z1_mono2_fix1/shell1_X-1_Y1_Z0_mono2_fix1//test20tig_AVTZ// DONE 7.501411867283543 7.501411867012628 5.849414447403712 20.85223818169988 1 0.000473351
shell0_X0_Y0_Z0_mono0_fix1/shell1_X0_Y0_Z-1_mono0_fix1/shell1_X-1_Y0_Z0_mono2_fix1//test20tig_AVTZ// DONE 5.849414294420457 7.633408800312303 7.633408800568826 21.116231895301585 2 0.000322189
shell0_X0_Y0_Z0_mono0_fix1/shell1_X-1_Y0_Z1_mono2_fix1/shell1_X-1_Y0_Z0_mono2_fix1//test20tig_AVTZ// DONE 7.633408800568826 7.633408800312303 5.849414447403712 21.116232048284843 1 0.000322189
shell0_X0_Y0_Z0_mono0_fix1/shell1_X0_Y0_Z-1_mono0_fix1/shell1_X1_Y1_Z0_mono2_fix1//test20tig_AVTZ// DONE 5.849414294420457 7.633409059299531 7.633409059556055 21.116232413276045 2 0.000322189
shell0_X0_Y0_Z0_mono0_fix1/shell1_X1_Y1_Z1_mono2_fix1/shell1_X1_Y1_Z0_mono2_fix1//test20tig_AVTZ// DONE 7.633409059556055 7.633409059299531 5.849414447403712 21.1162325662593 1 0.000322189
shell0_X0_Y0_Z0_mono0_fix1/shell1_X1_Y-1_Z0_mono0_fix1/shell1_X0_Y-1_Z0_mono0_fix1//test20tig_AVTZ// DONE 8.644867251306648 6.14108504329124 6.357429267555808 21.143381562153696 6 0.000446891
shell0_X0_Y0_Z0_mono0_fix1/shell0_X0_Y0_Z0_mono3_fix1/shell1_X1_Y0_Z0_mono3_fix1//test20tig_AVTZ// DONE 7.441595710913052 7.441595913886067 6.357429264530413 21.240620889329534 4 0.000379526
shell0_X0_Y0_Z0_mono0_fix1/shell0_X0_Y0_Z0_mono3_fix1/shell1_X-1_Y0_Z0_mono0_fix1//test20tig_AVTZ// DONE 7.441595710913052 6.357429267555808 7.441595913886067 21.240620892354926 8 0.000379526
shell0_X0_Y0_Z0_mono0_fix1/shell1_X-1_Y0_Z0_mono2_fix1/shell1_X0_Y-1_Z0_mono0_fix1//test20tig_AVTZ// DONE 7.633408800312303 6.14108504329124 7.501411867012628 21.275905710616172 8 0.000360017
shell0_X0_Y0_Z0_mono0_fix1/shell1_X-1_Y0_Z0_mono2_fix1/shell1_X-1_Y1_Z0_mono2_fix1//test20tig_AVTZ// DONE 7.633408800312303 7.501411867012628 6.141085058035455 21.275905725360385 4 0.000360017
shell0_X0_Y0_Z0_mono0_fix1/shell1_X-1_Y-1_Z0_mono0_fix1/shell1_X-1_Y0_Z0_mono0_fix1//test20tig_AVTZ// DONE 8.821829156691244 6.357429267555808 6.141085043291241 21.320343467538294 6 0.000143527
shell0_X0_Y0_Z0_mono0_fix1/shell1_X-1_Y1_Z0_mono2_fix1/shell2_X0_Y2_Z1_mono3_fix1//test20tig_AVTZ// DONE 7.501411867012628 7.441595701324806 7.239439508500856 22.18244707683829 2 0.000263136
shell0_X0_Y0_Z0_mono0_fix1/shell1_X0_Y0_Z1_mono3_fix1/shell1_X1_Y0_Z1_mono1_fix1//test20tig_AVTZ// DONE 7.441595711182771 7.239439500644279 7.501411869074303 22.182447080901355 2 0.000263136
shell0_X0_Y0_Z0_mono0_fix1/shell1_X1_Y0_Z1_mono3_fix1/shell1_X1_Y0_Z0_mono2_fix1//test20tig_AVTZ// DONE 7.441595914155785 7.501411619895282 7.239439563722077 22.182447097773142 2 0.000263136
shell0_X0_Y0_Z0_mono0_fix1/shell1_X0_Y0_Z-1_mono1_fix1/shell1_X-1_Y1_Z0_mono2_fix1//test20tig_AVTZ// DONE 7.2394392820421585 7.501411867012628 7.441595958391272 22.18244710744606 2 0.000263136
shell0_X0_Y0_Z0_mono0_fix1/shell1_X0_Y1_Z1_mono1_fix1/shell2_X1_Y2_Z1_mono3_fix1//test20tig_AVTZ// DONE 7.239439558657251 7.441595929316464 7.501411621956955 22.18244710993067 2 0.000263136
shell0_X0_Y0_Z0_mono0_fix1/shell1_X1_Y1_Z-1_mono1_fix1/shell1_X1_Y0_Z0_mono2_fix1//test20tig_AVTZ// DONE 7.239439752791947 7.501411619895282 7.441595749230804 22.18244712191803 2 0.000263136
shell0_X0_Y0_Z0_mono0_fix1/shell1_X1_Y1_Z-1_mono1_fix1/shell2_X0_Y2_Z0_mono3_fix1//test20tig_AVTZ// DONE 7.239439752791947 7.441595701055088 7.633408780261127 22.314444234108162 2 0.000202041
shell0_X0_Y0_Z0_mono0_fix1/shell1_X0_Y0_Z-1_mono1_fix1/shell1_X1_Y0_Z0_mono3_fix1//test20tig_AVTZ// DONE 7.2394392820421585 7.441595913886067 7.63340903924835 22.314444235176573 2 0.000202041
shell0_X0_Y0_Z0_mono0_fix1/shell0_X0_Y0_Z0_mono3_fix1/shell1_X-1_Y0_Z1_mono2_fix1//test20tig_AVTZ// DONE 7.441595710913052 7.633408800568826 7.239439744935367 22.314444256417246 2 0.000202041
shell0_X0_Y0_Z0_mono0_fix1/shell1_X1_Y1_Z1_mono2_fix1/shell2_X1_Y2_Z0_mono3_fix1//test20tig_AVTZ// DONE 7.633409059556055 7.441595929046747 7.239439276977334 22.314444265580136 2 0.000202041
shell0_X0_Y0_Z0_mono0_fix1/shell1_X1_Y0_Z1_mono1_fix1/shell1_X1_Y1_Z1_mono2_fix1//test20tig_AVTZ// DONE 7.239439500644279 7.633409059556055 7.441595758819045 22.31444431901938 2 0.000202041
shell0_X0_Y0_Z0_mono0_fix1/shell1_X-1_Y0_Z1_mono2_fix1/shell1_X0_Y1_Z1_mono1_fix1//test20tig_AVTZ// DONE 7.633408800568826 7.239439558657251 7.44159597328223 22.314444332508305 2 0.000202041
shell0_X0_Y0_Z0_mono0_fix1/shell1_X0_Y0_Z-1_mono0_fix1/shell1_X0_Y0_Z1_mono0_fix1//test20tig_AVTZ// DONE 5.849414294420457 5.849414294420458 11.29705896538643 22.995887554227345 3 -0.000291643
shell0_X0_Y0_Z0_mono0_fix1/shell1_X0_Y0_Z-1_mono1_fix1/shell1_X1_Y1_Z-1_mono1_fix1//test20tig_AVTZ// DONE 7.2394392820421585 7.239439752791947 8.644867266989586 23.12374630182369 2 0.000182844
shell0_X0_Y0_Z0_mono0_fix1/shell1_X0_Y1_Z-1_mono1_fix1/shell1_X-1_Y1_Z0_mono0_fix1//test20tig_AVTZ// DONE 7.239439558657251 8.644867251306648 7.239439500644278 23.123746310608176 4 0.000182844
shell0_X0_Y0_Z0_mono0_fix1/shell1_X1_Y1_Z-1_mono1_fix1/shell1_X1_Y1_Z0_mono0_fix1//test20tig_AVTZ// DONE 7.239439752791947 8.821829156691244 7.23943928204216 23.30070819152535 4 0.000121117
shell0_X0_Y0_Z0_mono0_fix1/shell1_X0_Y1_Z-1_mono1_fix1/shell1_X1_Y0_Z-1_mono1_fix1//test20tig_AVTZ// DONE 7.239439558657251 7.239439500644278 8.821829228636577 23.300708287938107 2 0.000121117
shell0_X0_Y0_Z0_mono0_fix1/shell0_X0_Y0_Z0_mono3_fix1/shell1_X1_Y0_Z1_mono3_fix1//test20tig_AVTZ// DONE 7.441595710913052 7.441595914155785 8.487159043655303 23.370350668724143 4 0.000142648
shell0_X0_Y0_Z0_mono0_fix1/shell0_X0_Y0_Z0_mono3_fix1/shell1_X-1_Y0_Z-1_mono0_fix1//test20tig_AVTZ// DONE 7.441595710913052 8.487159055786023 7.441595914155785 23.370350680854862 8 0.000142648
shell0_X0_Y0_Z0_mono0_fix1/shell1_X0_Y1_Z-1_mono0_fix1/shell1_X-1_Y1_Z0_mono2_fix1//test20tig_AVTZ// DONE 8.34327286060742 7.501411867012628 7.633408800568826 23.478093528188875 8 0.000137737
shell0_X0_Y0_Z0_mono0_fix1/shell1_X-1_Y0_Z1_mono2_fix1/shell1_X-1_Y1_Z0_mono2_fix1//test20tig_AVTZ// DONE 7.633408800568826 7.501411867012628 8.343272917945272 23.47809358552673 4 0.000137737
shell0_X0_Y0_Z0_mono0_fix1/shell0_X0_Y0_Z0_mono3_fix1/shell1_X0_Y0_Z1_mono1_fix1//test20tig_AVTZ// DONE 7.441595710913052 7.239439282042159 9.057222318897287 23.7382573118525 4 0.000107639
shell0_X0_Y0_Z0_mono0_fix1/shell1_X0_Y1_Z-1_mono2_fix1/shell2_X0_Y2_Z0_mono3_fix1//test20tig_AVTZ// DONE 9.057222342191656 7.441595701055088 7.239439276977334 23.73825732022408 4 0.000107639
shell0_X0_Y0_Z0_mono0_fix1/shell1_X0_Y1_Z1_mono1_fix1/shell2_X0_Y2_Z0_mono3_fix1//test20tig_AVTZ// DONE 7.239439558657251 7.441595701055088 9.057222108164261 23.7382573678766 2 0.000109467
shell0_X0_Y0_Z0_mono0_fix1/shell1_X0_Y0_Z-1_mono1_fix1/shell1_X0_Y1_Z-1_mono2_fix1//test20tig_AVTZ// DONE 7.2394392820421585 9.057222342191656 7.441595758819045 23.738257383052858 4 0.000109467
shell0_X0_Y0_Z0_mono0_fix1/shell0_X0_Y0_Z0_mono3_fix1/shell1_X0_Y0_Z-1_mono2_fix1//test20tig_AVTZ// DONE 7.441595710913052 9.05722213145863 7.239439563722077 23.73825740609376 2 0.000109467
shell0_X0_Y0_Z0_mono0_fix1/shell1_X0_Y0_Z-1_mono2_fix1/shell1_X0_Y1_Z-1_mono1_fix1//test20tig_AVTZ// DONE 9.05722213145863 7.239439558657251 7.4415957489610856 23.738257439076968 2 0.000107640
shell0_X0_Y0_Z0_mono0_fix1/shell1_X1_Y0_Z1_mono1_fix1/shell1_X1_Y0_Z0_mono3_fix1//test20tig_AVTZ// DONE 7.239439500644279 7.441595913886067 9.057222318897287 23.73825773342763 2 0.000109467
shell0_X0_Y0_Z0_mono0_fix1/shell1_X0_Y1_Z-1_mono2_fix1/shell2_X1_Y2_Z0_mono3_fix1//test20tig_AVTZ// DONE 9.057222342191656 7.441595929046747 7.239439508500856 23.738257779739257 2 0.000109467
shell0_X0_Y0_Z0_mono0_fix1/shell1_X0_Y1_Z-1_mono2_fix1/shell1_X1_Y0_Z-1_mono1_fix1//test20tig_AVTZ// DONE 9.057222342191656 7.239439500644278 7.441595958121554 23.738257800957488 2 0.000107640
shell0_X0_Y0_Z0_mono0_fix1/shell1_X1_Y1_Z-1_mono3_fix1/shell1_X1_Y0_Z0_mono2_fix1//test20tig_AVTZ// DONE 9.090813868877825 7.501411619895282 7.239439276977334 23.83166476575044 2 0.000108256
shell0_X0_Y0_Z0_mono0_fix1/shell1_X0_Y0_Z-1_mono1_fix1/shell1_X1_Y1_Z-1_mono3_fix1//test20tig_AVTZ// DONE 7.2394392820421585 9.090813868877825 7.501411621956955 23.831664772876938 2 0.000108256
shell0_X0_Y0_Z0_mono0_fix1/shell1_X1_Y0_Z1_mono1_fix1/shell1_X1_Y0_Z0_mono2_fix1//test20tig_AVTZ// DONE 7.239439500644279 7.501411619895282 9.090813807198863 23.831664927738423 2 0.000108256
shell0_X0_Y0_Z0_mono0_fix1/shell1_X0_Y1_Z-1_mono3_fix1/shell1_X-1_Y1_Z0_mono2_fix1//test20tig_AVTZ// DONE 9.090813705041763 7.501411867012628 7.239439744935367 23.831665316989756 2 0.000108256
shell0_X0_Y0_Z0_mono0_fix1/shell1_X0_Y1_Z-1_mono3_fix1/shell1_X1_Y1_Z-1_mono1_fix1//test20tig_AVTZ// DONE 9.090813705041763 7.239439752791947 7.501411869074303 23.831665326908013 2 0.000108256
shell0_X0_Y0_Z0_mono0_fix1/shell1_X0_Y1_Z1_mono1_fix1/shell1_X-1_Y1_Z0_mono2_fix1//test20tig_AVTZ// DONE 7.239439558657251 7.501411867012628 9.090813973045613 23.831665398715494 2 0.000108256
shell0_X0_Y0_Z0_mono0_fix1/shell1_X0_Y1_Z-1_mono3_fix1/shell1_X1_Y0_Z-1_mono1_fix1//test20tig_AVTZ// DONE 9.090813705041763 7.239439500644278 7.633408780004605 23.963661985690646 2 0.000093599
shell0_X0_Y0_Z0_mono0_fix1/shell1_X0_Y1_Z-1_mono3_fix1/shell1_X-1_Y0_Z0_mono2_fix1//test20tig_AVTZ// DONE 9.090813705041763 7.633408800312303 7.239439508500856 23.96366201385492 2 0.000093599
shell0_X0_Y0_Z0_mono0_fix1/shell1_X0_Y0_Z1_mono1_fix1/shell1_X-1_Y0_Z0_mono2_fix1//test20tig_AVTZ// DONE 7.239439282042159 7.633408800312303 9.090813973045613 23.963662055400075 2 0.000093599
shell0_X0_Y0_Z0_mono0_fix1/shell1_X0_Y1_Z-1_mono1_fix1/shell1_X1_Y1_Z-1_mono3_fix1//test20tig_AVTZ// DONE 7.239439558657251 9.090813868877825 7.633409038991829 23.963662466526905 2 0.000093599
shell0_X0_Y0_Z0_mono0_fix1/shell1_X1_Y1_Z-1_mono3_fix1/shell1_X1_Y1_Z0_mono2_fix1//test20tig_AVTZ// DONE 9.090813868877825 7.633409059299531 7.239439563722077 23.96366249189943 2 0.000093599
shell0_X0_Y0_Z0_mono0_fix1/shell1_X1_Y1_Z1_mono1_fix1/shell1_X1_Y1_Z0_mono2_fix1//test20tig_AVTZ// DONE 7.239439752791949 7.633409059299531 9.090813807198863 23.963662619290343 2 0.000093599
shell0_X0_Y0_Z0_mono0_fix1/shell2_X0_Y2_Z-1_mono3_fix1/shell2_X0_Y2_Z0_mono3_fix1//test20tig_AVTZ// DONE 10.880867938006702 7.441595701055088 5.849414259311995 24.171877898373786 4 0.000018646
shell0_X0_Y0_Z0_mono0_fix1/shell0_X0_Y0_Z0_mono3_fix1/shell1_X0_Y0_Z-1_mono3_fix1//test20tig_AVTZ// DONE 7.441595710913052 10.88086794046102 5.849414259311995 24.171877910686067 4 0.000006009
shell0_X0_Y0_Z0_mono0_fix1/shell1_X0_Y0_Z-1_mono0_fix1/shell2_X0_Y2_Z-1_mono3_fix1//test20tig_AVTZ// DONE 5.849414294420457 10.880867938006702 7.441595701055088 24.171877933482246 8 0.000006009
shell0_X0_Y0_Z0_mono0_fix1/shell1_X0_Y0_Z-1_mono0_fix1/shell1_X0_Y0_Z-1_mono3_fix1//test20tig_AVTZ// DONE 5.849414294420457 10.88086794046102 7.441595710913052 24.17187794579453 8 0.000018646
shell0_X0_Y0_Z0_mono0_fix1/shell1_X0_Y0_Z-1_mono1_fix1/shell2_X0_Y2_Z0_mono3_fix1//test20tig_AVTZ// DONE 7.2394392820421585 7.441595701055088 9.535100724717877 24.216135707815123 2 0.000099574
shell0_X0_Y0_Z0_mono0_fix1/shell0_X0_Y0_Z0_mono3_fix1/shell1_X0_Y-1_Z1_mono2_fix1//test20tig_AVTZ// DONE 7.441595710913052 9.535100747695719 7.239439276977334 24.216135735586107 2 0.000099574
shell0_X0_Y0_Z0_mono0_fix1/shell1_X0_Y-1_Z1_mono2_fix1/shell1_X0_Y0_Z1_mono1_fix1//test20tig_AVTZ// DONE 9.535100747695719 7.239439282042159 7.4415957489610856 24.216135778698963 2 0.000098464
shell0_X0_Y0_Z0_mono0_fix1/shell1_X1_Y0_Z-1_mono1_fix1/shell2_X1_Y2_Z0_mono3_fix1//test20tig_AVTZ// DONE 7.239439500644278 7.441595929046747 9.535100724717877 24.2161361544089 2 0.000098464
shell0_X0_Y0_Z0_mono0_fix1/shell1_X0_Y-1_Z1_mono2_fix1/shell1_X1_Y0_Z0_mono3_fix1//test20tig_AVTZ// DONE 9.535100747695719 7.441595913886067 7.239439508500856 24.21613617008264 2 0.000098464
shell0_X0_Y0_Z0_mono0_fix1/shell1_X0_Y-1_Z1_mono2_fix1/shell1_X1_Y0_Z1_mono1_fix1//test20tig_AVTZ// DONE 9.535100747695719 7.239439500644279 7.44159597328223 24.216136221622225 2 0.000099574
shell0_X0_Y0_Z0_mono0_fix1/shell0_X0_Y0_Z0_mono3_fix1/shell1_X0_Y1_Z-1_mono1_fix1//test20tig_AVTZ// DONE 7.441595710913052 7.239439558657251 9.535101331788516 24.21613660135882 2 0.000098464
shell0_X0_Y0_Z0_mono0_fix1/shell2_X0_Y2_Z0_mono3_fix1/shell2_X0_Y2_Z1_mono2_fix1//test20tig_AVTZ// DONE 7.441595701055088 9.535101354766352 7.239439563722077 24.216136619543516 2 0.000098464
shell0_X0_Y0_Z0_mono0_fix1/shell1_X0_Y1_Z1_mono1_fix1/shell2_X0_Y2_Z1_mono2_fix1//test20tig_AVTZ// DONE 7.239439558657251 9.535101354766352 7.441595758819045 24.216136672242648 2 0.000099574
shell0_X0_Y0_Z0_mono0_fix1/shell1_X1_Y1_Z-1_mono1_fix1/shell1_X1_Y0_Z0_mono3_fix1//test20tig_AVTZ// DONE 7.239439752791947 7.441595913886067 9.535101331788516 24.21613699846653 2 0.000099574
shell0_X0_Y0_Z0_mono0_fix1/shell2_X0_Y2_Z1_mono2_fix1/shell2_X1_Y2_Z0_mono3_fix1//test20tig_AVTZ// DONE 9.535101354766352 7.441595929046747 7.239439744935367 24.216137028748467 2 0.000099574
shell0_X0_Y0_Z0_mono0_fix1/shell1_X1_Y1_Z1_mono1_fix1/shell2_X0_Y2_Z1_mono2_fix1//test20tig_AVTZ// DONE 7.239439752791949 9.535101354766352 7.441595958121554 24.216137065679852 2 0.000098464
shell0_X0_Y0_Z0_mono0_fix1/shell1_X0_Y0_Z-1_mono2_fix1/shell1_X0_Y-1_Z0_mono0_fix1//test20tig_AVTZ// DONE 9.05722213145863 6.14108504329124 9.057222342191654 24.255529516941525 4 0.000105717
shell0_X0_Y0_Z0_mono0_fix1/shell1_X0_Y0_Z-1_mono2_fix1/shell1_X0_Y1_Z-1_mono2_fix1//test20tig_AVTZ// DONE 9.05722213145863 9.057222342191656 6.141085058035455 24.25552953168574 2 0.000105717
shell0_X0_Y0_Z0_mono0_fix1/shell1_X0_Y0_Z-1_mono0_fix1/shell1_X1_Y0_Z-1_mono2_fix1//test20tig_AVTZ// DONE 5.849414294420457 10.938276656130684 7.501411619895282 24.289102570446424 4 0.000006018
shell0_X0_Y0_Z0_mono0_fix1/shell1_X1_Y0_Z-1_mono2_fix1/shell1_X1_Y0_Z0_mono2_fix1//test20tig_AVTZ// DONE 10.938276656130684 7.501411619895282 5.849414447403712 24.28910272342968 2 0.000006018
shell0_X0_Y0_Z0_mono0_fix1/shell1_X-1_Y1_Z-1_mono2_fix1/shell1_X0_Y0_Z-1_mono0_fix1//test20tig_AVTZ// DONE 10.938276828330801 5.849414294420457 7.501411867012628 24.289102989763887 4 0.000006018
shell0_X0_Y0_Z0_mono0_fix1/shell1_X-1_Y1_Z-1_mono2_fix1/shell1_X-1_Y1_Z0_mono2_fix1//test20tig_AVTZ// DONE 10.938276828330801 7.501411867012628 5.849414447403712 24.289103142747138 2 0.000006018
shell0_X0_Y0_Z0_mono0_fix1/shell1_X0_Y-1_Z0_mono0_fix1/shell1_X0_Y1_Z0_mono0_fix1//test20tig_AVTZ// DONE 6.14108504329124 6.141085043291241 12.101112883300878 24.38328296988336 3 -0.000242010
shell0_X0_Y0_Z0_mono0_fix1/shell1_X-1_Y0_Z-1_mono2_fix1/shell1_X0_Y0_Z-1_mono0_fix1//test20tig_AVTZ// DONE 10.981348313483988 5.849414294420457 7.633408800312303 24.46417140821675 8 0.000023774
shell0_X0_Y0_Z0_mono0_fix1/shell1_X-1_Y0_Z-1_mono2_fix1/shell1_X-1_Y0_Z0_mono2_fix1//test20tig_AVTZ// DONE 10.981348313483988 7.633408800312303 5.849414447403712 24.464171561200004 4 0.000023774
shell0_X0_Y0_Z0_mono0_fix1/shell1_X0_Y-1_Z-1_mono1_fix1/shell1_X0_Y0_Z-1_mono1_fix1//test20tig_AVTZ// DONE 11.143713760649016 7.2394392820421585 6.141085020779474 24.524238063470648 2 0.000024105
shell0_X0_Y0_Z0_mono0_fix1/shell1_X0_Y-1_Z-1_mono1_fix1/shell1_X0_Y-1_Z0_mono0_fix1//test20tig_AVTZ// DONE 11.143713760649016 6.14108504329124 7.23943928204216 24.524238085982415 4 0.000003222
shell0_X0_Y0_Z0_mono0_fix1/shell1_X1_Y-1_Z-1_mono1_fix1/shell1_X1_Y0_Z-1_mono1_fix1//test20tig_AVTZ// DONE 11.14371391223659 7.239439500644278 6.141085020779474 24.524238433660344 2 0.000003222
shell0_X0_Y0_Z0_mono0_fix1/shell1_X1_Y-1_Z-1_mono1_fix1/shell1_X0_Y-1_Z0_mono0_fix1//test20tig_AVTZ// DONE 11.14371391223659 6.14108504329124 7.239439500644278 24.524238456172107 4 0.000024105
shell0_X0_Y0_Z0_mono0_fix1/shell1_X0_Y1_Z-1_mono1_fix1/shell2_X0_Y2_Z-1_mono1_fix1//test20tig_AVTZ// DONE 7.239439558657251 11.143714291345113 6.141085020779474 24.52423887078184 2 0.000003222
shell0_X0_Y0_Z0_mono0_fix1/shell1_X0_Y1_Z-1_mono1_fix1/shell1_X0_Y-1_Z0_mono0_fix1//test20tig_AVTZ// DONE 7.239439558657251 6.14108504329124 11.143714291345113 24.524238893293603 4 0.000024105
shell0_X0_Y0_Z0_mono0_fix1/shell1_X1_Y1_Z-1_mono1_fix1/shell2_X1_Y2_Z-1_mono1_fix1//test20tig_AVTZ// DONE 7.239439752791947 11.143714422265079 6.141085020779474 24.5242391958365 2 0.000024105
shell0_X0_Y0_Z0_mono0_fix1/shell1_X1_Y1_Z-1_mono1_fix1/shell1_X0_Y-1_Z0_mono0_fix1//test20tig_AVTZ// DONE 7.239439752791947 6.14108504329124 11.143714422265079 24.524239218348264 4 0.000003222
shell0_X0_Y0_Z0_mono0_fix1/shell1_X0_Y1_Z-1_mono3_fix1/shell1_X1_Y1_Z-1_mono3_fix1//test20tig_AVTZ// DONE 9.090813705041763 9.090813868877825 6.357429264530413 24.53905683845 2 0.000088314
shell0_X0_Y0_Z0_mono0_fix1/shell1_X0_Y1_Z-1_mono3_fix1/shell1_X-1_Y0_Z0_mono0_fix1//test20tig_AVTZ// DONE 9.090813705041763 6.357429267555808 9.090813868877825 24.539056841475396 4 0.000088314
shell0_X0_Y0_Z0_mono0_fix1/shell1_X0_Y0_Z-1_mono1_fix1/shell1_X1_Y0_Z0_mono2_fix1//test20tig_AVTZ// DONE 7.2394392820421585 7.501411619895282 9.808964217582226 24.549815119519664 2 0.000088232
shell0_X0_Y0_Z0_mono0_fix1/shell1_X-1_Y1_Z1_mono3_fix1/shell1_X0_Y1_Z1_mono1_fix1//test20tig_AVTZ// DONE 9.808964124188245 7.239439558657251 7.501411869074303 24.5498155519198 2 0.000088232
shell0_X0_Y0_Z0_mono0_fix1/shell1_X-1_Y1_Z1_mono3_fix1/shell1_X-1_Y1_Z0_mono2_fix1//test20tig_AVTZ// DONE 9.808964124188245 7.501411867012628 7.239439563722077 24.549815554922947 2 0.000088232
shell0_X0_Y0_Z0_mono0_fix1/shell1_X1_Y0_Z1_mono1_fix1/shell2_X2_Y1_Z1_mono3_fix1//test20tig_AVTZ// DONE 7.239439500644279 9.808964592842516 7.501411621956955 24.54981571544375 2 0.000088232
shell0_X0_Y0_Z0_mono0_fix1/shell1_X1_Y0_Z0_mono2_fix1/shell2_X2_Y1_Z1_mono3_fix1//test20tig_AVTZ// DONE 7.501411619895282 9.808964592842516 7.239439508500856 24.54981572123865 2 0.000088232
shell0_X0_Y0_Z0_mono0_fix1/shell1_X1_Y1_Z-1_mono1_fix1/shell1_X-1_Y1_Z0_mono2_fix1//test20tig_AVTZ// DONE 7.239439752791947 7.501411867012628 9.808964691090507 24.549816310895082 2 0.000088232
shell0_X0_Y0_Z0_mono0_fix1/shell1_X1_Y0_Z0_mono3_fix1/shell1_X0_Y-1_Z0_mono1_fix1//test20tig_AVTZ// DONE 7.441595913886067 9.622703379953736 7.501411621956955 24.565710915796757 2 0.000100009
shell0_X0_Y0_Z0_mono0_fix1/shell1_X1_Y0_Z0_mono2_fix1/shell2_X1_Y2_Z0_mono3_fix1//test20tig_AVTZ// DONE 7.501411619895282 7.441595929046747 9.622703374029955 24.56571092297198 2 0.000100009
shell0_X0_Y0_Z0_mono0_fix1/shell1_X1_Y-1_Z0_mono1_fix1/shell1_X1_Y0_Z0_mono2_fix1//test20tig_AVTZ// DONE 9.622703562727217 7.501411619895282 7.441595758819045 24.565710941441544 2 0.000100009
shell0_X0_Y0_Z0_mono0_fix1/shell0_X0_Y0_Z0_mono3_fix1/shell1_X-1_Y1_Z0_mono2_fix1//test20tig_AVTZ// DONE 7.441595710913052 7.501411867012628 9.622704140203066 24.565711718128746 2 0.000100009
shell0_X0_Y0_Z0_mono0_fix1/shell2_X0_Y2_Z0_mono3_fix1/shell2_X1_Y2_Z0_mono1_fix1//test20tig_AVTZ// DONE 7.441595701055088 9.62270415146066 7.501411869074303 24.565711721590052 2 0.000100009
shell0_X0_Y0_Z0_mono0_fix1/shell1_X-1_Y1_Z0_mono2_fix1/shell2_X0_Y2_Z0_mono1_fix1//test20tig_AVTZ// DONE 7.501411867012628 9.622704000650778 7.44159597328223 24.565711840945635 2 0.000100009
shell0_X0_Y0_Z0_mono0_fix1/shell1_X-1_Y1_Z1_mono3_fix1/shell1_X0_Y0_Z1_mono1_fix1//test20tig_AVTZ// DONE 9.808964124188245 7.239439282042159 7.633408780004605 24.68181218623501 2 0.000070864
shell0_X0_Y0_Z0_mono0_fix1/shell1_X-1_Y1_Z1_mono3_fix1/shell1_X-1_Y0_Z0_mono2_fix1//test20tig_AVTZ// DONE 9.808964124188245 7.633408800312303 7.239439276977334 24.681812201477882 2 0.000070864
shell0_X0_Y0_Z0_mono0_fix1/shell1_X0_Y1_Z-1_mono1_fix1/shell1_X1_Y1_Z0_mono2_fix1//test20tig_AVTZ// DONE 7.239439558657251 7.633409059299531 9.808964217582226 24.681812835539006 2 0.000070864
shell0_X0_Y0_Z0_mono0_fix1/shell1_X1_Y0_Z-1_mono1_fix1/shell1_X-1_Y0_Z0_mono2_fix1//test20tig_AVTZ// DONE 7.239439500644278 7.633408800312303 9.808964691090507 24.681812992047085 2 0.000070864
shell0_X0_Y0_Z0_mono0_fix1/shell1_X1_Y1_Z1_mono1_fix1/shell2_X2_Y1_Z1_mono3_fix1//test20tig_AVTZ// DONE 7.239439752791949 9.808964592842516 7.633409038991829 24.681813384626295 2 0.000070864
shell0_X0_Y0_Z0_mono0_fix1/shell1_X1_Y1_Z0_mono2_fix1/shell2_X2_Y1_Z1_mono3_fix1//test20tig_AVTZ// DONE 7.633409059299531 9.808964592842516 7.239439744935367 24.681813397077413 2 0.000070864
shell0_X0_Y0_Z0_mono0_fix1/shell0_X0_Y0_Z0_mono3_fix1/shell1_X1_Y-1_Z0_mono1_fix1//test20tig_AVTZ// DONE 7.441595710913052 9.622703562727217 7.633408780004605 24.697708053644874 2 0.000078094
shell0_X0_Y0_Z0_mono0_fix1/shell1_X-1_Y0_Z0_mono2_fix1/shell2_X0_Y2_Z0_mono3_fix1//test20tig_AVTZ// DONE 7.633408800312303 7.441595701055088 9.622703573984813 24.697708075352203 2 0.000078094
shell0_X0_Y0_Z0_mono0_fix1/shell1_X-1_Y0_Z0_mono2_fix1/shell1_X0_Y-1_Z0_mono1_fix1//test20tig_AVTZ// DONE 7.633408800312303 9.622703379953736 7.441595958121554 24.69770813838759 2 0.000078094
shell0_X0_Y0_Z0_mono0_fix1/shell1_X1_Y1_Z0_mono2_fix1/shell2_X1_Y2_Z0_mono1_fix1//test20tig_AVTZ// DONE 7.633409059299531 9.62270415146066 7.4415957489610856 24.697708959721275 2 0.000078094
shell0_X0_Y0_Z0_mono0_fix1/shell2_X0_Y2_Z0_mono1_fix1/shell2_X1_Y2_Z0_mono3_fix1//test20tig_AVTZ// DONE 9.622704000650778 7.441595929046747 7.633409038991829 24.697708968689355 2 0.000078094
shell0_X0_Y0_Z0_mono0_fix1/shell1_X1_Y0_Z0_mono3_fix1/shell1_X1_Y1_Z0_mono2_fix1//test20tig_AVTZ// DONE 7.441595913886067 7.633409059299531 9.622704006574553 24.69770897976015 2 0.000078094
shell0_X0_Y0_Z0_mono0_fix1/shell1_X-1_Y1_Z0_mono1_fix1/shell2_X0_Y2_Z0_mono3_fix1//test20tig_AVTZ// DONE 9.866507581504809 7.441595701055088 7.501411621956955 24.809514904516853 2 0.000084786
shell0_X0_Y0_Z0_mono0_fix1/shell0_X0_Y0_Z0_mono3_fix1/shell1_X1_Y0_Z0_mono2_fix1//test20tig_AVTZ// DONE 7.441595710913052 7.501411619895282 9.866507590895072 24.809514921703407 2 0.000084786
shell0_X0_Y0_Z0_mono0_fix1/shell1_X-1_Y0_Z0_mono1_fix1/shell1_X-1_Y1_Z0_mono2_fix1//test20tig_AVTZ// DONE 9.866507372310462 7.501411867012628 7.441595758819045 24.809514998142134 2 0.000084786
shell0_X0_Y0_Z0_mono0_fix1/shell1_X1_Y0_Z0_mono2_fix1/shell2_X2_Y1_Z0_mono1_fix1//test20tig_AVTZ// DONE 7.501411619895282 9.866508036508737 7.44159597328223 24.80951562968625 2 0.000084786
shell0_X0_Y0_Z0_mono0_fix1/shell1_X1_Y0_Z0_mono3_fix1/shell2_X2_Y0_Z0_mono1_fix1//test20tig_AVTZ// DONE 7.441595913886067 9.866507859478094 7.501411869074303 24.809515642438463 2 0.000084786
shell0_X0_Y0_Z0_mono0_fix1/shell1_X-1_Y1_Z0_mono2_fix1/shell2_X1_Y2_Z0_mono3_fix1//test20tig_AVTZ// DONE 7.501411867012628 7.441595929046747 9.866507864797589 24.809515660856963 2 0.000084786
shell0_X0_Y0_Z0_mono0_fix1/shell1_X-1_Y1_Z-1_mono0_fix1/shell1_X0_Y0_Z-1_mono0_fix1//test20tig_AVTZ// DONE 10.335202333258081 5.849414294420457 8.644867251306648 24.829483878985187 12 0.000075334
shell0_X0_Y0_Z0_mono0_fix1/shell1_X0_Y1_Z-1_mono3_fix1/shell2_X0_Y2_Z0_mono3_fix1//test20tig_AVTZ// DONE 9.090813705041763 7.441595701055088 8.343272834753902 24.87568224085075 4 0.000077482
shell0_X0_Y0_Z0_mono0_fix1/shell0_X0_Y0_Z0_mono3_fix1/shell1_X0_Y1_Z-1_mono3_fix1//test20tig_AVTZ// DONE 7.441595710913052 9.090813705041763 8.343272834753902 24.87568225070872 4 0.000072978
shell0_X0_Y0_Z0_mono0_fix1/shell1_X0_Y-1_Z-1_mono0_fix1/shell1_X0_Y1_Z-1_mono3_fix1//test20tig_AVTZ// DONE 8.34327286060742 9.090813705041763 7.441595701055088 24.87568226670427 8 0.000072978
shell0_X0_Y0_Z0_mono0_fix1/shell1_X0_Y1_Z-1_mono0_fix1/shell1_X0_Y1_Z-1_mono3_fix1//test20tig_AVTZ// DONE 8.34327286060742 9.090813705041763 7.441595710913052 24.875682276562234 8 0.000077482
shell0_X0_Y0_Z0_mono0_fix1/shell1_X0_Y0_Z-1_mono0_fix1/shell1_X0_Y-1_Z0_mono2_fix1//test20tig_AVTZ// DONE 5.849414294420457 9.535100747487162 9.535100747695719 24.919615789603338 2 0.000084758
shell0_X0_Y0_Z0_mono0_fix1/shell1_X0_Y-1_Z1_mono2_fix1/shell1_X0_Y-1_Z0_mono2_fix1//test20tig_AVTZ// DONE 9.535100747695719 9.535100747487162 5.849414447403712 24.91961594258659 1 0.000084758
shell0_X0_Y0_Z0_mono0_fix1/shell1_X0_Y0_Z-1_mono0_fix1/shell2_X0_Y2_Z0_mono2_fix1//test20tig_AVTZ// DONE 5.849414294420457 9.5351013545578 9.535101354766352 24.91961700374461 2 0.000084758
shell0_X0_Y0_Z0_mono0_fix1/shell2_X0_Y2_Z0_mono2_fix1/shell2_X0_Y2_Z1_mono2_fix1//test20tig_AVTZ// DONE 9.5351013545578 9.535101354766352 5.849414447403712 24.91961715672786 1 0.000084758
shell0_X0_Y0_Z0_mono0_fix1/shell0_X0_Y0_Z0_mono3_fix1/shell1_X-1_Y0_Z0_mono1_fix1//test20tig_AVTZ// DONE 7.441595710913052 9.866507372310462 7.633409038991829 24.941512122215343 2 0.000065008
shell0_X0_Y0_Z0_mono0_fix1/shell1_X1_Y1_Z0_mono2_fix1/shell2_X0_Y2_Z0_mono3_fix1//test20tig_AVTZ// DONE 7.633409059299531 7.441595701055088 9.866507362920204 24.941512123274826 2 0.000065008
shell0_X0_Y0_Z0_mono0_fix1/shell1_X-1_Y0_Z0_mono2_fix1/shell1_X-1_Y1_Z0_mono1_fix1//test20tig_AVTZ// DONE 7.633408800312303 9.866507581504809 7.4415957489610856 24.941512130778197 4 0.000065008
shell0_X0_Y0_Z0_mono0_fix1/shell1_X-1_Y0_Z0_mono2_fix1/shell1_X1_Y0_Z0_mono3_fix1//test20tig_AVTZ// DONE 7.633408800312303 7.441595913886067 9.86650803118924 24.94151274538761 2 0.000065008
shell0_X0_Y0_Z0_mono0_fix1/shell2_X2_Y1_Z0_mono1_fix1/shell2_X1_Y2_Z0_mono3_fix1//test20tig_AVTZ// DONE 9.866508036508737 7.441595929046747 7.633408780004605 24.941512745560086 2 0.000065008
shell0_X0_Y0_Z0_mono0_fix1/shell1_X0_Y0_Z-1_mono1_fix1/shell1_X1_Y0_Z0_mono0_fix1//test20tig_AVTZ// DONE 7.2394392820421585 6.357429267555808 11.348866390169837 24.945734939767803 4 0.000001379
shell0_X0_Y0_Z0_mono0_fix1/shell1_X-1_Y0_Z-1_mono1_fix1/shell1_X0_Y0_Z-1_mono1_fix1//test20tig_AVTZ// DONE 11.348866390169837 7.2394392820421585 6.357429417783243 24.94573508999524 2 0.000014816
shell0_X0_Y0_Z0_mono0_fix1/shell1_X-1_Y1_Z-1_mono1_fix1/shell1_X-1_Y0_Z0_mono0_fix1//test20tig_AVTZ// DONE 11.348866569053104 6.357429267555808 7.239439558657251 24.945735395266162 4 0.000014816
shell0_X0_Y0_Z0_mono0_fix1/shell1_X-1_Y1_Z-1_mono1_fix1/shell1_X0_Y1_Z-1_mono1_fix1//test20tig_AVTZ// DONE 11.348866569053104 7.239439558657251 6.357429417783243 24.945735545493598 2 0.000001379
shell0_X0_Y0_Z0_mono0_fix1/shell1_X1_Y0_Z-1_mono1_fix1/shell1_X-1_Y0_Z0_mono0_fix1//test20tig_AVTZ// DONE 7.239439500644278 6.357429267555808 11.348866808891877 24.945735577091963 4 0.000014816
shell0_X0_Y0_Z0_mono0_fix1/shell1_X1_Y0_Z-1_mono1_fix1/shell2_X2_Y0_Z-1_mono1_fix1//test20tig_AVTZ// DONE 7.239439500644278 11.348866808891877 6.357429417783243 24.9457357273194 2 0.000001379
shell0_X0_Y0_Z0_mono0_fix1/shell1_X1_Y1_Z-1_mono1_fix1/shell1_X-1_Y0_Z0_mono0_fix1//test20tig_AVTZ// DONE 7.239439752791947 6.357429267555808 11.348866967288222 24.945735987635977 4 0.000001379
shell0_X0_Y0_Z0_mono0_fix1/shell1_X1_Y1_Z-1_mono1_fix1/shell2_X2_Y1_Z-1_mono1_fix1//test20tig_AVTZ// DONE 7.239439752791947 11.348866967288222 6.357429417783243 24.945736137863413 2 0.000014816
shell0_X0_Y0_Z0_mono0_fix1/shell1_X1_Y-1_Z0_mono2_fix1/shell1_X0_Y-1_Z0_mono0_fix1//test20tig_AVTZ// DONE 11.315755743122564 6.14108504329124 7.501411619895282 24.958252406309086 4 0.000041019
shell0_X0_Y0_Z0_mono0_fix1/shell1_X1_Y-1_Z0_mono2_fix1/shell1_X1_Y0_Z0_mono2_fix1//test20tig_AVTZ// DONE 11.315755743122564 7.501411619895282 6.141085058035455 24.9582524210533 2 0.000041019
shell0_X0_Y0_Z0_mono0_fix1/shell1_X-1_Y1_Z0_mono2_fix1/shell1_X0_Y-1_Z0_mono0_fix1//test20tig_AVTZ// DONE 7.501411867012628 6.14108504329124 11.315756254589916 24.958253164893783 4 0.000041019
shell0_X0_Y0_Z0_mono0_fix1/shell1_X-1_Y1_Z0_mono2_fix1/shell2_X-1_Y2_Z0_mono2_fix1//test20tig_AVTZ// DONE 7.501411867012628 11.315756254589916 6.141085058035455 24.958253179637996 2 0.000041019
shell0_X0_Y0_Z0_mono0_fix1/shell1_X-1_Y0_Z-1_mono0_fix1/shell1_X-1_Y1_Z-1_mono0_fix1//test20tig_AVTZ// DONE 8.487159055786023 10.335202333258081 6.141085043291241 24.963446432335346 12 0.000083602
shell0_X0_Y0_Z0_mono0_fix1/shell1_X-1_Y1_Z-1_mono0_fix1/shell1_X0_Y1_Z-1_mono0_fix1//test20tig_AVTZ// DONE 10.335202333258081 8.34327286060742 6.357429267555808 25.03590446142131 12 0.000075933
shell0_X0_Y0_Z0_mono0_fix1/shell1_X-1_Y0_Z-1_mono0_fix1/shell1_X0_Y0_Z-1_mono2_fix1//test20tig_AVTZ// DONE 8.487159055786023 9.05722213145863 7.501411619895282 25.045792807139936 4 0.000073371
shell0_X0_Y0_Z0_mono0_fix1/shell1_X0_Y0_Z-1_mono2_fix1/shell1_X1_Y0_Z0_mono2_fix1//test20tig_AVTZ// DONE 9.05722213145863 7.501411619895282 8.487159167070894 25.04579291842481 2 0.000073371
shell0_X0_Y0_Z0_mono0_fix1/shell1_X0_Y1_Z-1_mono2_fix1/shell1_X1_Y0_Z-1_mono0_fix1//test20tig_AVTZ// DONE 9.057222342191656 8.487159055786023 7.501411867012628 25.04579326499031 4 0.000073371
shell0_X0_Y0_Z0_mono0_fix1/shell1_X0_Y1_Z-1_mono2_fix1/shell1_X-1_Y1_Z0_mono2_fix1//test20tig_AVTZ// DONE 9.057222342191656 7.501411867012628 8.487159167070894 25.045793376275178 2 0.000073371
shell0_X0_Y0_Z0_mono0_fix1/shell1_X-1_Y-1_Z-1_mono0_fix1/shell1_X-1_Y0_Z-1_mono0_fix1//test20tig_AVTZ// DONE 10.43816662971961 8.487159055786023 6.141085043291241 25.066410728796875 12 0.000051239
shell0_X0_Y0_Z0_mono0_fix1/shell1_X-1_Y-1_Z-1_mono0_fix1/shell1_X0_Y0_Z-1_mono0_fix1//test20tig_AVTZ// DONE 10.43816662971961 5.849414294420457 8.821829156691244 25.10941008083131 12 0.000060862
shell0_X0_Y0_Z0_mono0_fix1/shell1_X-1_Y-1_Z-1_mono0_fix1/shell1_X0_Y-1_Z-1_mono0_fix1//test20tig_AVTZ// DONE 10.43816662971961 8.34327286060742 6.357429267555808 25.13886875788284 12 0.000048419
shell0_X0_Y0_Z0_mono0_fix1/shell1_X0_Y0_Z-1_mono0_fix1/shell1_X0_Y0_Z1_mono1_fix1//test20tig_AVTZ// DONE 5.849414294420457 7.239439282042159 12.087810429752329 25.176664006214946 8 -0.000076978
shell0_X0_Y0_Z0_mono0_fix1/shell1_X0_Y0_Z-1_mono1_fix1/shell2_X0_Y0_Z-2_mono1_fix1//test20tig_AVTZ// DONE 7.2394392820421585 12.087810429752329 5.849414412295252 25.17666412408974 4 -0.000081120
shell0_X0_Y0_Z0_mono0_fix1/shell1_X0_Y0_Z-1_mono0_fix1/shell2_X1_Y0_Z-2_mono1_fix1//test20tig_AVTZ// DONE 5.849414294420457 12.08781055914772 7.239439500644278 25.176664354212452 4 -0.000081120
shell0_X0_Y0_Z0_mono0_fix1/shell1_X0_Y0_Z-1_mono0_fix1/shell1_X0_Y1_Z1_mono1_fix1//test20tig_AVTZ// DONE 5.849414294420457 7.239439558657251 12.087810591547129 25.176664444624837 4 -0.000081120
shell0_X0_Y0_Z0_mono0_fix1/shell1_X1_Y0_Z-1_mono1_fix1/shell2_X1_Y0_Z-2_mono1_fix1//test20tig_AVTZ// DONE 7.239439500644278 12.08781055914772 5.849414412295252 25.176664472087246 2 -0.000076978
shell0_X0_Y0_Z0_mono0_fix1/shell1_X0_Y1_Z-1_mono1_fix1/shell2_X0_Y1_Z-2_mono1_fix1//test20tig_AVTZ// DONE 7.239439558657251 12.087810591547129 5.849414412295252 25.17666456249963 2 -0.000076978
shell0_X0_Y0_Z0_mono0_fix1/shell1_X0_Y0_Z-1_mono2_fix1/shell1_X1_Y0_Z-1_mono0_fix1//test20tig_AVTZ// DONE 9.05722213145863 8.487159055786023 7.633408800312303 25.177789987556956 4 0.000063300
shell0_X0_Y0_Z0_mono0_fix1/shell1_X0_Y0_Z-1_mono2_fix1/shell1_X-1_Y0_Z0_mono2_fix1//test20tig_AVTZ// DONE 9.05722213145863 7.633408800312303 8.487159167070894 25.177790098841825 2 0.000063300
shell0_X0_Y0_Z0_mono0_fix1/shell1_X-1_Y0_Z-1_mono0_fix1/shell1_X0_Y1_Z-1_mono2_fix1//test20tig_AVTZ// DONE 8.487159055786023 9.057222342191656 7.633409059299531 25.17779045727721 4 0.000063299
shell0_X0_Y0_Z0_mono0_fix1/shell1_X0_Y1_Z-1_mono2_fix1/shell1_X1_Y1_Z0_mono2_fix1//test20tig_AVTZ// DONE 9.057222342191656 7.633409059299531 8.487159167070894 25.17779056856208 2 0.000063299
shell0_X0_Y0_Z0_mono0_fix1/shell1_X-1_Y0_Z0_mono0_fix1/shell1_X1_Y0_Z0_mono0_fix1//test20tig_AVTZ// DONE 6.357429267555808 6.357429267555808 12.473424418076704 25.18828295318832 3 -0.000157898
shell0_X0_Y0_Z0_mono0_fix1/shell1_X0_Y-1_Z-1_mono0_fix1/shell1_X0_Y-1_Z0_mono1_fix1//test20tig_AVTZ// DONE 8.34327286060742 9.622703379953736 7.239439282042159 25.205415522603314 4 0.000072174
shell0_X0_Y0_Z0_mono0_fix1/shell1_X0_Y0_Z-1_mono1_fix1/shell1_X0_Y-1_Z0_mono1_fix1//test20tig_AVTZ// DONE 7.2394392820421585 9.622703379953736 8.343272892091754 25.205415554087647 2 0.000067308
shell0_X0_Y0_Z0_mono0_fix1/shell1_X0_Y1_Z-1_mono0_fix1/shell1_X1_Y0_Z-1_mono1_fix1//test20tig_AVTZ// DONE 8.34327286060742 7.239439500644278 9.622703562727217 25.205415923978915 4 0.000067308
shell0_X0_Y0_Z0_mono0_fix1/shell1_X1_Y0_Z-1_mono1_fix1/shell1_X1_Y-1_Z0_mono1_fix1//test20tig_AVTZ// DONE 7.239439500644278 9.622703562727217 8.343272892091754 25.20541595546325 2 0.000072174
shell0_X0_Y0_Z0_mono0_fix1/shell1_X0_Y-1_Z-1_mono0_fix1/shell1_X0_Y1_Z-1_mono1_fix1//test20tig_AVTZ// DONE 8.34327286060742 7.239439558657251 9.622704000650778 25.20541641991545 4 0.000067308
shell0_X0_Y0_Z0_mono0_fix1/shell1_X0_Y1_Z-1_mono1_fix1/shell2_X0_Y2_Z0_mono1_fix1//test20tig_AVTZ// DONE 7.239439558657251 9.622704000650778 8.343272892091754 25.205416451399785 2 0.000072174
shell0_X0_Y0_Z0_mono0_fix1/shell1_X0_Y-1_Z-1_mono0_fix1/shell1_X1_Y1_Z-1_mono1_fix1//test20tig_AVTZ// DONE 8.34327286060742 7.239439752791947 9.62270415146066 25.205416764860026 4 0.000072174
shell0_X0_Y0_Z0_mono0_fix1/shell1_X1_Y1_Z-1_mono1_fix1/shell2_X1_Y2_Z0_mono1_fix1//test20tig_AVTZ// DONE 7.239439752791947 9.62270415146066 8.343272892091754 25.20541679634436 2 0.000067308
shell0_X0_Y0_Z0_mono0_fix1/shell1_X-1_Y-1_Z0_mono2_fix1/shell1_X0_Y-1_Z0_mono0_fix1//test20tig_AVTZ// DONE 11.435515355585895 6.14108504329124 7.633408800312303 25.21000919918944 4 -0.000016319
shell0_X0_Y0_Z0_mono0_fix1/shell1_X-1_Y-1_Z0_mono2_fix1/shell1_X-1_Y0_Z0_mono2_fix1//test20tig_AVTZ// DONE 11.435515355585895 7.633408800312303 6.141085058035455 25.210009213933652 2 -0.000016319
shell0_X0_Y0_Z0_mono0_fix1/shell1_X1_Y1_Z0_mono2_fix1/shell1_X0_Y-1_Z0_mono0_fix1//test20tig_AVTZ// DONE 7.633409059299531 6.14108504329124 11.435515861312147 25.21000996390292 4 -0.000016319
shell0_X0_Y0_Z0_mono0_fix1/shell1_X1_Y1_Z0_mono2_fix1/shell2_X1_Y2_Z0_mono2_fix1//test20tig_AVTZ// DONE 7.633409059299531 11.435515861312147 6.141085058035455 25.210009978647133 2 -0.000016319
shell0_X0_Y0_Z0_mono0_fix1/shell2_X-1_Y2_Z0_mono3_fix1/shell2_X0_Y2_Z0_mono3_fix1//test20tig_AVTZ// DONE 11.502609029793193 7.441595701055088 6.357429264530413 25.301633995378694 4 -0.000014311
shell0_X0_Y0_Z0_mono0_fix1/shell1_X-1_Y0_Z0_mono0_fix1/shell2_X-1_Y2_Z0_mono3_fix1//test20tig_AVTZ// DONE 6.357429267555808 11.502609029793193 7.441595701055088 25.30163399840409 8 0.000014324
shell0_X0_Y0_Z0_mono0_fix1/shell0_X0_Y0_Z0_mono3_fix1/shell1_X-1_Y0_Z0_mono3_fix1//test20tig_AVTZ// DONE 7.441595710913052 11.502609040752764 6.357429264530413 25.30163401619623 4 0.000014324
shell0_X0_Y0_Z0_mono0_fix1/shell0_X0_Y0_Z0_mono3_fix1/shell1_X1_Y0_Z0_mono0_fix1//test20tig_AVTZ// DONE 7.441595710913052 6.357429267555808 11.502609040752764 25.301634019221623 8 -0.000014311
shell0_X0_Y0_Z0_mono0_fix1/shell1_X-1_Y1_Z1_mono3_fix1/shell1_X-1_Y1_Z0_mono3_fix1//test20tig_AVTZ// DONE 9.808964124188245 9.808964123986634 5.849414259311995 25.467342507486872 2 0.000068041
shell0_X0_Y0_Z0_mono0_fix1/shell1_X0_Y0_Z-1_mono0_fix1/shell1_X-1_Y1_Z0_mono3_fix1//test20tig_AVTZ// DONE 5.849414294420457 9.808964123986634 9.808964124188245 25.467342542595336 4 0.000068041
shell0_X0_Y0_Z0_mono0_fix1/shell1_X-1_Y0_Z-1_mono0_fix1/shell1_X0_Y-1_Z-1_mono0_fix1//test20tig_AVTZ// DONE 8.487159055786023 8.34327286060742 8.644867251306648 25.475299167700094 12 0.000068024
shell0_X0_Y0_Z0_mono0_fix1/shell1_X-1_Y0_Z-1_mono0_fix1/shell1_X-1_Y0_Z0_mono1_fix1//test20tig_AVTZ// DONE 8.487159055786023 9.866507372310462 7.239439282042159 25.593105710138644 4 0.000059797
shell0_X0_Y0_Z0_mono0_fix1/shell1_X0_Y0_Z-1_mono1_fix1/shell1_X-1_Y0_Z0_mono1_fix1//test20tig_AVTZ// DONE 7.2394392820421585 9.866507372310462 8.487159154940175 25.593105809292794 2 0.000056065
shell0_X0_Y0_Z0_mono0_fix1/shell1_X-1_Y0_Z-1_mono0_fix1/shell1_X-1_Y1_Z0_mono1_fix1//test20tig_AVTZ// DONE 8.487159055786023 9.866507581504809 7.239439558657251 25.59310619594808 4 0.000056065
shell0_X0_Y0_Z0_mono0_fix1/shell1_X0_Y1_Z-1_mono1_fix1/shell1_X-1_Y1_Z0_mono1_fix1//test20tig_AVTZ// DONE 7.239439558657251 9.866507581504809 8.487159154940175 25.59310629510223 2 0.000059797
shell0_X0_Y0_Z0_mono0_fix1/shell1_X-1_Y0_Z-1_mono0_fix1/shell1_X1_Y0_Z-1_mono1_fix1//test20tig_AVTZ// DONE 8.487159055786023 7.239439500644278 9.866507859478094 25.593106415908395 4 0.000056065
shell0_X0_Y0_Z0_mono0_fix1/shell1_X1_Y0_Z-1_mono1_fix1/shell2_X2_Y0_Z0_mono1_fix1//test20tig_AVTZ// DONE 7.239439500644278 9.866507859478094 8.487159154940175 25.593106515062544 2 0.000059797
shell0_X0_Y0_Z0_mono0_fix1/shell1_X-1_Y0_Z-1_mono0_fix1/shell1_X1_Y1_Z-1_mono1_fix1//test20tig_AVTZ// DONE 8.487159055786023 7.239439752791947 9.866508036508737 25.59310684508671 4 0.000059797
shell0_X0_Y0_Z0_mono0_fix1/shell1_X1_Y1_Z-1_mono1_fix1/shell2_X2_Y1_Z0_mono1_fix1//test20tig_AVTZ// DONE 7.239439752791947 9.866508036508737 8.487159154940175 25.59310694424086 2 0.000056065
shell0_X0_Y0_Z0_mono0_fix1/shell1_X-1_Y0_Z0_mono0_fix1/shell1_X0_Y-1_Z0_mono1_fix1//test20tig_AVTZ// DONE 6.357429267555808 9.622703379953736 9.622703562727217 25.60283621023676 2 0.000067179
shell0_X0_Y0_Z0_mono0_fix1/shell1_X1_Y-1_Z0_mono1_fix1/shell1_X0_Y-1_Z0_mono1_fix1//test20tig_AVTZ// DONE 9.622703562727217 9.622703379953736 6.357429417783243 25.602836360464195 1 0.000067179
shell0_X0_Y0_Z0_mono0_fix1/shell1_X-1_Y0_Z0_mono0_fix1/shell2_X0_Y2_Z0_mono1_fix1//test20tig_AVTZ// DONE 6.357429267555808 9.622704000650778 9.62270415146066 25.602837419667246 2 0.000067179
shell0_X0_Y0_Z0_mono0_fix1/shell2_X0_Y2_Z0_mono1_fix1/shell2_X1_Y2_Z0_mono1_fix1//test20tig_AVTZ// DONE 9.622704000650778 9.62270415146066 6.357429417783243 25.60283756989468 1 0.000067179
shell0_X0_Y0_Z0_mono0_fix1/shell0_X0_Y0_Z0_mono3_fix1/shell1_X1_Y0_Z1_mono1_fix1//test20tig_AVTZ// DONE 7.441595710913052 7.239439500644279 10.938276818547493 25.619312030104822 2 0.000034131
shell0_X0_Y0_Z0_mono0_fix1/shell1_X-1_Y1_Z-1_mono2_fix1/shell2_X0_Y2_Z0_mono3_fix1//test20tig_AVTZ// DONE 10.938276828330801 7.441595701055088 7.239439508500856 25.619312037886743 2 0.000034131
shell0_X0_Y0_Z0_mono0_fix1/shell1_X-1_Y1_Z-1_mono2_fix1/shell1_X0_Y0_Z-1_mono1_fix1//test20tig_AVTZ// DONE 10.938276828330801 7.2394392820421585 7.441595958121554 25.619312068494512 2 0.000034131
shell0_X0_Y0_Z0_mono0_fix1/shell1_X1_Y0_Z-1_mono2_fix1/shell1_X1_Y0_Z0_mono3_fix1//test20tig_AVTZ// DONE 10.938276656130684 7.441595913886067 7.239439563722079 25.61931213373883 2 0.000034131
shell0_X0_Y0_Z0_mono0_fix1/shell1_X0_Y1_Z1_mono1_fix1/shell2_X1_Y2_Z0_mono3_fix1//test20tig_AVTZ// DONE 7.239439558657251 7.441595929046747 10.938276646347376 25.619312134051373 2 0.000034131
shell0_X0_Y0_Z0_mono0_fix1/shell1_X1_Y0_Z-1_mono2_fix1/shell1_X1_Y1_Z-1_mono1_fix1//test20tig_AVTZ// DONE 10.938276656130684 7.239439752791947 7.4415957489610856 25.619312157883716 2 0.000034131
shell0_X0_Y0_Z0_mono0_fix1/shell1_X1_Y0_Z-1_mono3_fix1/shell1_X1_Y0_Z0_mono2_fix1//test20tig_AVTZ// DONE 10.880868078478514 7.501411619895282 7.239439563722077 25.621719262095873 4 0.000039776
shell0_X0_Y0_Z0_mono0_fix1/shell1_X0_Y1_Z-1_mono1_fix1/shell2_X1_Y2_Z-1_mono3_fix1//test20tig_AVTZ// DONE 7.239439558657251 10.880868083630029 7.501411621956955 25.621719264244234 4 0.000039776
shell0_X0_Y0_Z0_mono0_fix1/shell1_X0_Y0_Z1_mono1_fix1/shell1_X-1_Y1_Z0_mono2_fix1//test20tig_AVTZ// DONE 7.239439282042159 7.501411867012628 10.880868139575282 25.621719288630068 4 0.000039776
shell0_X0_Y0_Z0_mono0_fix1/shell1_X-1_Y0_Z-1_mono0_fix1/shell1_X0_Y1_Z-1_mono0_fix1//test20tig_AVTZ// DONE 8.487159055786023 8.34327286060742 8.821829156691244 25.652261073084688 12 0.000054808
shell0_X0_Y0_Z0_mono0_fix1/shell1_X0_Y0_Z1_mono1_fix1/shell1_X1_Y0_Z0_mono3_fix1//test20tig_AVTZ// DONE 7.239439282042159 7.441595913886067 10.98134847444212 25.662383670370346 2 0.000028065
shell0_X0_Y0_Z0_mono0_fix1/shell1_X1_Y1_Z-1_mono2_fix1/shell2_X1_Y2_Z0_mono3_fix1//test20tig_AVTZ// DONE 10.981348491203732 7.441595929046747 7.239439276977334 25.662383697227817 2 0.000028065
shell0_X0_Y0_Z0_mono0_fix1/shell1_X1_Y1_Z1_mono1_fix1/shell2_X0_Y2_Z0_mono3_fix1//test20tig_AVTZ// DONE 7.239439752791949 7.441595701055088 10.98134829672238 25.66238375056942 2 0.000028065
shell0_X0_Y0_Z0_mono0_fix1/shell1_X1_Y0_Z-1_mono1_fix1/shell1_X1_Y1_Z-1_mono2_fix1//test20tig_AVTZ// DONE 7.239439500644278 10.981348491203732 7.441595758819045 25.662383750667054 2 0.000028065
shell0_X0_Y0_Z0_mono0_fix1/shell0_X0_Y0_Z0_mono3_fix1/shell1_X-1_Y0_Z-1_mono2_fix1//test20tig_AVTZ// DONE 7.441595710913052 10.981348313483988 7.239439744935367 25.662383769332408 2 0.000028065
shell0_X0_Y0_Z0_mono0_fix1/shell1_X-1_Y0_Z-1_mono2_fix1/shell1_X0_Y1_Z-1_mono1_fix1//test20tig_AVTZ// DONE 10.981348313483988 7.239439558657251 7.44159597328223 25.662383845423467 2 0.000028065
shell0_X0_Y0_Z0_mono0_fix1/shell1_X0_Y0_Z-1_mono1_fix1/shell1_X1_Y0_Z-1_mono3_fix1//test20tig_AVTZ// DONE 7.2394392820421585 10.880868078478514 7.633409038991829 25.753716399512502 4 0.000034822
shell0_X0_Y0_Z0_mono0_fix1/shell1_X1_Y1_Z0_mono2_fix1/shell2_X1_Y2_Z-1_mono3_fix1//test20tig_AVTZ// DONE 7.633409059299531 10.880868083630029 7.239439276977334 25.753716419906894 4 0.000034822
shell0_X0_Y0_Z0_mono0_fix1/shell1_X0_Y1_Z1_mono1_fix1/shell1_X-1_Y0_Z0_mono2_fix1//test20tig_AVTZ// DONE 7.239439558657251 7.633408800312303 10.880868144726799 25.753716503696353 4 0.000034822
shell0_X0_Y0_Z0_mono0_fix1/shell1_X0_Y0_Z-1_mono1_fix1/shell2_X0_Y0_Z-2_mono0_fix1//test20tig_AVTZ// DONE 7.2394392820421585 11.29705896538643 7.239439282042159 25.77593752947075 2 0.000013119
shell0_X0_Y0_Z0_mono0_fix1/shell1_X0_Y0_Z-1_mono1_fix1/shell1_X0_Y0_Z1_mono1_fix1//test20tig_AVTZ// DONE 7.2394392820421585 7.239439282042159 11.297059029207528 25.775937593291847 1 0.000019676
shell0_X0_Y0_Z0_mono0_fix1/shell1_X1_Y0_Z1_mono1_fix1/shell2_X0_Y0_Z2_mono0_fix1//test20tig_AVTZ// DONE 7.239439500644279 11.29705896538643 7.239439500644278 25.775937966674984 2 0.000019676
shell0_X0_Y0_Z0_mono0_fix1/shell1_X1_Y0_Z-1_mono1_fix1/shell1_X1_Y0_Z1_mono1_fix1//test20tig_AVTZ// DONE 7.239439500644278 7.239439500644279 11.297059029207528 25.775938030496086 1 0.000013119
shell0_X0_Y0_Z0_mono0_fix1/shell1_X0_Y1_Z-1_mono1_fix1/shell2_X0_Y0_Z-2_mono0_fix1//test20tig_AVTZ// DONE 7.239439558657251 11.29705896538643 7.239439558657251 25.775938082700932 2 0.000019676
shell0_X0_Y0_Z0_mono0_fix1/shell1_X0_Y1_Z-1_mono1_fix1/shell1_X0_Y1_Z1_mono1_fix1//test20tig_AVTZ// DONE 7.239439558657251 7.239439558657251 11.297059029207528 25.77593814652203 1 0.000013119
shell0_X0_Y0_Z0_mono0_fix1/shell1_X1_Y1_Z1_mono1_fix1/shell2_X0_Y0_Z2_mono0_fix1//test20tig_AVTZ// DONE 7.239439752791949 11.29705896538643 7.239439752791947 25.775938470970324 2 0.000013119
shell0_X0_Y0_Z0_mono0_fix1/shell1_X1_Y1_Z-1_mono1_fix1/shell1_X1_Y1_Z1_mono1_fix1//test20tig_AVTZ// DONE 7.239439752791947 7.239439752791949 11.297059029207528 25.775938534791422 1 0.000019676
shell0_X0_Y0_Z0_mono0_fix1/shell1_X1_Y-1_Z0_mono0_fix1/shell1_X0_Y-1_Z0_mono2_fix1//test20tig_AVTZ// DONE 8.644867251306648 9.535100747487162 7.633408800312303 25.813376799106113 4 0.000059359
shell0_X0_Y0_Z0_mono0_fix1/shell1_X-1_Y0_Z0_mono2_fix1/shell1_X0_Y-1_Z0_mono2_fix1//test20tig_AVTZ// DONE 7.633408800312303 9.535100747487162 8.644867263827603 25.81337681162707 2 0.000059359
shell0_X0_Y0_Z0_mono0_fix1/shell1_X-1_Y1_Z0_mono0_fix1/shell2_X0_Y2_Z0_mono2_fix1//test20tig_AVTZ// DONE 8.644867251306648 9.5351013545578 7.633409059299531 25.813377665163976 4 0.000059359
shell0_X0_Y0_Z0_mono0_fix1/shell1_X1_Y1_Z0_mono2_fix1/shell2_X0_Y2_Z0_mono2_fix1//test20tig_AVTZ// DONE 7.633409059299531 9.5351013545578 8.644867263827603 25.813377677684933 2 0.000059359
shell0_X0_Y0_Z0_mono0_fix1/shell1_X1_Y0_Z0_mono2_fix1/shell1_X1_Y1_Z0_mono0_fix1//test20tig_AVTZ// DONE 7.501411619895282 8.821829156691244 9.535100747487162 25.858341524073687 4 0.000057360
shell0_X0_Y0_Z0_mono0_fix1/shell1_X1_Y0_Z0_mono2_fix1/shell1_X0_Y-1_Z0_mono2_fix1//test20tig_AVTZ// DONE 7.501411619895282 9.535100747487162 8.821829254418137 25.85834162180058 2 0.000057360
shell0_X0_Y0_Z0_mono0_fix1/shell1_X-1_Y-1_Z0_mono0_fix1/shell1_X-1_Y1_Z0_mono2_fix1//test20tig_AVTZ// DONE 8.821829156691244 7.501411867012628 9.5351013545578 25.85834237826167 4 0.000057360
shell0_X0_Y0_Z0_mono0_fix1/shell1_X-1_Y1_Z0_mono2_fix1/shell2_X0_Y2_Z0_mono2_fix1//test20tig_AVTZ// DONE 7.501411867012628 9.5351013545578 8.821829254418137 25.858342475988565 2 0.000057360
shell0_X0_Y0_Z0_mono0_fix1/shell1_X-1_Y0_Z0_mono1_fix1/shell1_X-1_Y1_Z0_mono1_fix1//test20tig_AVTZ// DONE 9.866507372310462 9.866507581504809 6.141085020779474 25.874099974594746 2 0.000062418
shell0_X0_Y0_Z0_mono0_fix1/shell1_X-1_Y0_Z0_mono1_fix1/shell1_X0_Y-1_Z0_mono0_fix1//test20tig_AVTZ// DONE 9.866507372310462 6.14108504329124 9.866507581504809 25.874099997106512 4 0.000062418
shell0_X0_Y0_Z0_mono0_fix1/shell1_X-1_Y1_Z0_mono3_fix1/shell2_X0_Y2_Z0_mono3_fix1//test20tig_AVTZ// DONE 9.808964123986634 7.441595701055088 8.644867254468636 25.89542707951036 4 0.000063968
shell0_X0_Y0_Z0_mono0_fix1/shell0_X0_Y0_Z0_mono3_fix1/shell1_X1_Y-1_Z0_mono0_fix1//test20tig_AVTZ// DONE 7.441595710913052 8.644867251306648 9.808964123986634 25.895427086206332 8 0.000063968
shell0_X0_Y0_Z0_mono0_fix1/shell1_X1_Y-1_Z1_mono2_fix1/shell1_X1_Y0_Z0_mono3_fix1//test20tig_AVTZ// DONE 11.315755743299297 7.441595913886067 7.239439276977334 25.996790934162696 2 0.000041157
shell0_X0_Y0_Z0_mono0_fix1/shell1_X0_Y0_Z-1_mono1_fix1/shell2_X1_Y2_Z0_mono3_fix1//test20tig_AVTZ// DONE 7.2394392820421585 7.441595929046747 11.315755739915751 25.996790951004655 2 0.000041157
shell0_X0_Y0_Z0_mono0_fix1/shell1_X1_Y-1_Z1_mono2_fix1/shell1_X1_Y0_Z1_mono1_fix1//test20tig_AVTZ// DONE 11.315755743299297 7.239439500644279 7.4415957489610856 25.99679099290466 2 0.000041157
shell0_X0_Y0_Z0_mono0_fix1/shell2_X-1_Y2_Z1_mono2_fix1/shell2_X0_Y2_Z0_mono3_fix1//test20tig_AVTZ// DONE 11.315756254766647 7.441595701055088 7.239439744935367 25.996791700757104 2 0.000041157
shell0_X0_Y0_Z0_mono0_fix1/shell0_X0_Y0_Z0_mono3_fix1/shell1_X1_Y1_Z-1_mono1_fix1//test20tig_AVTZ// DONE 7.441595710913052 7.239439752791947 11.3157562513831 25.9967917150881 2 0.000041157
shell0_X0_Y0_Z0_mono0_fix1/shell1_X0_Y1_Z1_mono1_fix1/shell2_X-1_Y2_Z1_mono2_fix1//test20tig_AVTZ// DONE 7.239439558657251 11.315756254766647 7.441595958121554 25.996791771545453 2 0.000041157
shell0_X0_Y0_Z0_mono0_fix1/shell0_X0_Y0_Z0_mono3_fix1/shell1_X-1_Y1_Z0_mono3_fix1//test20tig_AVTZ// DONE 7.441595710913052 9.808964123986634 8.821829130909677 26.072388965809363 4 0.000045551
shell0_X0_Y0_Z0_mono0_fix1/shell1_X-1_Y-1_Z0_mono0_fix1/shell1_X-1_Y1_Z0_mono3_fix1//test20tig_AVTZ// DONE 8.821829156691244 9.808964123986634 7.441595701055088 26.072388981732967 8 0.000045551
shell0_X0_Y0_Z0_mono0_fix1/shell1_X1_Y-1_Z-1_mono1_fix1/shell1_X1_Y0_Z0_mono2_fix1//test20tig_AVTZ// DONE 11.14371391223659 7.501411619895282 7.441595759088763 26.086721291220634 2 0.000038538
shell0_X0_Y0_Z0_mono0_fix1/shell1_X0_Y-1_Z1_mono1_fix1/shell1_X1_Y0_Z1_mono3_fix1//test20tig_AVTZ// DONE 11.143713760649016 7.441595914155785 7.501411621956955 26.086721296761755 2 0.000038538
shell0_X0_Y0_Z0_mono0_fix1/shell1_X1_Y0_Z0_mono2_fix1/shell2_X1_Y2_Z1_mono3_fix1//test20tig_AVTZ// DONE 7.501411619895282 7.441595929316464 11.143713757167339 26.086721306379083 2 0.000038538
shell0_X0_Y0_Z0_mono0_fix1/shell2_X0_Y2_Z1_mono3_fix1/shell2_X1_Y2_Z1_mono1_fix1//test20tig_AVTZ// DONE 7.441595701324806 11.14371442226508 7.501411869074303 26.086721992664188 2 0.000038538
shell0_X0_Y0_Z0_mono0_fix1/shell1_X0_Y0_Z1_mono3_fix1/shell1_X-1_Y1_Z0_mono2_fix1//test20tig_AVTZ// DONE 7.441595711182771 7.501411867012628 11.14371441495649 26.08672199315189 2 0.000038538
shell0_X0_Y0_Z0_mono0_fix1/shell1_X-1_Y1_Z0_mono2_fix1/shell2_X0_Y2_Z-1_mono1_fix1//test20tig_AVTZ// DONE 7.501411867012628 11.143714291345113 7.44159597355195 26.08672213190969 2 0.000038538
shell0_X0_Y0_Z0_mono0_fix1/shell1_X0_Y1_Z-1_mono3_fix1/shell2_X0_Y2_Z-1_mono3_fix1//test20tig_AVTZ// DONE 9.090813705041763 10.880867938006702 6.141085006035259 26.11276664908372 4 0.000045889
shell0_X0_Y0_Z0_mono0_fix1/shell1_X0_Y0_Z-1_mono3_fix1/shell1_X0_Y1_Z-1_mono3_fix1//test20tig_AVTZ// DONE 10.88086794046102 9.090813705041763 6.141085006035259 26.112766651538042 4 0.000049011
shell0_X0_Y0_Z0_mono0_fix1/shell1_X0_Y1_Z-1_mono3_fix1/shell1_X0_Y-1_Z0_mono0_fix1//test20tig_AVTZ// DONE 9.090813705041763 6.14108504329124 10.880867938006704 26.112766686339704 8 0.000049011
shell0_X0_Y0_Z0_mono0_fix1/shell1_X0_Y0_Z-1_mono3_fix1/shell1_X0_Y-1_Z0_mono0_fix1//test20tig_AVTZ// DONE 10.88086794046102 6.14108504329124 9.090813705041764 26.112766688794025 8 0.000045889
shell0_X0_Y0_Z0_mono0_fix1/shell1_X1_Y0_Z-1_mono1_fix1/shell2_X0_Y2_Z0_mono3_fix1//test20tig_AVTZ// DONE 7.239439500644278 7.441595701055088 11.435515333145988 26.116550534845352 2 0.000024018
shell0_X0_Y0_Z0_mono0_fix1/shell0_X0_Y0_Z0_mono3_fix1/shell1_X-1_Y-1_Z1_mono2_fix1//test20tig_AVTZ// DONE 7.441595710913052 11.435515355756916 7.239439508500856 26.116550575170823 2 0.000024018
shell0_X0_Y0_Z0_mono0_fix1/shell1_X-1_Y-1_Z1_mono2_fix1/shell1_X0_Y0_Z1_mono1_fix1//test20tig_AVTZ// DONE 11.435515355756916 7.239439282042159 7.44159597328223 26.116550611081305 2 0.000024018
shell0_X0_Y0_Z0_mono0_fix1/shell1_X0_Y1_Z-1_mono1_fix1/shell1_X1_Y0_Z0_mono3_fix1//test20tig_AVTZ// DONE 7.239439558657251 7.441595913886067 11.435515838872243 26.116551311415563 2 0.000024018
shell0_X0_Y0_Z0_mono0_fix1/shell2_X1_Y2_Z0_mono3_fix1/shell2_X1_Y2_Z1_mono2_fix1//test20tig_AVTZ// DONE 7.441595929046747 11.435515861483173 7.239439563722077 26.116551354251996 2 0.000024018
shell0_X0_Y0_Z0_mono0_fix1/shell1_X1_Y1_Z1_mono1_fix1/shell2_X1_Y2_Z1_mono2_fix1//test20tig_AVTZ// DONE 7.239439752791949 11.435515861483173 7.441595758819045 26.116551373094165 2 0.000024018
shell0_X0_Y0_Z0_mono0_fix1/shell0_X0_Y0_Z0_mono3_fix1/shell1_X1_Y-1_Z-1_mono1_fix1//test20tig_AVTZ// DONE 7.441595710913052 11.14371391223659 7.633408780261127 26.21871840341077 2 0.000028808
shell0_X0_Y0_Z0_mono0_fix1/shell1_X-1_Y0_Z1_mono2_fix1/shell2_X0_Y2_Z0_mono3_fix1//test20tig_AVTZ// DONE 7.633408800568826 7.441595701055088 11.143713919545183 26.218718421169097 2 0.000028808
shell0_X0_Y0_Z0_mono0_fix1/shell1_X-1_Y0_Z1_mono2_fix1/shell1_X0_Y-1_Z1_mono1_fix1//test20tig_AVTZ// DONE 7.633408800568826 11.143713760649016 7.441595958121554 26.218718519339394 2 0.000028808
shell0_X0_Y0_Z0_mono0_fix1/shell1_X1_Y1_Z1_mono2_fix1/shell2_X1_Y2_Z1_mono1_fix1//test20tig_AVTZ// DONE 7.633409059556055 11.14371442226508 7.4415957489610856 26.21871923078222 2 0.000028808
shell0_X0_Y0_Z0_mono0_fix1/shell2_X0_Y2_Z-1_mono1_fix1/shell2_X1_Y2_Z0_mono3_fix1//test20tig_AVTZ// DONE 11.143714291345113 7.441595929046747 7.63340903924835 26.21871925964021 2 0.000028808
shell0_X0_Y0_Z0_mono0_fix1/shell1_X1_Y1_Z1_mono2_fix1/shell1_X1_Y0_Z0_mono3_fix1//test20tig_AVTZ// DONE 7.633409059556055 7.441595913886067 11.143714294826792 26.218719268268913 2 0.000028808
shell0_X0_Y0_Z0_mono0_fix1/shell1_X-1_Y1_Z0_mono2_fix1/shell2_X-1_Y2_Z1_mono3_fix1//test20tig_AVTZ// DONE 7.501411867012628 11.502609029964711 7.239439276977334 26.243460173954674 4 0.000028487
shell0_X0_Y0_Z0_mono0_fix1/shell1_X-1_Y0_Z1_mono3_fix1/shell1_X0_Y0_Z1_mono1_fix1//test20tig_AVTZ// DONE 11.502609040924284 7.239439282042159 7.501411869074303 26.243460192040747 4 0.000028487
shell0_X0_Y0_Z0_mono0_fix1/shell1_X0_Y1_Z-1_mono1_fix1/shell1_X1_Y0_Z0_mono2_fix1//test20tig_AVTZ// DONE 7.239439558657251 7.501411619895282 11.50260908981811 26.24346026837064 4 0.000028487
shell0_X0_Y0_Z0_mono0_fix1/shell1_X-1_Y1_Z1_mono1_fix1/shell2_X0_Y2_Z1_mono3_fix1//test20tig_AVTZ// DONE 11.348866569053103 7.441595701324806 7.501411621956955 26.291873892334863 4 0.000020097
shell0_X0_Y0_Z0_mono0_fix1/shell1_X0_Y0_Z1_mono3_fix1/shell1_X1_Y0_Z0_mono2_fix1//test20tig_AVTZ// DONE 7.441595711182771 7.501411619895282 11.348866574739592 26.291873905817646 4 0.000020097
shell0_X0_Y0_Z0_mono0_fix1/shell1_X-1_Y0_Z-1_mono1_fix1/shell1_X-1_Y1_Z0_mono2_fix1//test20tig_AVTZ// DONE 11.348866390169837 7.501411867012628 7.441595759088763 26.29187401627123 2 0.000020097
shell0_X0_Y0_Z0_mono0_fix1/shell1_X1_Y0_Z0_mono2_fix1/shell2_X2_Y1_Z-1_mono1_fix1//test20tig_AVTZ// DONE 7.501411619895282 11.348866967288222 7.44159597355195 26.29187456073545 2 0.000020097
shell0_X0_Y0_Z0_mono0_fix1/shell1_X0_Y0_Z-1_mono2_fix1/shell1_X-1_Y0_Z0_mono0_fix1//test20tig_AVTZ// DONE 9.05722213145863 6.357429267555808 10.938276656130684 26.35292805514512 8 0.000043624
shell0_X0_Y0_Z0_mono0_fix1/shell1_X0_Y0_Z-1_mono2_fix1/shell1_X1_Y0_Z-1_mono2_fix1//test20tig_AVTZ// DONE 9.05722213145863 10.938276656130684 6.3574294208086375 26.352928208397948 4 0.000043624
shell0_X0_Y0_Z0_mono0_fix1/shell1_X0_Y1_Z1_mono1_fix1/shell2_X-1_Y2_Z1_mono3_fix1//test20tig_AVTZ// DONE 7.239439558657251 11.502609029964711 7.633408780004605 26.375457368626567 4 0.000026620
shell0_X0_Y0_Z0_mono0_fix1/shell1_X-1_Y0_Z1_mono3_fix1/shell1_X-1_Y0_Z0_mono2_fix1//test20tig_AVTZ// DONE 11.502609040924284 7.633408800312303 7.239439563722077 26.375457404958663 4 0.000026620
shell0_X0_Y0_Z0_mono0_fix1/shell1_X0_Y0_Z-1_mono1_fix1/shell1_X1_Y1_Z0_mono2_fix1//test20tig_AVTZ// DONE 7.2394392820421585 7.633409059299531 11.502609100777681 26.37545744211937 4 0.000026620
shell0_X0_Y0_Z0_mono0_fix1/shell2_X0_Y2_Z0_mono3_fix1/shell3_X0_Y3_Z0_mono3_fix1//test20tig_AVTZ// DONE 7.441595701055088 12.802997308621592 6.141085006035259 26.38567801571194 4 -0.000078886
shell0_X0_Y0_Z0_mono0_fix1/shell0_X0_Y0_Z0_mono3_fix1/shell1_X0_Y-1_Z0_mono3_fix1//test20tig_AVTZ// DONE 7.441595710913052 12.802997311564035 6.141085006035258 26.385678028512345 4 -0.000053565
shell0_X0_Y0_Z0_mono0_fix1/shell1_X0_Y-1_Z0_mono0_fix1/shell2_X0_Y2_Z0_mono3_fix1//test20tig_AVTZ// DONE 6.14108504329124 7.441595701055088 12.802997308621592 26.38567805296792 8 -0.000053565
shell0_X0_Y0_Z0_mono0_fix1/shell1_X0_Y-1_Z0_mono0_fix1/shell1_X0_Y-1_Z0_mono3_fix1//test20tig_AVTZ// DONE 6.14108504329124 12.802997311564035 7.441595710913052 26.385678065768328 8 -0.000078886
shell0_X0_Y0_Z0_mono0_fix1/shell1_X-1_Y0_Z-1_mono2_fix1/shell1_X-1_Y0_Z0_mono0_fix1//test20tig_AVTZ// DONE 10.981348313483988 6.357429267555808 9.05722213145863 26.395999712498426 8 0.000036914
shell0_X0_Y0_Z0_mono0_fix1/shell1_X-1_Y0_Z-1_mono2_fix1/shell1_X0_Y0_Z-1_mono2_fix1//test20tig_AVTZ// DONE 10.981348313483988 9.05722213145863 6.3574294208086375 26.395999865751257 4 0.000036914
shell0_X0_Y0_Z0_mono0_fix1/shell1_X-1_Y0_Z1_mono2_fix1/shell1_X-1_Y1_Z1_mono1_fix1//test20tig_AVTZ// DONE 7.633408800568826 11.348866569053103 7.4415957489610856 26.423871118583012 4 0.000024683
shell0_X0_Y0_Z0_mono0_fix1/shell0_X0_Y0_Z0_mono3_fix1/shell1_X-1_Y0_Z-1_mono1_fix1//test20tig_AVTZ// DONE 7.441595710913052 11.348866390169837 7.63340903924835 26.423871140331237 2 0.000024683
shell0_X0_Y0_Z0_mono0_fix1/shell1_X1_Y1_Z1_mono2_fix1/shell2_X0_Y2_Z0_mono3_fix1//test20tig_AVTZ// DONE 7.633409059556055 7.441595701055088 11.34886638448335 26.423871145094495 2 0.000024683
shell0_X0_Y0_Z0_mono0_fix1/shell2_X2_Y1_Z-1_mono1_fix1/shell2_X1_Y2_Z0_mono3_fix1//test20tig_AVTZ// DONE 11.348866967288222 7.441595929046747 7.633408780261127 26.423871676596097 2 0.000024683
shell0_X0_Y0_Z0_mono0_fix1/shell1_X-1_Y0_Z1_mono2_fix1/shell1_X1_Y0_Z0_mono3_fix1//test20tig_AVTZ// DONE 7.633408800568826 7.441595913886067 11.348866963199107 26.423871677654 2 0.000024683
shell0_X0_Y0_Z0_mono0_fix1/shell1_X0_Y-1_Z-1_mono1_fix1/shell1_X0_Y0_Z-1_mono0_fix1//test20tig_AVTZ// DONE 11.143713760649016 5.849414294420457 9.622703379953734 26.615831435023207 4 0.000042354
shell0_X0_Y0_Z0_mono0_fix1/shell1_X0_Y-1_Z1_mono1_fix1/shell1_X0_Y-1_Z0_mono1_fix1//test20tig_AVTZ// DONE 11.143713760649016 9.622703379953736 5.849414412295252 26.615831552898 2 0.000037793
shell0_X0_Y0_Z0_mono0_fix1/shell1_X0_Y0_Z-1_mono0_fix1/shell1_X1_Y-1_Z-1_mono1_fix1//test20tig_AVTZ// DONE 5.849414294420457 11.14371391223659 9.622703562727217 26.615831769384265 4 0.000037793
shell0_X0_Y0_Z0_mono0_fix1/shell1_X1_Y-1_Z-1_mono1_fix1/shell1_X1_Y-1_Z0_mono1_fix1//test20tig_AVTZ// DONE 11.14371391223659 9.622703562727217 5.849414412295254 26.615831887259063 2 0.000042354
shell0_X0_Y0_Z0_mono0_fix1/shell1_X0_Y0_Z-1_mono0_fix1/shell2_X0_Y2_Z-1_mono1_fix1//test20tig_AVTZ// DONE 5.849414294420457 11.143714291345113 9.622704000650778 26.615832586416346 4 0.000037793
shell0_X0_Y0_Z0_mono0_fix1/shell2_X0_Y2_Z-1_mono1_fix1/shell2_X0_Y2_Z0_mono1_fix1//test20tig_AVTZ// DONE 11.143714291345113 9.622704000650778 5.849414412295254 26.615832704291144 2 0.000042354
shell0_X0_Y0_Z0_mono0_fix1/shell1_X0_Y0_Z-1_mono0_fix1/shell2_X1_Y2_Z-1_mono1_fix1//test20tig_AVTZ// DONE 5.849414294420457 11.143714422265079 9.62270415146066 26.615832868146196 4 0.000042354
shell0_X0_Y0_Z0_mono0_fix1/shell2_X1_Y2_Z-1_mono1_fix1/shell2_X1_Y2_Z0_mono1_fix1//test20tig_AVTZ// DONE 11.143714422265079 9.62270415146066 5.849414412295254 26.61583298602099 2 0.000037793
shell0_X0_Y0_Z0_mono0_fix1/shell2_X0_Y2_Z0_mono3_fix1/shell2_X1_Y2_Z-1_mono3_fix1//test20tig_AVTZ// DONE 7.441595701055088 10.880868083630029 8.487159043655303 26.80962282834042 4 0.000034203
shell0_X0_Y0_Z0_mono0_fix1/shell0_X0_Y0_Z0_mono3_fix1/shell1_X1_Y0_Z-1_mono3_fix1//test20tig_AVTZ// DONE 7.441595710913052 10.880868078478514 8.487159043655303 26.80962283304687 4 0.000030652
shell0_X0_Y0_Z0_mono0_fix1/shell1_X1_Y0_Z-1_mono0_fix1/shell2_X1_Y2_Z-1_mono3_fix1//test20tig_AVTZ// DONE 8.487159055786023 10.880868083630029 7.441595701055088 26.80962284047114 8 0.000030652
shell0_X0_Y0_Z0_mono0_fix1/shell0_X0_Y0_Z0_mono3_fix1/shell1_X-1_Y0_Z1_mono0_fix1//test20tig_AVTZ// DONE 7.441595710913052 8.487159055786023 10.880868078478514 26.80962284517759 8 0.000034203
shell0_X0_Y0_Z0_mono0_fix1/shell1_X0_Y1_Z-1_mono0_fix1/shell1_X1_Y1_Z-1_mono2_fix1//test20tig_AVTZ// DONE 8.34327286060742 10.981348491203732 7.501411619895282 26.826032971706436 4 0.000026285
shell0_X0_Y0_Z0_mono0_fix1/shell1_X1_Y1_Z-1_mono2_fix1/shell1_X1_Y0_Z0_mono2_fix1//test20tig_AVTZ// DONE 10.981348491203732 7.501411619895282 8.343272917945272 26.82603302904429 2 0.000026285
shell0_X0_Y0_Z0_mono0_fix1/shell1_X-1_Y0_Z-1_mono2_fix1/shell1_X0_Y-1_Z-1_mono0_fix1//test20tig_AVTZ// DONE 10.981348313483988 8.34327286060742 7.501411867012628 26.826033041104036 4 0.000026285
shell0_X0_Y0_Z0_mono0_fix1/shell1_X-1_Y0_Z-1_mono2_fix1/shell1_X-1_Y1_Z0_mono2_fix1//test20tig_AVTZ// DONE 10.981348313483988 7.501411867012628 8.343272917945272 26.82603309844189 2 0.000026285
shell0_X0_Y0_Z0_mono0_fix1/shell1_X1_Y-1_Z-1_mono0_fix1/shell1_X1_Y1_Z-1_mono3_fix1//test20tig_AVTZ// DONE 10.335202333258081 9.090813868877825 7.441595701055088 26.867611903190994 8 0.000041327
shell0_X0_Y0_Z0_mono0_fix1/shell0_X0_Y0_Z0_mono3_fix1/shell1_X1_Y1_Z-1_mono3_fix1//test20tig_AVTZ// DONE 7.441595710913052 9.090813868877825 10.335202328483634 26.86761190827451 4 0.000041327
shell0_X0_Y0_Z0_mono0_fix1/shell1_X1_Y-1_Z1_mono0_fix1/shell1_X1_Y0_Z0_mono2_fix1//test20tig_AVTZ// DONE 10.335202333258081 7.501411619895282 9.057222342191656 26.893836295345018 4 0.000040772
shell0_X0_Y0_Z0_mono0_fix1/shell1_X0_Y1_Z-1_mono2_fix1/shell1_X1_Y0_Z0_mono2_fix1//test20tig_AVTZ// DONE 9.057222342191656 7.501411619895282 10.335202369588796 26.893836331675733 4 0.000040772
shell0_X0_Y0_Z0_mono0_fix1/shell1_X0_Y0_Z-1_mono2_fix1/shell1_X1_Y-1_Z-1_mono0_fix1//test20tig_AVTZ// DONE 9.05722213145863 10.335202333258081 7.501411867012628 26.89383633172934 4 0.000040772
shell0_X0_Y0_Z0_mono0_fix1/shell1_X-1_Y1_Z-1_mono2_fix1/shell1_X0_Y1_Z-1_mono0_fix1//test20tig_AVTZ// DONE 10.938276828330801 8.34327286060742 7.633408800312303 26.914958489250523 4 0.000031830
shell0_X0_Y0_Z0_mono0_fix1/shell1_X-1_Y1_Z-1_mono2_fix1/shell1_X-1_Y0_Z0_mono2_fix1//test20tig_AVTZ// DONE 10.938276828330801 7.633408800312303 8.343272917945272 26.914958546588373 2 0.000031830
shell0_X0_Y0_Z0_mono0_fix1/shell1_X0_Y-1_Z-1_mono0_fix1/shell1_X1_Y0_Z-1_mono2_fix1//test20tig_AVTZ// DONE 8.34327286060742 10.938276656130684 7.633409059299531 26.914958576037634 4 0.000031830
shell0_X0_Y0_Z0_mono0_fix1/shell1_X1_Y0_Z-1_mono2_fix1/shell1_X1_Y1_Z0_mono2_fix1//test20tig_AVTZ// DONE 10.938276656130684 7.633409059299531 8.343272917945272 26.914958633375484 2 0.000031830
shell0_X0_Y0_Z0_mono0_fix1/shell1_X0_Y0_Z-1_mono2_fix1/shell1_X0_Y1_Z-1_mono0_fix1//test20tig_AVTZ// DONE 9.05722213145863 8.34327286060742 9.535100747487162 26.935595739553214 4 0.000036610
shell0_X0_Y0_Z0_mono0_fix1/shell1_X0_Y0_Z-1_mono2_fix1/shell1_X0_Y-1_Z0_mono2_fix1//test20tig_AVTZ// DONE 9.05722213145863 9.535100747487162 8.343272917945272 26.935595796891064 2 0.000036610
shell0_X0_Y0_Z0_mono0_fix1/shell1_X0_Y1_Z1_mono0_fix1/shell2_X0_Y2_Z0_mono2_fix1//test20tig_AVTZ// DONE 8.34327286060742 9.5351013545578 9.057222342191656 26.935596557356874 4 0.000036610
shell0_X0_Y0_Z0_mono0_fix1/shell1_X0_Y1_Z-1_mono2_fix1/shell2_X0_Y2_Z0_mono2_fix1//test20tig_AVTZ// DONE 9.057222342191656 9.5351013545578 8.343272917945272 26.935596614694724 2 0.000036610
shell0_X0_Y0_Z0_mono0_fix1/shell1_X1_Y0_Z0_mono0_fix1/shell2_X2_Y0_Z0_mono2_fix1//test20tig_AVTZ// DONE 6.357429267555808 13.106335551506868 7.501411619895282 26.965176438957958 8 -0.000052979
shell0_X0_Y0_Z0_mono0_fix1/shell1_X1_Y0_Z0_mono2_fix1/shell2_X2_Y0_Z0_mono2_fix1//test20tig_AVTZ// DONE 7.501411619895282 13.106335551506868 6.3574294208086375 26.96517659221079 4 -0.000052979
shell0_X0_Y0_Z0_mono0_fix1/shell1_X1_Y1_Z-1_mono3_fix1/shell2_X0_Y2_Z0_mono3_fix1//test20tig_AVTZ// DONE 9.090813868877825 7.441595701055088 10.438166608305513 26.970576178238424 4 0.000033080
