shell0_X0_Y0_Z0_mono0_fix1/shell0_X0_Y0_Z0_mono2_fix1/shell1_X0_Y0_Z-1_mono0_fix1//test20tig_AVTZ// DONE 4.377589591893318 5.849414294420457 4.37758959235763 14.604593478671404 2 0.004240559
shell0_X0_Y0_Z0_mono0_fix1/shell0_X0_Y0_Z0_mono2_fix1/shell1_X0_Y0_Z1_mono2_fix1//test20tig_AVTZ// DONE 4.377589591893318 4.37758959235763 5.849414447403712 14.60459363165466 1 0.004240559
shell0_X0_Y0_Z0_mono0_fix1/shell1_X0_Y0_Z-1_mono0_fix1/shell1_X0_Y1_Z0_mono2_fix1//test20tig_AVTZ// DONE 5.849414294420457 4.3775900232822025 4.377590023746515 14.604594341449175 2 0.004240559
shell0_X0_Y0_Z0_mono0_fix1/shell1_X0_Y1_Z1_mono2_fix1/shell1_X0_Y1_Z0_mono2_fix1//test20tig_AVTZ// DONE 4.377590023746515 4.3775900232822025 5.849414447403712 14.604594494432428 1 0.004240560
shell0_X0_Y0_Z0_mono0_fix1/shell1_X0_Y1_Z1_mono3_fix1/shell1_X0_Y1_Z0_mono3_fix1//test20tig_AVTZ// DONE 4.460130787301801 4.460130786847383 5.849414259311995 14.769675833461179 1 0.003881860
shell0_X0_Y0_Z0_mono0_fix1/shell1_X0_Y0_Z-1_mono0_fix1/shell1_X0_Y1_Z0_mono3_fix1//test20tig_AVTZ// DONE 5.849414294420457 4.460130786847383 4.460130787301801 14.769675868569642 2 0.003881860
shell0_X0_Y0_Z0_mono0_fix1/shell1_X1_Y1_Z1_mono3_fix1/shell1_X1_Y1_Z0_mono3_fix1//test20tig_AVTZ// DONE 4.460131079417782 4.4601310789633635 5.849414259311995 14.769676417693141 1 0.003881861
shell0_X0_Y0_Z0_mono0_fix1/shell1_X0_Y0_Z-1_mono0_fix1/shell1_X1_Y1_Z0_mono3_fix1//test20tig_AVTZ// DONE 5.849414294420457 4.4601310789633635 4.460131079417782 14.769676452801601 2 0.003881861
shell0_X0_Y0_Z0_mono0_fix1/shell0_X0_Y0_Z0_mono2_fix1/shell1_X0_Y-1_Z0_mono0_fix1//test20tig_AVTZ// DONE 4.377589591893318 6.14108504329124 4.3775900232822025 14.89626465846676 4 0.006331101
shell0_X0_Y0_Z0_mono0_fix1/shell0_X0_Y0_Z0_mono2_fix1/shell1_X0_Y1_Z0_mono2_fix1//test20tig_AVTZ// DONE 4.377589591893318 4.3775900232822025 6.141085058035455 14.896264673210975 2 0.006331103
shell0_X0_Y0_Z0_mono0_fix1/shell0_X0_Y0_Z0_mono1_fix1/shell1_X0_Y1_Z0_mono1_fix1//test20tig_AVTZ// DONE 4.5159560879710785 4.515956561069496 6.141085020779474 15.172997669820049 1 0.004747455
shell0_X0_Y0_Z0_mono0_fix1/shell0_X0_Y0_Z0_mono1_fix1/shell1_X0_Y-1_Z0_mono0_fix1//test20tig_AVTZ// DONE 4.5159560879710785 6.14108504329124 4.515956561069497 15.172997692331816 2 0.004747455
shell0_X0_Y0_Z0_mono0_fix1/shell1_X1_Y0_Z0_mono1_fix1/shell1_X1_Y1_Z0_mono1_fix1//test20tig_AVTZ// DONE 4.515956488205572 4.515956852480747 6.141085020779474 15.172998361465794 1 0.004747456
shell0_X0_Y0_Z0_mono0_fix1/shell1_X1_Y0_Z0_mono1_fix1/shell1_X0_Y-1_Z0_mono0_fix1//test20tig_AVTZ// DONE 4.515956488205572 6.14108504329124 4.515956852480747 15.17299838397756 2 0.004747455
shell0_X0_Y0_Z0_mono0_fix1/shell1_X1_Y1_Z0_mono3_fix1/shell1_X0_Y1_Z0_mono3_fix1//test20tig_AVTZ// DONE 4.4601310789633635 4.460130786847383 6.357429264530413 15.27769113034116 2 0.004782853
shell0_X0_Y0_Z0_mono0_fix1/shell1_X-1_Y0_Z0_mono0_fix1/shell1_X0_Y1_Z0_mono3_fix1//test20tig_AVTZ// DONE 6.357429267555808 4.460130786847383 4.4601310789633635 15.277691133366556 4 0.004782853
shell0_X0_Y0_Z0_mono0_fix1/shell1_X1_Y0_Z0_mono0_fix1/shell1_X1_Y0_Z0_mono1_fix1//test20tig_AVTZ// DONE 6.357429267555808 4.515956488205572 4.5159560879710785 15.389341843732458 2 0.002626543
shell0_X0_Y0_Z0_mono0_fix1/shell0_X0_Y0_Z0_mono1_fix1/shell1_X1_Y0_Z0_mono1_fix1//test20tig_AVTZ// DONE 4.5159560879710785 4.515956488205572 6.357429417783243 15.389341993959896 1 0.002626544
shell0_X0_Y0_Z0_mono0_fix1/shell1_X-1_Y0_Z0_mono0_fix1/shell1_X0_Y1_Z0_mono1_fix1//test20tig_AVTZ// DONE 6.357429267555808 4.515956561069496 4.515956852480747 15.38934268110605 2 0.002626546
shell0_X0_Y0_Z0_mono0_fix1/shell1_X1_Y1_Z0_mono1_fix1/shell1_X0_Y1_Z0_mono1_fix1//test20tig_AVTZ// DONE 4.515956852480747 4.515956561069496 6.357429417783243 15.389342831333487 1 0.002626545
shell0_X0_Y0_Z0_mono0_fix1/shell1_X0_Y0_Z1_mono1_fix1/shell1_X0_Y1_Z1_mono3_fix1//test20tig_AVTZ// DONE 7.239439282042159 4.460130787301801 4.3775895422126005 16.07715961155656 2 0.000303064
shell0_X0_Y0_Z0_mono0_fix1/shell0_X0_Y0_Z0_mono2_fix1/shell1_X0_Y1_Z1_mono3_fix1//test20tig_AVTZ// DONE 4.377589591893318 4.460130787301801 7.239439276977334 16.077159656172455 2 0.000303064
shell0_X0_Y0_Z0_mono0_fix1/shell0_X0_Y0_Z0_mono2_fix1/shell1_X0_Y0_Z-1_mono1_fix1//test20tig_AVTZ// DONE 4.377589591893318 7.2394392820421585 4.460130983285346 16.07715985722082 2 -0.002291138
shell0_X0_Y0_Z0_mono0_fix1/shell1_X1_Y0_Z1_mono1_fix1/shell1_X1_Y1_Z1_mono3_fix1//test20tig_AVTZ// DONE 7.239439500644279 4.460131079417782 4.3775895422126005 16.077160122274663 2 -0.002291138
shell0_X0_Y0_Z0_mono0_fix1/shell0_X0_Y0_Z0_mono2_fix1/shell1_X1_Y1_Z1_mono3_fix1//test20tig_AVTZ// DONE 4.377589591893318 4.460131079417782 7.239439508500856 16.077160179811955 2 -0.002291138
shell0_X0_Y0_Z0_mono0_fix1/shell1_X0_Y1_Z1_mono1_fix1/shell1_X0_Y1_Z1_mono3_fix1//test20tig_AVTZ// DONE 7.239439558657251 4.460130787301801 4.3775899736014985 16.07716031956055 2 -0.002291136
shell0_X0_Y0_Z0_mono0_fix1/shell1_X0_Y1_Z1_mono3_fix1/shell1_X0_Y1_Z0_mono2_fix1//test20tig_AVTZ// DONE 4.460130787301801 4.3775900232822025 7.239439563722077 16.07716037430608 2 -0.002291137
shell0_X0_Y0_Z0_mono0_fix1/shell0_X0_Y0_Z0_mono2_fix1/shell1_X1_Y0_Z-1_mono1_fix1//test20tig_AVTZ// DONE 4.377589591893318 7.239439500644278 4.4601312930132115 16.07716038555081 2 0.000303064
shell0_X0_Y0_Z0_mono0_fix1/shell1_X0_Y1_Z-1_mono1_fix1/shell1_X0_Y1_Z0_mono2_fix1//test20tig_AVTZ// DONE 7.239439558657251 4.3775900232822025 4.460130983285346 16.0771605652248 2 0.000303065
shell0_X0_Y0_Z0_mono0_fix1/shell1_X1_Y1_Z1_mono1_fix1/shell1_X1_Y1_Z1_mono3_fix1//test20tig_AVTZ// DONE 7.239439752791949 4.460131079417782 4.3775899736014985 16.07716080581123 2 0.000303064
shell0_X0_Y0_Z0_mono0_fix1/shell1_X1_Y1_Z1_mono3_fix1/shell1_X0_Y1_Z0_mono2_fix1//test20tig_AVTZ// DONE 4.460131079417782 4.3775900232822025 7.239439744935367 16.07716084763535 2 0.000303064
shell0_X0_Y0_Z0_mono0_fix1/shell1_X1_Y1_Z-1_mono1_fix1/shell1_X0_Y1_Z0_mono2_fix1//test20tig_AVTZ// DONE 7.239439752791947 4.3775900232822025 4.4601312930132115 16.07716106908736 2 -0.002291137
shell0_X0_Y0_Z0_mono0_fix1/shell0_X0_Y0_Z0_mono1_fix1/shell0_X0_Y0_Z0_mono3_fix1//test20tig_AVTZ// DONE 4.5159560879710785 7.441595710913052 4.3775899736014985 16.335141772485628 2 0.000511833
shell0_X0_Y0_Z0_mono0_fix1/shell1_X0_Y1_Z0_mono2_fix1/shell2_X0_Y2_Z0_mono3_fix1//test20tig_AVTZ// DONE 4.3775900232822025 7.441595701055088 4.51595605254862 16.335141776885912 2 0.000511833
shell0_X0_Y0_Z0_mono0_fix1/shell1_X0_Y1_Z0_mono1_fix1/shell2_X0_Y2_Z0_mono3_fix1//test20tig_AVTZ// DONE 4.515956561069496 7.441595701055088 4.3775895422126005 16.335141804337184 2 -0.000219872
shell0_X0_Y0_Z0_mono0_fix1/shell0_X0_Y0_Z0_mono1_fix1/shell1_X0_Y1_Z0_mono2_fix1//test20tig_AVTZ// DONE 4.5159560879710785 4.3775900232822025 7.441595758819045 16.335141870072327 2 -0.000219872
shell0_X0_Y0_Z0_mono0_fix1/shell0_X0_Y0_Z0_mono2_fix1/shell0_X0_Y0_Z0_mono3_fix1//test20tig_AVTZ// DONE 4.377589591893318 7.441595710913052 4.515956596491944 16.335141899298314 2 -0.000219872
shell0_X0_Y0_Z0_mono0_fix1/shell0_X0_Y0_Z0_mono2_fix1/shell1_X0_Y1_Z0_mono1_fix1//test20tig_AVTZ// DONE 4.377589591893318 4.515956561069496 7.4415957489610856 16.335141901923897 2 0.000511834
shell0_X0_Y0_Z0_mono0_fix1/shell1_X1_Y1_Z0_mono1_fix1/shell2_X1_Y2_Z0_mono3_fix1//test20tig_AVTZ// DONE 4.515956852480747 7.441595929046747 4.3775895422126005 16.335142323740094 2 0.000511832
shell0_X0_Y0_Z0_mono0_fix1/shell0_X0_Y0_Z0_mono2_fix1/shell1_X1_Y0_Z0_mono3_fix1//test20tig_AVTZ// DONE 4.377589591893318 7.441595913886067 4.515956831107359 16.335142336886744 2 0.000511833
shell0_X0_Y0_Z0_mono0_fix1/shell1_X1_Y0_Z0_mono1_fix1/shell1_X1_Y0_Z0_mono3_fix1//test20tig_AVTZ// DONE 4.515956488205572 7.441595913886067 4.3775899736014985 16.335142375693138 2 -0.000219873
shell0_X0_Y0_Z0_mono0_fix1/shell0_X0_Y0_Z0_mono2_fix1/shell1_X1_Y1_Z0_mono1_fix1//test20tig_AVTZ// DONE 4.377589591893318 4.515956852480747 7.44159597328223 16.335142417656296 2 -0.000219873
shell0_X0_Y0_Z0_mono0_fix1/shell1_X0_Y1_Z0_mono2_fix1/shell2_X1_Y2_Z0_mono3_fix1//test20tig_AVTZ// DONE 4.3775900232822025 7.441595929046747 4.51595650957896 16.33514246190791 2 -0.000219874
shell0_X0_Y0_Z0_mono0_fix1/shell1_X1_Y0_Z0_mono1_fix1/shell1_X0_Y1_Z0_mono2_fix1//test20tig_AVTZ// DONE 4.515956488205572 4.3775900232822025 7.441595958121554 16.335142469609327 2 0.000511833
shell0_X0_Y0_Z0_mono0_fix1/shell1_X1_Y0_Z0_mono2_fix1/shell1_X1_Y1_Z0_mono3_fix1//test20tig_AVTZ// DONE 7.501411619895282 4.4601310789633635 4.51595605254862 16.477498751407264 2 0.000286045
shell0_X0_Y0_Z0_mono0_fix1/shell0_X0_Y0_Z0_mono1_fix1/shell1_X1_Y1_Z0_mono3_fix1//test20tig_AVTZ// DONE 4.5159560879710785 4.4601310789633635 7.501411621956955 16.477498788891396 2 0.000286045
shell0_X0_Y0_Z0_mono0_fix1/shell1_X1_Y0_Z0_mono1_fix1/shell1_X1_Y0_Z0_mono2_fix1//test20tig_AVTZ// DONE 4.515956488205572 7.501411619895282 4.460130982830929 16.477499090931783 2 0.000286047
shell0_X0_Y0_Z0_mono0_fix1/shell1_X-1_Y1_Z0_mono2_fix1/shell1_X0_Y1_Z0_mono3_fix1//test20tig_AVTZ// DONE 7.501411867012628 4.460130786847383 4.515956831107359 16.47749948496737 2 0.000286047
shell0_X0_Y0_Z0_mono0_fix1/shell1_X1_Y1_Z0_mono1_fix1/shell1_X0_Y1_Z0_mono3_fix1//test20tig_AVTZ// DONE 4.515956852480747 4.460130786847383 7.501411869074303 16.477499508402435 2 0.000286047
shell0_X0_Y0_Z0_mono0_fix1/shell1_X-1_Y1_Z0_mono2_fix1/shell1_X0_Y1_Z0_mono1_fix1//test20tig_AVTZ// DONE 7.501411867012628 4.515956561069496 4.460131292558794 16.477499720640918 2 0.000286046
shell0_X0_Y0_Z0_mono0_fix1/shell1_X1_Y0_Z0_mono1_fix1/shell1_X0_Y1_Z0_mono3_fix1//test20tig_AVTZ// DONE 4.515956488205572 4.460130786847383 7.633408780004605 16.60949605505756 2 -0.000852844
shell0_X0_Y0_Z0_mono0_fix1/shell1_X-1_Y0_Z0_mono2_fix1/shell1_X0_Y1_Z0_mono3_fix1//test20tig_AVTZ// DONE 7.633408800312303 4.460130786847383 4.51595650957896 16.609496096738646 2 -0.000852844
shell0_X0_Y0_Z0_mono0_fix1/shell0_X0_Y0_Z0_mono1_fix1/shell1_X-1_Y0_Z0_mono2_fix1//test20tig_AVTZ// DONE 4.5159560879710785 7.633408800312303 4.460131292558794 16.609496180842175 2 -0.000852844
shell0_X0_Y0_Z0_mono0_fix1/shell1_X1_Y1_Z0_mono3_fix1/shell1_X0_Y1_Z0_mono1_fix1//test20tig_AVTZ// DONE 4.4601310789633635 4.515956561069496 7.633409038991829 16.609496679024687 2 -0.000852843
shell0_X0_Y0_Z0_mono0_fix1/shell1_X1_Y1_Z0_mono2_fix1/shell1_X1_Y1_Z0_mono3_fix1//test20tig_AVTZ// DONE 7.633409059299531 4.4601310789633635 4.515956596491944 16.60949673475484 2 -0.000852843
shell0_X0_Y0_Z0_mono0_fix1/shell1_X1_Y1_Z0_mono1_fix1/shell1_X1_Y1_Z0_mono2_fix1//test20tig_AVTZ// DONE 4.515956852480747 7.633409059299531 4.460130982830929 16.60949689461121 2 -0.000852843
shell0_X0_Y0_Z0_mono0_fix1/shell0_X0_Y0_Z0_mono2_fix1/shell1_X0_Y-1_Z-1_mono0_fix1//test20tig_AVTZ// DONE 4.377589591893318 8.34327286060742 4.377590023746515 17.098452476247253 4 -0.003767553
shell0_X0_Y0_Z0_mono0_fix1/shell0_X0_Y0_Z0_mono2_fix1/shell1_X0_Y1_Z1_mono2_fix1//test20tig_AVTZ// DONE 4.377589591893318 4.377590023746515 8.343272917945272 17.098452533585103 2 -0.003767553
shell0_X0_Y0_Z0_mono0_fix1/shell1_X0_Y1_Z1_mono3_fix1/shell1_X1_Y1_Z0_mono3_fix1//test20tig_AVTZ// DONE 4.460130787301801 4.4601310789633635 8.487159043655303 17.407420909920468 2 -0.002952316
shell0_X0_Y0_Z0_mono0_fix1/shell1_X-1_Y0_Z-1_mono0_fix1/shell1_X0_Y1_Z0_mono3_fix1//test20tig_AVTZ// DONE 8.487159055786023 4.460130786847383 4.460131079417782 17.407420922051188 4 -0.002952316
shell0_X0_Y0_Z0_mono0_fix1/shell0_X0_Y0_Z0_mono1_fix1/shell1_X1_Y1_Z0_mono1_fix1//test20tig_AVTZ// DONE 4.5159560879710785 4.515956852480747 8.644867266989586 17.67678020744141 1 -0.004824774
shell0_X0_Y0_Z0_mono0_fix1/shell1_X-1_Y1_Z0_mono0_fix1/shell1_X0_Y1_Z0_mono1_fix1//test20tig_AVTZ// DONE 8.644867251306648 4.515956561069496 4.515956488205572 17.676780300581715 2 -0.004824774
shell0_X0_Y0_Z0_mono0_fix1/shell0_X0_Y0_Z0_mono1_fix1/shell1_X-1_Y-1_Z0_mono0_fix1//test20tig_AVTZ// DONE 4.5159560879710785 8.821829156691244 4.515956852480747 17.85374209714307 2 -0.002482640
shell0_X0_Y0_Z0_mono0_fix1/shell1_X1_Y0_Z0_mono1_fix1/shell1_X0_Y1_Z0_mono1_fix1//test20tig_AVTZ// DONE 4.515956488205572 4.515956561069496 8.821829228636577 17.853742277911646 1 -0.002482640
