0.011512349
0.011512348
0.012044546
0.012044546
0.012044546
0.012044543
0.011512349
0.012044545
0.011512347
0.011512348
0.011512348
0.012044544
0.005824265
0.005824265
0.005824266
0.005824266
0.005566219
0.005566219
0.005566219
0.005566220
0.007986551
0.007986553
0.006157733
0.006157733
0.006157734
0.006157733
0.006172282
0.006172283
0.003685371
0.003685371
0.003685373
0.003685372
0.000381527
0.000381528
-0.002739907
-0.002739906
-0.002739907
-0.002739904
-0.002739905
0.000381527
0.000381528
0.000381527
0.000381528
-0.002739904
0.000559609
0.000559609
-0.000367090
-0.000367090
-0.000367090
0.000559610
0.000559608
0.000559608
-0.000367091
-0.000367091
-0.000367091
0.000559609
0.000166238
0.000166237
0.000166239
0.000166240
0.000166239
0.000166239
-0.001126797
-0.001126797
-0.001126797
-0.001126796
-0.001126796
-0.001126796
-0.005204423
-0.005204424
-0.004142129
-0.004142130
0.002228250
0.001633159
0.001633159
0.002228249
0.001633158
0.002228248
0.002228248
0.001633158
-0.006274184
-0.006274184
-0.003439035
-0.003439035
0.001532278
0.001565403
0.001565404
0.001532278
0.001532278
0.001565403
0.001565403
0.001532278
0.001816795
0.001816795
0.001816794
0.001816794
0.000803329
0.000803328
0.000803328
0.000803328
0.001249365
0.001249365
0.000995686
0.000995686
0.000995686
0.001249365
0.000995686
0.000995686
0.001249365
0.001249365
0.001249365
0.000995686
0.001167742
0.001167742
0.001167742
0.001167742
0.001167742
0.001167742
-0.000738788
-0.000738787
-0.000738787
-0.000738787
0.000835805
0.000835805
0.000835805
0.000835805
0.000835805
0.000835805
-0.000642419
-0.000642419
-0.000642419
-0.000642419
0.001201886
0.001201886
0.001201886
0.001201885
0.001201885
0.001201886
0.000841694
0.000841694
0.000841694
0.000841694
0.000841694
0.000841694
-0.000462646
-0.000462646
-0.000462646
-0.000462646
0.000636302
0.000717158
0.000717158
0.000636302
0.000717158
0.000636302
0.000636302
0.000717158
0.000509595
0.000595052
0.000595052
0.000509595
0.000595052
0.000509595
0.000509595
0.000595052
0.000547874
0.000530323
0.000530323
0.000547874
0.000547874
0.000530323
0.000530323
0.000547874
-0.000315438
-0.000966055
-0.000966054
-0.000315438
-0.000966054
-0.000315438
-0.000315438
-0.000966054
0.000432700
0.000311124
0.000311124
0.000311124
0.000311124
0.000564517
0.000564517
0.000564517
0.000564517
0.000691683
0.000691683
0.000691682
0.000691683
0.000720639
0.000720639
0.000720639
0.000720639
0.000469866
0.000469866
-0.000326005
-0.000326005
-0.000326005
-0.000326005
0.000347439
0.000055932
0.000055932
0.000244300
0.000244300
0.000244300
0.000055932
0.000244300
0.000244300
0.000055932
0.000055932
0.000055932
0.000244300
0.000351353
0.000351353
0.000351353
0.000351353
0.000489162
0.000423136
0.000423136
0.000489162
-0.000839503
-0.000391383
-0.000391383
-0.000839503
-0.000391383
-0.000839503
-0.000839502
-0.000391383
0.000207638
0.000207638
0.000156706
0.000156706
0.000156706
0.000156706
0.000156706
0.000207637
0.000207638
0.000207638
0.000207638
0.000156706
0.000382694
0.000382694
0.000382694
0.000382694
0.000405157
0.000405157
0.000405157
0.000405157
0.000473351
0.000473351
0.000473351
0.000473351
0.000322189
0.000322189
0.000322189
0.000322189
0.000446891
0.000379526
0.000379526
0.000360017
0.000360017
0.000143527
0.000240509
0.000240509
0.000243772
0.000243772
0.000243772
0.000240509
0.000243772
0.000243772
0.000240509
0.000240509
0.000240509
0.000243772
0.000224272
0.000224272
0.000197322
0.000197322
0.000197322
0.000224272
0.000197322
0.000197322
0.000224272
0.000224272
0.000224272
0.000197322
0.000286947
0.000286947
0.000286947
0.000286947
0.000022544
0.000022544
0.000022544
0.000022544
0.000022544
0.000022544
0.000142396
0.000142396
0.000142396
0.000142396
0.000142396
0.000142396
0.000098944
0.000098944
0.000098944
0.000098944
0.000098944
0.000098944
0.000174801
0.000174801
0.000174801
0.000174801
0.000174801
0.000174801
0.000266171
0.000266171
0.000266171
0.000266171
-0.000059273
-0.000059273
-0.000059272
-0.000059272
0.000263136
0.000263136
0.000263136
0.000263136
0.000263136
0.000263136
-0.000125142
-0.000125142
-0.000125142
-0.000125142
0.000021648
0.000021648
0.000021648
0.000021648
-0.000131304
-0.000131304
-0.000131305
-0.000131305
0.000294559
0.000294559
0.000294559
0.000294559
0.000202041
0.000202041
0.000202041
0.000202041
0.000202041
0.000202041
-0.000109260
-0.000109260
-0.000109260
-0.000109260
-0.000149498
-0.000149498
-0.000149498
-0.000149498
-0.000427573
-0.000427573
-0.000278737
-0.000278737
-0.000278737
-0.000427573
-0.000278737
-0.000278737
-0.000427573
-0.000427573
-0.000427573
-0.000278737
-0.000365478
-0.000365478
-0.000365478
-0.000365477
-0.000365477
-0.000365478
0.000271540
0.000271540
0.000282302
0.000282302
0.000282302
0.000282301
0.000271540
0.000282301
0.000271540
0.000271540
0.000271540
0.000282301
-0.000301635
-0.000301635
-0.000301635
-0.000301635
-0.000301635
-0.000301635
0.000220364
0.000220364
0.000220364
0.000220364
0.000285256
0.000285256
0.000285255
0.000285255
0.000211908
0.000211908
0.000211908
0.000211908
-0.000244323
-0.000244323
-0.000348906
-0.000348906
-0.000348906
-0.000244323
-0.000348906
-0.000348906
-0.000244323
-0.000244323
-0.000244323
-0.000348906
-0.000291643
0.000188960
0.000188960
0.000188960
0.000188960
0.000182844
0.000182844
0.000163237
0.000163237
0.000163237
0.000163238
-0.000381005
-0.000381005
-0.000381005
-0.000381005
-0.000381005
-0.000381005
0.000121117
0.000121117
-0.000299036
-0.000299036
-0.000299035
-0.000299036
-0.000299035
-0.000299035
0.000142648
0.000142648
-0.000255674
-0.000255674
-0.000255674
-0.000255674
-0.000255674
-0.000255674
-0.000207750
-0.000207750
-0.000207750
-0.000207750
-0.000207750
-0.000207750
0.000137737
0.000137737
-0.000276177
-0.000276177
-0.000276177
-0.000276177
-0.000276177
-0.000276177
0.000173092
0.000173092
0.000201255
0.000201255
0.000201255
0.000173092
0.000201255
0.000201255
0.000173092
0.000173092
0.000173092
0.000201255
-0.000311811
-0.000311811
-0.000311810
-0.000311811
-0.000311810
-0.000311810
-0.000055651
0.000003782
0.000003782
-0.000055651
-0.000055651
0.000003782
0.000003782
-0.000055651
0.000107639
0.000107639
0.000109467
0.000109467
0.000109467
0.000107640
0.000109467
0.000109467
0.000107640
0.000048252
0.000048252
0.000048252
0.000048252
0.000108256
0.000108256
0.000108256
0.000108256
0.000108256
0.000108256
-0.000088660
-0.000088660
-0.000088660
-0.000088660
0.000093599
0.000093599
0.000093599
0.000093599
0.000093599
0.000093599
-0.000010048
0.000000946
0.000000946
-0.000010048
0.000000946
-0.000010048
-0.000010048
0.000000946
0.000148981
0.000148981
0.000166913
0.000166913
0.000166913
0.000148981
0.000166913
0.000166913
0.000148981
0.000148981
0.000148981
0.000166913
0.000018646
0.000006009
0.000006009
0.000018646
0.000099574
0.000099574
0.000098464
0.000098464
0.000098464
0.000099574
0.000098464
0.000098464
0.000099574
0.000099574
0.000099574
0.000098464
0.000105717
0.000105717
0.000006018
0.000006018
0.000006018
0.000006018
0.000030036
0.000030036
0.000030036
0.000030036
-0.000037848
-0.000025763
-0.000025763
-0.000037848
-0.000025763
-0.000037848
-0.000037848
-0.000025763
-0.000242010
0.000080831
0.000080831
0.000108505
0.000108505
0.000108505
0.000080831
0.000108505
0.000108505
0.000080831
0.000080831
0.000080831
0.000108505
0.000023774
0.000023774
0.000024105
0.000003222
0.000003222
0.000024105
0.000003222
0.000024105
0.000024105
0.000003222
0.000088314
0.000088314
0.000101180
0.000101180
0.000101180
0.000101180
0.000101180
0.000101180
0.000088232
0.000088232
0.000088232
0.000088232
0.000088232
0.000088232
0.000100009
0.000100009
0.000100009
0.000100009
0.000100009
0.000100009
0.000062365
0.000062365
0.000062365
0.000062365
0.000062365
0.000062365
-0.000030381
-0.000030381
-0.000030381
-0.000030381
-0.000013128
-0.000013128
-0.000013128
-0.000013128
0.000070864
0.000070864
0.000070864
0.000070864
0.000070864
0.000070864
0.000078094
0.000078094
0.000078094
0.000078094
0.000078094
0.000078094
-0.000001323
-0.000001323
-0.000001323
-0.000001323
0.000008053
0.000008053
0.000008053
0.000008053
0.000084786
0.000084786
0.000084786
0.000084786
0.000084786
0.000084786
0.000075334
0.000008305
0.000008305
0.000008305
0.000008305
0.000077482
0.000072978
0.000072978
0.000077482
0.000084758
0.000084758
0.000084758
0.000084758
0.000065008
0.000065008
0.000065008
0.000065008
0.000065008
0.000001379
0.000014816
0.000014816
0.000001379
0.000014816
0.000001379
0.000001379
0.000014816
0.000041019
0.000041019
0.000041019
0.000041019
0.000083602
0.000075933
0.000073371
0.000073371
0.000073371
0.000073371
0.000051239
0.000060862
-0.000213090
-0.000213090
-0.000213090
-0.000213090
0.000048419
0.000065242
0.000065242
0.000054733
0.000054733
0.000054733
0.000065242
0.000054733
0.000054733
0.000065242
0.000065242
0.000065242
0.000054733
-0.000076978
-0.000081120
-0.000081120
-0.000081120
-0.000076978
-0.000076978
0.000063300
0.000063300
0.000063299
0.000063299
-0.000157898
0.000072174
0.000067308
0.000067308
0.000072174
0.000067308
0.000072174
0.000072174
0.000067308
-0.000016319
-0.000016319
-0.000016319
-0.000016319
-0.000014311
0.000014324
0.000014324
-0.000014311
0.000074677
0.000074677
0.000074677
0.000074677
0.000074677
0.000074677
0.000068041
0.000068041
0.000068024
0.000042346
0.000042346
0.000042346
0.000042346
0.000042346
0.000042346
0.000078630
0.000078630
0.000031704
0.000031704
0.000031704
0.000078630
0.000031704
0.000031704
0.000078630
0.000078630
0.000078630
0.000031704
-0.000175069
-0.000175069
-0.000175069
-0.000175069
-0.000045741
-0.000045741
-0.000083348
-0.000083348
-0.000083348
-0.000045741
-0.000083347
-0.000083347
-0.000045741
-0.000045741
-0.000045741
-0.000083348
0.000059797
0.000056065
0.000056065
0.000059797
0.000056065
0.000059797
0.000059797
0.000056065
0.000067179
0.000067179
0.000067179
0.000067179
-0.000048561
-0.000048561
-0.000068133
-0.000068133
-0.000068133
-0.000068133
-0.000068133
-0.000048561
-0.000048561
-0.000048561
-0.000048561
-0.000068133
0.000034131
0.000034131
0.000034131
0.000034131
0.000034131
0.000034131
0.000039776
0.000039776
0.000039776
0.000066973
0.000066973
0.000066973
0.000066973
0.000054808
0.000028065
0.000028065
0.000028065
0.000028065
0.000028065
0.000028065
0.000084741
0.000084741
0.000084741
0.000084741
0.000043818
0.000043818
0.000069805
0.000069805
0.000069805
0.000043818
0.000069805
0.000069805
0.000043818
0.000043818
0.000043818
0.000069805
0.000034822
0.000034822
0.000034822
0.000013119
0.000019676
0.000019676
0.000013119
0.000019676
0.000013119
0.000013119
0.000019676
0.000078089
0.000078089
0.000078090
0.000078089
0.000090752
0.000090752
0.000090752
0.000090752
0.000059359
0.000059359
0.000059359
0.000059359
0.000057360
0.000057360
0.000057360
0.000057360
0.000062418
0.000062418
0.000063968
0.000063968
0.000096471
0.000096471
0.000096471
0.000096471
0.000041157
0.000041157
0.000041157
0.000041157
0.000041157
0.000041157
0.000020751
0.000020751
0.000020751
0.000020751
0.000088269
0.000088269
0.000088269
0.000088269
0.000045551
0.000045551
0.000038538
0.000038538
0.000038538
0.000038538
0.000038538
0.000038538
0.000079881
0.000079881
0.000079881
0.000079881
0.000045889
0.000049011
0.000049011
0.000045889
0.000024018
0.000024018
0.000024018
0.000024018
0.000024018
0.000024018
-0.000173094
-0.000173094
-0.000173094
-0.000173094
0.000077049
0.000077049
0.000077049
0.000077049
0.000028808
0.000028808
0.000028808
0.000028808
0.000028808
0.000028808
-0.000119575
-0.000119575
-0.000119575
-0.000119575
0.000013398
0.000009506
0.000009506
0.000013398
0.000009506
0.000013398
0.000013398
0.000009506
0.000028487
0.000028487
0.000028487
0.000072896
0.000072896
0.000072896
0.000072896
0.000020097
0.000020097
0.000020097
0.000020097
0.000068852
0.000068852
0.000068852
0.000068852
0.000066144
0.000066144
0.000066144
0.000066144
0.000087835
0.000087835
0.000087835
0.000087835
0.000087835
0.000087835
0.000043624
0.000043624
-0.000177690
-0.000177690
-0.000177690
-0.000177690
0.000026620
0.000026620
0.000026620
0.000081372
0.000081372
0.000081372
0.000081372
0.000081372
0.000081372
-0.000078886
-0.000053565
-0.000053565
-0.000078886
0.000036914
0.000036914
0.000070961
0.000070961
0.000070961
0.000070961
0.000072784
0.000072784
0.000083587
0.000083587
0.000083587
0.000072784
0.000083587
0.000083587
0.000072784
0.000072784
0.000072784
0.000083587
0.000024683
0.000024683
0.000024683
0.000024683
0.000024683
-0.000106424
-0.000106424
-0.000106424
-0.000106424
0.000042354
0.000037793
0.000037793
0.000042354
0.000037793
0.000042354
0.000042354
0.000037793
0.000010217
0.000010217
0.000010217
0.000010217
0.000068144
0.000068144
0.000068144
0.000068144
0.000068144
0.000068144
0.000067137
0.000067137
0.000067137
0.000067137
0.000067137
0.000067137
-0.000024906
-0.000024906
-0.000037712
-0.000037711
-0.000037711
-0.000024906
-0.000037711
-0.000024906
-0.000037711
-0.000024906
-0.000024906
-0.000037711
0.000034203
0.000030652
0.000030652
0.000034203
0.000026285
0.000026285
0.000026285
0.000026285
-0.000058165
-0.000030484
-0.000058165
-0.000030484
-0.000030484
-0.000058165
-0.000030484
-0.000030484
-0.000058165
-0.000058165
-0.000030484
-0.000058165
-0.000015869
-0.000009967
-0.000009967
-0.000015869
-0.000009967
-0.000015869
-0.000015869
-0.000009967
0.000041327
0.000041327
0.000040772
0.000040772
0.000040772
0.000031830
0.000031830
0.000031830
0.000031830
0.000072705
0.000072705
0.000072705
0.000072705
0.000072705
0.000072705
0.000036610
0.000036610
0.000036610
0.000036610
-0.000052979
-0.000052979
0.000033080
