0.009013683
0.009013682
0.009601998
0.009601998
0.009601998
0.009601996
0.009013683
0.009601997
0.009013682
0.009013682
0.009013683
0.009601997
0.004240559
0.004240559
0.004240559
0.004240560
0.003881860
0.003881860
0.003881861
0.003881861
0.006331101
0.006331103
0.004747455
0.004747455
0.004747456
0.004747455
0.004782853
0.004782853
0.002626543
0.002626544
0.002626546
0.002626545
0.000303064
0.000303064
-0.002291138
-0.002291138
-0.002291138
-0.002291136
-0.002291137
0.000303064
0.000303065
0.000303064
0.000303064
-0.002291137
0.000511833
0.000511833
-0.000219872
-0.000219872
-0.000219872
0.000511834
0.000511832
0.000511833
-0.000219873
-0.000219873
-0.000219874
0.000511833
0.000286045
0.000286045
0.000286047
0.000286047
0.000286047
0.000286046
-0.000852844
-0.000852844
-0.000852844
-0.000852843
-0.000852843
-0.000852843
-0.003767553
-0.003767553
-0.002952316
-0.002952316
0.001696715
0.001206618
0.001206618
0.001696714
0.001206617
0.001696714
0.001696714
0.001206617
-0.004824774
-0.004824774
-0.002482640
-0.002482640
0.001166380
0.001176866
0.001176866
0.001166380
0.001166380
0.001176866
0.001176866
0.001166380
0.001392713
0.001392713
0.001392712
0.001392712
0.000550586
0.000550586
0.000550585
0.000550585
0.000936084
0.000936084
0.000719354
0.000719354
0.000719353
0.000936084
0.000719354
0.000719354
0.000936084
0.000936084
0.000936083
0.000719354
0.000877272
0.000877272
0.000877272
0.000877272
0.000877272
0.000877272
-0.000536072
-0.000536072
-0.000536071
-0.000536071
0.000603104
0.000603104
0.000603104
0.000603104
0.000603104
0.000603104
-0.000476138
-0.000476138
-0.000476138
-0.000476138
0.000935714
0.000935713
0.000935713
0.000935713
0.000935713
0.000935714
0.000619073
0.000619073
0.000619073
0.000619073
0.000619073
0.000619073
-0.000327921
-0.000327921
-0.000327921
-0.000327921
0.000476257
0.000542249
0.000542249
0.000476257
0.000542249
0.000476257
0.000476257
0.000542249
0.000375245
0.000445569
0.000445569
0.000375245
0.000445569
0.000375245
0.000375245
0.000445569
0.000399254
0.000385791
0.000385791
0.000399254
0.000399254
0.000385791
0.000385791
0.000399254
-0.000218840
-0.000783695
-0.000783695
-0.000218840
-0.000783695
-0.000218840
-0.000218840
-0.000783695
0.000322354
0.000199001
0.000199001
0.000199001
0.000199001
0.000415274
0.000415274
0.000415274
0.000415274
0.000536582
0.000536582
0.000536582
0.000536582
0.000574018
0.000574018
0.000574019
0.000574018
0.000349907
0.000349907
-0.000220262
-0.000220262
-0.000220262
-0.000220262
0.000255418
0.000022075
0.000022075
0.000174879
0.000174879
0.000174879
0.000022075
0.000174879
0.000174879
0.000022076
0.000022076
0.000022076
0.000174879
0.000252731
0.000252731
0.000252731
0.000252731
0.000368638
0.000314077
0.000314077
0.000368638
-0.000664094
-0.000287069
-0.000287069
-0.000664093
-0.000287069
-0.000664093
-0.000664093
-0.000287069
0.000142029
0.000142029
0.000097801
0.000097801
0.000097801
0.000097801
0.000097801
0.000142029
0.000142029
0.000142029
0.000142029
0.000097801
0.000276854
0.000276854
0.000276854
0.000276854
0.000299022
0.000299022
0.000299022
0.000299022
0.000360825
0.000360825
0.000360825
0.000360825
0.000232358
0.000232358
0.000232358
0.000232358
0.000352619
0.000286962
0.000286962
0.000268278
0.000268278
0.000090114
0.000185825
0.000185825
0.000192855
0.000192855
0.000192855
0.000185825
0.000192855
0.000192855
0.000185825
0.000185825
0.000185825
0.000192855
0.000169122
0.000169122
0.000148574
0.000148574
0.000148574
0.000169122
0.000148573
0.000148573
0.000169122
0.000169122
0.000169122
0.000148573
0.000205626
0.000205626
0.000205626
0.000205626
0.000001381
0.000001381
0.000001381
0.000001381
0.000001381
0.000001381
0.000111865
0.000111865
0.000111865
0.000111865
0.000111865
0.000111865
0.000072224
0.000072224
0.000072224
0.000072224
0.000072224
0.000072224
0.000137114
0.000137114
0.000137114
0.000137114
0.000137114
0.000137114
0.000190214
0.000190214
0.000190214
0.000190214
-0.000032366
-0.000032366
-0.000032366
-0.000032366
0.000200333
0.000200333
0.000200333
0.000200333
0.000200333
0.000200333
-0.000091500
-0.000091500
-0.000091500
-0.000091500
0.000024038
0.000024038
0.000024038
0.000024038
-0.000102416
-0.000102416
-0.000102416
-0.000102416
0.000220921
0.000220921
0.000220921
0.000220921
0.000148481
0.000148481
0.000148481
0.000148481
0.000148481
0.000148481
-0.000082058
-0.000082058
-0.000082058
-0.000082058
-0.000113551
-0.000113551
-0.000113551
-0.000113551
-0.000314820
-0.000314819
-0.000196093
-0.000196093
-0.000196093
-0.000314819
-0.000196093
-0.000196093
-0.000314820
-0.000314819
-0.000314819
-0.000196093
-0.000269710
-0.000269710
-0.000269710
-0.000269710
-0.000269710
-0.000269710
0.000202387
0.000202387
0.000211511
0.000211511
0.000211511
0.000211511
0.000202387
0.000211511
0.000202387
0.000202387
0.000202387
0.000211511
-0.000216500
-0.000216500
-0.000216500
-0.000216500
-0.000216500
-0.000216500
0.000164975
0.000164975
0.000164975
0.000164975
0.000219561
0.000219561
0.000219560
0.000219560
0.000156806
0.000156806
0.000156806
0.000156806
-0.000174074
-0.000174074
-0.000257490
-0.000257490
-0.000257490
-0.000174074
-0.000257490
-0.000257490
-0.000174074
-0.000174074
-0.000174074
-0.000257490
-0.000206097
0.000137594
0.000137594
0.000137594
0.000137594
0.000140173
0.000140173
0.000119506
0.000119506
0.000119506
0.000119506
-0.000291938
-0.000291937
-0.000291937
-0.000291937
-0.000291937
-0.000291937
0.000087745
0.000087745
-0.000220629
-0.000220629
-0.000220629
-0.000220629
-0.000220629
-0.000220629
0.000106509
0.000106509
-0.000186503
-0.000186503
-0.000186503
-0.000186503
-0.000186503
-0.000186503
-0.000145645
-0.000145645
-0.000145645
-0.000145645
-0.000145645
-0.000145645
0.000103005
0.000103005
-0.000205150
-0.000205150
-0.000205149
-0.000205149
-0.000205149
-0.000205149
0.000127008
0.000127008
0.000151743
0.000151743
0.000151743
0.000127008
0.000151743
0.000151743
0.000127008
0.000127008
0.000127008
0.000151743
-0.000233517
-0.000233517
-0.000233517
-0.000233517
-0.000233517
-0.000233517
-0.000047758
0.000002264
0.000002264
-0.000047758
-0.000047758
0.000002264
0.000002264
-0.000047758
0.000078918
0.000078918
0.000080333
0.000080333
0.000080333
0.000078918
0.000080333
0.000080333
0.000078918
0.000038550
0.000038550
0.000038550
0.000038550
0.000079719
0.000079719
0.000079719
0.000079719
0.000079719
0.000079719
-0.000072127
-0.000072127
-0.000072127
-0.000072127
0.000067797
0.000067797
0.000067797
0.000067797
0.000067797
0.000067797
-0.000006555
0.000002628
0.000002628
-0.000006555
0.000002628
-0.000006555
-0.000006555
0.000002628
0.000107887
0.000107887
0.000123124
0.000123124
0.000123124
0.000107887
0.000123124
0.000123124
0.000107887
0.000107887
0.000107887
0.000123124
0.000013380
0.000002998
0.000002998
0.000013380
0.000074910
0.000074910
0.000073816
0.000073816
0.000073816
0.000074910
0.000073816
0.000073816
0.000074910
0.000074910
0.000074910
0.000073816
0.000078464
0.000078464
0.000002838
0.000002838
0.000002838
0.000002838
0.000025604
0.000025604
0.000025604
0.000025604
-0.000028782
-0.000018933
-0.000018933
-0.000028782
-0.000018933
-0.000028782
-0.000028782
-0.000018933
-0.000181681
0.000060471
0.000060471
0.000083585
0.000083585
0.000083585
0.000060471
0.000083585
0.000083585
0.000060471
0.000060471
0.000060471
0.000083585
0.000017574
0.000017574
0.000019636
0.000002237
0.000002237
0.000019636
0.000002237
0.000019636
0.000019636
0.000002237
0.000064760
0.000064760
0.000078134
0.000078134
0.000078134
0.000078134
0.000078134
0.000078134
0.000066826
0.000066826
0.000066826
0.000066826
0.000066826
0.000066826
0.000077008
0.000077008
0.000077008
0.000077007
0.000077007
0.000077008
0.000045521
0.000045521
0.000045521
0.000045521
0.000045521
0.000045521
-0.000023427
-0.000023427
-0.000023427
-0.000023427
-0.000009067
-0.000009067
-0.000009067
-0.000009067
0.000051987
0.000051987
0.000051987
0.000051987
0.000051987
0.000051987
0.000058264
0.000058264
0.000058264
0.000058264
0.000058264
0.000058264
-0.000002928
-0.000002928
-0.000002928
-0.000002928
0.000009027
0.000009027
0.000009027
0.000009027
0.000064781
0.000064781
0.000064781
0.000064781
0.000064781
0.000064781
0.000056468
0.000003117
0.000003117
0.000003117
0.000003117
0.000057496
0.000053590
0.000053590
0.000057496
0.000062756
0.000062756
0.000062756
0.000062756
0.000047880
0.000047880
0.000047880
0.000047880
0.000047880
0.000001083
0.000011983
0.000011983
0.000001083
0.000011983
0.000001083
0.000001083
0.000011983
0.000034277
0.000034277
0.000034277
0.000034277
0.000063862
0.000057590
0.000054591
0.000054591
0.000054591
0.000054591
0.000036379
0.000044025
-0.000153955
-0.000153955
-0.000153954
-0.000153954
0.000034461
0.000047568
0.000047568
0.000038692
0.000038692
0.000038692
0.000047568
0.000038692
0.000038692
0.000047568
0.000047568
0.000047568
0.000038692
-0.000055490
-0.000058803
-0.000058803
-0.000058803
-0.000055490
-0.000055490
0.000046162
0.000046162
0.000046162
0.000046162
-0.000116013
0.000054169
0.000050007
0.000050007
0.000054169
0.000050007
0.000054169
0.000054169
0.000050007
-0.000014671
-0.000014671
-0.000014671
-0.000014671
-0.000012936
0.000011269
0.000011269
-0.000012936
0.000057691
0.000057691
0.000057691
0.000057691
0.000057691
0.000057691
0.000050014
0.000050014
0.000051471
0.000029954
0.000029954
0.000029954
0.000029954
0.000029954
0.000029954
0.000058468
0.000058468
0.000020130
0.000020130
0.000020130
0.000058468
0.000020130
0.000020130
0.000058468
0.000058468
0.000058468
0.000020130
-0.000125855
-0.000125855
-0.000125855
-0.000125855
-0.000032603
-0.000032603
-0.000062733
-0.000062733
-0.000062733
-0.000032603
-0.000062732
-0.000062732
-0.000032603
-0.000032603
-0.000032603
-0.000062732
0.000044520
0.000041372
0.000041372
0.000044520
0.000041372
0.000044520
0.000044520
0.000041372
0.000050358
0.000050358
0.000050358
0.000050358
-0.000036019
-0.000036019
-0.000052260
-0.000052260
-0.000052260
-0.000052260
-0.000052260
-0.000036019
-0.000036019
-0.000036019
-0.000036019
-0.000052260
0.000024734
0.000024734
0.000024734
0.000024734
0.000024734
0.000024734
0.000029321
0.000029321
0.000029321
0.000046083
0.000046083
0.000046083
0.000046083
0.000040205
0.000019677
0.000019677
0.000019677
0.000019677
0.000019677
0.000019677
0.000060929
0.000060929
0.000060929
0.000060929
0.000031093
0.000031093
0.000051792
0.000051792
0.000051792
0.000031093
0.000051792
0.000051792
0.000031093
0.000031093
0.000031093
0.000051792
0.000025279
0.000025279
0.000025279
0.000008424
0.000013876
0.000013876
0.000008424
0.000013876
0.000008424
0.000008424
0.000013876
0.000056099
0.000056099
0.000056099
0.000056099
0.000066298
0.000066298
0.000066298
0.000066298
0.000044938
0.000044938
0.000044938
0.000044938
0.000043050
0.000043050
0.000043050
0.000043050
0.000046586
0.000046586
0.000049318
0.000049318
0.000073324
0.000073324
0.000073324
0.000073324
0.000032399
0.000032399
0.000032399
0.000032399
0.000032399
0.000032399
0.000017308
0.000017308
0.000017308
0.000017308
0.000065903
0.000065903
0.000065903
0.000065903
0.000033415
0.000033415
0.000029319
0.000029319
0.000029319
0.000029319
0.000029319
0.000029319
0.000059188
0.000059188
0.000059188
0.000059188
0.000034011
0.000036597
0.000036597
0.000034011
0.000017697
0.000017697
0.000017697
0.000017697
0.000017697
0.000017697
-0.000129784
-0.000129784
-0.000129784
-0.000129784
0.000057523
0.000057523
0.000057523
0.000057523
0.000021130
0.000021130
0.000021130
0.000021129
0.000021130
0.000021130
-0.000086386
-0.000086386
-0.000086386
-0.000086386
0.000010096
0.000006021
0.000006021
0.000010096
0.000006021
0.000010096
0.000010096
0.000006021
0.000021747
0.000021747
0.000021747
0.000053471
0.000053471
0.000053471
0.000053471
0.000013577
0.000013577
0.000013577
0.000013577
0.000051136
0.000051136
0.000051136
0.000051136
0.000048618
0.000048618
0.000048618
0.000048618
0.000066062
0.000066062
0.000066062
0.000066062
0.000066062
0.000066062
0.000032463
0.000032462
-0.000132779
-0.000132779
-0.000132779
-0.000132779
0.000020085
0.000020085
0.000020085
0.000060488
0.000060488
0.000060488
0.000060488
0.000060488
0.000060488
-0.000059943
-0.000038598
-0.000038598
-0.000059943
0.000026903
0.000026903
0.000052778
0.000052778
0.000052778
0.000052778
0.000052480
0.000052480
0.000061650
0.000061650
0.000061650
0.000052480
0.000061650
0.000061650
0.000052480
0.000052480
0.000052480
0.000061650
0.000017999
0.000017999
0.000017999
0.000017999
0.000017999
-0.000077318
-0.000077318
-0.000077318
-0.000077318
0.000031356
0.000027594
0.000027594
0.000031356
0.000027594
0.000031356
0.000031356
0.000027594
0.000009188
0.000009188
0.000009188
0.000009188
0.000049899
0.000049899
0.000049899
0.000049899
0.000049899
0.000049899
0.000048961
0.000048961
0.000048961
0.000048961
0.000048961
0.000048961
-0.000016681
-0.000016681
-0.000026616
-0.000026616
-0.000026616
-0.000016680
-0.000026616
-0.000016681
-0.000026616
-0.000016681
-0.000016681
-0.000026616
0.000025391
0.000022400
0.000022400
0.000025391
0.000018627
0.000018627
0.000018627
0.000018627
-0.000045572
-0.000021694
-0.000045572
-0.000021694
-0.000021694
-0.000045572
-0.000021694
-0.000021694
-0.000045572
-0.000045572
-0.000021694
-0.000045572
-0.000014064
-0.000008546
-0.000008546
-0.000014064
-0.000008546
-0.000014064
-0.000014064
-0.000008546
0.000031170
0.000031170
0.000030802
0.000030802
0.000030802
0.000023506
0.000023506
0.000023506
0.000023506
0.000054367
0.000054367
0.000054367
0.000054367
0.000054367
0.000054367
0.000027122
0.000027122
0.000027122
0.000027122
-0.000039257
-0.000039257
0.000024226
