shell0_X0_Y0_Z0_mono0_fix1/shell0_X0_Y0_Z0_mono1_fix1/shell0_X0_Y0_Z0_mono2_fix1//test20tig_AVDZ// DONE 4.565751472509687 4.565751472509687 4.565751472509687 13.697254417529061 6  -0.11416314 -0.11467360 -0.11509550 -0.16391470 -0.16363820 -0.16391540 -0.16363780 -0.00000000 -0.00000001 0.04975226 0.04924181 0.04854230
shell0_X0_Y0_Z0_mono0_fix1/shell0_X0_Y0_Z0_mono1_fix1/shell1_X1_Y0_Z1_mono3_fix1//test20tig_AVDZ// DONE 4.565751472509687 4.565751485810556 4.565751484644253 13.697254442964496 18  0.04793863 0.04682407 0.04511618 0.02001133 0.01983062 0.02001080 0.01983025 -0.00000000 -0.00000000 0.02792783 0.02681328 0.02528593
shell0_X0_Y0_Z0_mono0_fix1/shell0_X0_Y0_Z0_mono1_fix1/shell1_X0_Y0_Z1_mono1_fix1//test20tig_AVDZ// DONE 4.565751472509687 4.565751485174007 6.283227169962359 15.414730127646052 18  -0.01476816 -0.01453945 -0.01412868 -0.02119409 -0.02109573 -0.02119361 -0.02109625 -0.00000000 -0.00000000 0.00642545 0.00665416 0.00696757
shell0_X0_Y0_Z0_mono0_fix1/shell0_X0_Y0_Z0_mono1_fix1/shell1_X-1_Y0_Z0_mono1_fix1//test20tig_AVDZ// DONE 4.565751472509687 4.565751485280802 6.283227169962361 15.414730127752849 18  -0.02023608 -0.01996841 -0.01976996 -0.02521171 -0.02538026 -0.02521153 -0.02537989 -0.00000000 -0.00000000 0.00497546 0.00524313 0.00560994
shell0_X0_Y0_Z0_mono0_fix1/shell0_X0_Y0_Z0_mono1_fix1/shell1_X1_Y0_Z0_mono3_fix1//test20tig_AVDZ// DONE 4.565751472509687 7.573765382331708 4.565751473146237 16.705268327987632 18  0.01796342 0.01758089 0.01720453 0.01432279 0.01446973 0.01432200 0.01446986 -0.00000001 -0.00000000 0.00364143 0.00325889 0.00273467
shell0_X0_Y0_Z0_mono0_fix1/shell0_X0_Y0_Z0_mono3_fix1/shell1_X-1_Y0_Z0_mono1_fix1//test20tig_AVDZ// DONE 7.57376537453448 4.565751485280802 4.565751473146237 16.705268332961516 18  -0.00741187 -0.00706698 -0.00653033 -0.00229715 -0.00223229 -0.00229616 -0.00223213 -0.00000001 -0.00000000 -0.00511570 -0.00477081 -0.00429819
shell0_X0_Y0_Z0_mono0_fix1/shell0_X0_Y0_Z0_mono2_fix1/shell1_X0_Y1_Z0_mono3_fix1//test20tig_AVDZ// DONE 4.565751472509687 7.664413314073836 4.565751473146237 16.795916259729758 18  -0.04054025 -0.04019333 -0.03969353 -0.04881362 -0.04878968 -0.04881407 -0.04878968 -0.00000000 -0.00000000 0.00827382 0.00862074 0.00909615
shell0_X0_Y0_Z0_mono0_fix1/shell0_X0_Y0_Z0_mono1_fix1/shell1_X0_Y1_Z1_mono3_fix1//test20tig_AVDZ// DONE 4.565751472509687 4.565751484644253 7.664413321585641 16.795916278739583 18  0.03097229 0.03091803 0.03063932 0.04144615 0.04124276 0.04144619 0.04124183 0.00000001 -0.00000000 -0.01047390 -0.01052816 -0.01060251
shell0_X0_Y0_Z0_mono0_fix1/shell0_X0_Y0_Z0_mono1_fix1/shell1_X1_Y0_Z-1_mono0_fix1//test20tig_AVDZ// DONE 4.565751472509687 8.69884916629692 4.565751497945122 17.830352136751728 9  0.04785233 0.04701475 0.04585970 0.05122787 0.05121960 0.05122758 0.05122034 0.00000000 -0.00000001 -0.00337525 -0.00421283 -0.00536062
shell0_X0_Y0_Z0_mono0_fix1/shell0_X0_Y0_Z0_mono1_fix1/shell1_X-1_Y0_Z1_mono1_fix1//test20tig_AVDZ// DONE 4.565751472509687 4.565751497945122 8.813938135457056 17.945441105911865 9  0.03290883 0.03287215 0.03280090 0.04699897 0.04697875 0.04699916 0.04697818 -0.00000001 -0.00000000 -0.01409033 -0.01412701 -0.01417728
shell0_X0_Y0_Z0_mono0_fix1/shell0_X0_Y0_Z0_mono3_fix1/shell1_X0_Y0_Z-1_mono0_fix1//test20tig_AVDZ// DONE 7.57376537453448 6.283227169962362 4.565751473146237 18.422744017643076 18  0.00492770 0.00492518 0.00490530 0.00522050 0.00520399 0.00522052 0.00520407 -0.00000001 -0.00000000 -0.00029281 -0.00029532 -0.00029878
shell0_X0_Y0_Z0_mono0_fix1/shell0_X0_Y0_Z0_mono3_fix1/shell1_X0_Y0_Z1_mono3_fix1//test20tig_AVDZ// DONE 7.57376537453448 4.565751473146237 6.2832271699623625 18.42274401764308 18  0.01934086 0.01929624 0.01925392 0.02393331 0.02395180 0.02393318 0.02395197 -0.00000001 0.00000000 -0.00459231 -0.00463692 -0.00469805
shell0_X0_Y0_Z0_mono0_fix1/shell0_X0_Y0_Z0_mono2_fix1/shell1_X-1_Y0_Z0_mono2_fix1//test20tig_AVDZ// DONE 4.565751472509687 7.66441332146008 6.283227169962359 18.513391963932126 18  -0.00316980 -0.00320483 -0.00326513 -0.00596405 -0.00597626 -0.00596396 -0.00597626 -0.00000001 0.00000000 0.00279418 0.00275914 0.00271113
shell0_X0_Y0_Z0_mono0_fix1/shell0_X0_Y0_Z0_mono1_fix1/shell1_X0_Y1_Z0_mono1_fix1//test20tig_AVDZ// DONE 4.565751472509687 7.66441332146008 6.283227169962361 18.51339196393213 18  -0.00196200 -0.00194262 -0.00196070 -0.00316409 -0.00320950 -0.00316496 -0.00320960 -0.00000000 -0.00000000 0.00120296 0.00122234 0.00124890
shell0_X0_Y0_Z0_mono0_fix1/shell0_X0_Y0_Z0_mono1_fix1/shell0_X0_Y0_Z0_mono3_fix1//test20tig_AVDZ// DONE 4.565751472509687 7.57376537453448 7.57376537453448 19.713282221578645 18  0.00413622 0.00419191 0.00429445 0.00582489 0.00585144 0.00582516 0.00585135 -0.00000002 -0.00000000 -0.00168891 -0.00163322 -0.00155690
shell0_X0_Y0_Z0_mono0_fix1/shell0_X0_Y0_Z0_mono1_fix1/shell1_X0_Y1_Z0_mono3_fix1//test20tig_AVDZ// DONE 4.565751472509687 7.664413314073836 7.573765382331708 19.80393016891523 18  0.00192598 0.00192464 0.00192948 0.00183243 0.00183855 0.00183167 0.00183835 -0.00000001 -0.00000001 0.00009432 0.00009297 0.00009114
shell0_X0_Y0_Z0_mono0_fix1/shell1_X-1_Y1_Z0_mono1_fix1/shell1_X0_Y1_Z0_mono3_fix1//test20tig_AVDZ// DONE 7.5737653974569294 7.664413314073836 4.565751473146237 19.803930184677 18  0.00368680 0.00363042 0.00357368 0.00311387 0.00313346 0.00311334 0.00313384 -0.00000001 -0.00000000 0.00057347 0.00051710 0.00043985
shell0_X0_Y0_Z0_mono0_fix1/shell1_X0_Y0_Z1_mono3_fix1/shell1_X-1_Y0_Z0_mono2_fix1//test20tig_AVDZ// DONE 4.565751473146237 7.66441332146008 7.664413321585641 19.89457811619196 18  -0.00405137 -0.00403432 -0.00398501 -0.00551676 -0.00549060 -0.00551650 -0.00549056 -0.00000001 -0.00000000 0.00146514 0.00148218 0.00150555
shell0_X0_Y0_Z0_mono0_fix1/shell0_X0_Y0_Z0_mono1_fix1/shell1_X0_Y0_Z-1_mono1_fix1//test20tig_AVDZ// DONE 4.565751472509687 9.762161009125471 6.283227169962362 20.61113965159752 18  -0.00494548 -0.00492518 -0.00499135 -0.00636400 -0.00645795 -0.00636421 -0.00645821 -0.00000001 -0.00000000 0.00141873 0.00143904 0.00146686
shell0_X0_Y0_Z0_mono0_fix1/shell0_X0_Y0_Z0_mono1_fix1/shell1_X0_Y0_Z1_mono0_fix1//test20tig_AVDZ// DONE 4.565751472509687 6.283227169962361 9.762161009125473 20.61113965159752 18  0.00277633 0.00281281 0.00290031 0.00463878 0.00467578 0.00463855 0.00467605 -0.00000001 0.00000000 -0.00186221 -0.00182573 -0.00177574
shell0_X0_Y0_Z0_mono0_fix1/shell0_X0_Y0_Z0_mono2_fix1/shell1_X0_Y0_Z-1_mono2_fix1//test20tig_AVDZ// DONE 4.565751472509687 9.763617675955022 6.28322716996236 20.61259631842707 18  0.00377155 0.00374623 0.00369712 0.00567852 0.00566402 0.00567867 0.00566425 -0.00000001 -0.00000001 -0.00190711 -0.00193243 -0.00196712
shell0_X0_Y0_Z0_mono0_fix1/shell0_X0_Y0_Z0_mono1_fix1/shell1_X1_Y0_Z0_mono1_fix1//test20tig_AVDZ// DONE 4.565751472509687 9.763617675955024 6.283227169962361 20.612596318427073 18  0.00574878 0.00564813 0.00556175 0.00676595 0.00681682 0.00676576 0.00681731 -0.00000001 -0.00000001 -0.00101697 -0.00111762 -0.00125555
shell0_X0_Y0_Z0_mono0_fix1/shell1_X1_Y0_Z-1_mono0_fix1/shell1_X1_Y0_Z0_mono3_fix1//test20tig_AVDZ// DONE 8.69884916629692 7.573765382331708 4.565751473146237 20.838366021774867 18  -0.00484582 -0.00476938 -0.00467535 -0.00487242 -0.00488296 -0.00487233 -0.00488306 -0.00000001 -0.00000000 0.00002652 0.00010296 0.00020771
shell0_X0_Y0_Z0_mono0_fix1/shell1_X0_Y1_Z1_mono0_fix1/shell1_X0_Y1_Z1_mono3_fix1//test20tig_AVDZ// DONE 8.69884916629692 4.565751484644253 7.57376537453448 20.83836602547565 18  -0.00208470 -0.00208149 -0.00204883 -0.00216923 -0.00214187 -0.00216974 -0.00214149 -0.00000001 -0.00000000 0.00008505 0.00008826 0.00009266
shell0_X0_Y0_Z0_mono0_fix1/shell0_X0_Y0_Z0_mono3_fix1/shell1_X0_Y1_Z1_mono3_fix1//test20tig_AVDZ// DONE 7.57376537453448 4.565751484644253 8.698849166296922 20.838366025475658 18  -0.00235156 -0.00227449 -0.00214961 -0.00263012 -0.00261150 -0.00263043 -0.00261118 -0.00000001 -0.00000000 0.00027889 0.00035596 0.00046157
shell0_X0_Y0_Z0_mono0_fix1/shell0_X0_Y0_Z0_mono2_fix1/shell1_X-1_Y-1_Z0_mono2_fix1//test20tig_AVDZ// DONE 4.565751472509687 7.664413328971884 8.69884916629692 20.92901396777849 18  -0.00029832 -0.00027173 -0.00020562 0.00002002 0.00004962 0.00002006 0.00004973 -0.00000000 0.00000001 -0.00031838 -0.00029179 -0.00025536
shell0_X0_Y0_Z0_mono0_fix1/shell1_X0_Y0_Z1_mono3_fix1/shell1_X1_Y0_Z0_mono3_fix1//test20tig_AVDZ// DONE 4.565751473146237 7.573765382331708 8.813938135457056 20.953454990935 18  -0.00134759 -0.00140102 -0.00150300 -0.00237036 -0.00239928 -0.00237062 -0.00239939 -0.00000001 -0.00000000 0.00102304 0.00096961 0.00089640
shell0_X0_Y0_Z0_mono0_fix1/shell1_X0_Y1_Z-1_mono0_fix1/shell1_X0_Y1_Z0_mono3_fix1//test20tig_AVDZ// DONE 8.813938135457056 7.664413314073836 4.565751473146237 21.044102922677126 18  0.00212990 0.00209825 0.00209392 0.00194376 0.00198250 0.00194333 0.00198237 -0.00000000 0.00000000 0.00018657 0.00015492 0.00011155
shell0_X0_Y0_Z0_mono0_fix1/shell1_X0_Y0_Z1_mono3_fix1/shell1_X0_Y1_Z0_mono3_fix1//test20tig_AVDZ// DONE 4.565751473146237 7.664413314073836 8.813938135457056 21.044102922677126 18  -0.00123100 -0.00128252 -0.00133080 -0.00235394 -0.00233212 -0.00235416 -0.00233185 -0.00000001 -0.00000000 0.00112316 0.00107165 0.00100105
shell0_X0_Y0_Z0_mono0_fix1/shell0_X0_Y0_Z0_mono1_fix1/shell1_X0_Y1_Z1_mono1_fix1//test20tig_AVDZ// DONE 4.565751472509687 7.664413328971884 8.813938135457056 21.04410293693863 18  0.00006444 0.00007027 0.00008988 -0.00015543 -0.00014396 -0.00015557 -0.00014397 -0.00000001 0.00000000 0.00022001 0.00022585 0.00023385
shell0_X0_Y0_Z0_mono0_fix1/shell1_X0_Y-1_Z-1_mono0_fix1/shell1_X0_Y0_Z-1_mono0_fix1//test20tig_AVDZ// DONE 8.698849166296922 6.283227169962362 6.283227169962359 21.265303506221642 18  0.00168943 0.00172287 0.00177291 0.00224430 0.00224784 0.00224455 0.00224874 -0.00000001 0.00000000 -0.00055511 -0.00052167 -0.00047583
shell0_X0_Y0_Z0_mono0_fix1/shell1_X-1_Y0_Z-1_mono0_fix1/shell1_X0_Y0_Z-1_mono0_fix1//test20tig_AVDZ// DONE 8.813938135457056 6.283227169962362 6.283227169962361 21.380392475381775 18  -0.00142608 -0.00143366 -0.00147457 -0.00201603 -0.00204621 -0.00201580 -0.00204633 -0.00000001 0.00000000 0.00058973 0.00058215 0.00057176
shell0_X0_Y0_Z0_mono0_fix1/shell0_X0_Y0_Z0_mono3_fix1/shell1_X-1_Y0_Z0_mono0_fix1//test20tig_AVDZ// DONE 7.57376537453448 6.283227169962361 7.573765382331708 21.430757926828548 18  -0.00163212 -0.00158774 -0.00153786 -0.00206405 -0.00207533 -0.00206442 -0.00207537 -0.00000002 0.00000000 0.00043231 0.00047669 0.00053751
shell0_X0_Y0_Z0_mono0_fix1/shell1_X0_Y1_Z0_mono0_fix1/shell1_X0_Y1_Z0_mono3_fix1//test20tig_AVDZ// DONE 6.283227169962359 7.664413314073836 7.57376537453448 21.521405858570674 18  0.00178036 0.00176495 0.00175283 0.00203288 0.00204220 0.00203330 0.00204229 -0.00000002 0.00000000 -0.00025292 -0.00026834 -0.00028946
shell0_X0_Y0_Z0_mono0_fix1/shell0_X0_Y0_Z0_mono3_fix1/shell1_X0_Y1_Z0_mono3_fix1//test20tig_AVDZ// DONE 7.57376537453448 7.664413314073836 6.2832271699623625 21.521405858570677 18  0.00147896 0.00145606 0.00141480 0.00162699 0.00161660 0.00162707 0.00161718 -0.00000001 -0.00000000 -0.00014810 -0.00017100 -0.00020239
shell0_X0_Y0_Z0_mono0_fix1/shell1_X-1_Y0_Z0_mono0_fix1/shell1_X0_Y1_Z0_mono3_fix1//test20tig_AVDZ// DONE 6.283227169962361 7.664413314073836 7.664413321585641 21.612053805621837 18  0.00028928 0.00028170 0.00026963 0.00017845 0.00017684 0.00017854 0.00017684 -0.00000000 0.00000000 0.00011074 0.00010317 0.00009279
shell0_X0_Y0_Z0_mono0_fix1/shell0_X0_Y0_Z0_mono3_fix1/shell1_X-1_Y0_Z-1_mono1_fix1//test20tig_AVDZ// DONE 7.57376537453448 9.762161015101716 4.565751484644253 21.90167787428045 18  -0.00241932 -0.00243015 -0.00248266 -0.00301092 -0.00304883 -0.00301124 -0.00304891 -0.00000001 -0.00000000 0.00059193 0.00058110 0.00056626
shell0_X0_Y0_Z0_mono0_fix1/shell1_X0_Y0_Z-1_mono1_fix1/shell1_X1_Y0_Z0_mono3_fix1//test20tig_AVDZ// DONE 9.762161009125471 7.573765382331708 4.565751484644253 21.90167787610143 18  0.00605721 0.00596163 0.00590200 0.00613559 0.00620702 0.00613550 0.00620682 -0.00000001 0.00000000 -0.00007828 -0.00017385 -0.00030483
shell0_X0_Y0_Z0_mono0_fix1/shell0_X0_Y0_Z0_mono1_fix1/shell1_X0_Y0_Z-1_mono2_fix1//test20tig_AVDZ// DONE 4.565751472509687 9.763617675955022 7.573765389968425 21.903134538433136 18  -0.00354190 -0.00350784 -0.00347462 -0.00392626 -0.00393993 -0.00392642 -0.00393987 -0.00000001 -0.00000001 0.00038453 0.00041859 0.00046526
shell0_X0_Y0_Z0_mono0_fix1/shell0_X0_Y0_Z0_mono3_fix1/shell1_X-1_Y0_Z1_mono1_fix1//test20tig_AVDZ// DONE 7.57376537453448 4.565751497945122 9.763617676156576 21.903134548636178 18  -0.00778685 -0.00769955 -0.00755732 -0.00929667 -0.00927368 -0.00929627 -0.00927370 -0.00000001 -0.00000000 0.00150944 0.00159674 0.00171638
shell0_X0_Y0_Z0_mono0_fix1/shell0_X0_Y0_Z0_mono2_fix1/shell1_X0_Y0_Z-1_mono1_fix1//test20tig_AVDZ// DONE 4.565751472509687 9.762161009125471 7.66441332146008 21.992325803095238 18  0.00339392 0.00337498 0.00334036 0.00402166 0.00401295 0.00402171 0.00401304 0.00000000 -0.00000000 -0.00062779 -0.00064673 -0.00067268
shell0_X0_Y0_Z0_mono0_fix1/shell1_X-1_Y0_Z1_mono3_fix1/shell1_X-1_Y0_Z0_mono1_fix1//test20tig_AVDZ// DONE 9.762161009190821 4.565751485280802 7.664413314073838 21.99232580854546 18  0.00429881 0.00427136 0.00426681 0.00525195 0.00528538 0.00525221 0.00528525 -0.00000001 0.00000000 -0.00095340 -0.00098084 -0.00101845
shell0_X0_Y0_Z0_mono0_fix1/shell1_X0_Y0_Z-1_mono2_fix1/shell1_X0_Y1_Z0_mono3_fix1//test20tig_AVDZ// DONE 9.763617675955022 7.664413314073836 4.565751485810556 21.993782475839414 18  -0.00165555 -0.00163165 -0.00157464 -0.00190246 -0.00187797 -0.00190204 -0.00187777 -0.00000001 -0.00000001 0.00024650 0.00027039 0.00030314
shell0_X0_Y0_Z0_mono0_fix1/shell1_X0_Y-1_Z1_mono3_fix1/shell1_X-1_Y-1_Z0_mono1_fix1//test20tig_AVDZ// DONE 9.763617676156576 7.664413329244467 4.565751484644253 21.993782490045295 18  0.00017758 0.00015986 0.00011367 0.00018711 0.00016549 0.00018711 0.00016521 -0.00000001 -0.00000000 -0.00000952 -0.00002724 -0.00005153
shell0_X0_Y0_Z0_mono0_fix1/shell1_X1_Y-1_Z-1_mono0_fix1/shell1_X1_Y0_Z0_mono3_fix1//test20tig_AVDZ// DONE 10.574170213290166 7.573765382331708 4.565751484644253 22.713687080266126 18  -0.00312720 -0.00314630 -0.00327461 -0.00404884 -0.00415256 -0.00405005 -0.00415221 -0.00000001 0.00000000 0.00092286 0.00090376 0.00087759
shell0_X0_Y0_Z0_mono0_fix1/shell0_X0_Y0_Z0_mono3_fix1/shell1_X0_Y-1_Z0_mono1_fix1//test20tig_AVDZ// DONE 7.57376537453448 7.573765389968425 7.5737653823317075 22.72129614683461 6  -0.00173769 -0.00170763 -0.00165530 -0.00208037 -0.00207011 -0.00208110 -0.00206997 -0.00000002 0.00000000 0.00034343 0.00037349 0.00041467
shell0_X0_Y0_Z0_mono0_fix1/shell1_X0_Y1_Z1_mono3_fix1/shell1_X1_Y0_Z0_mono3_fix1//test20tig_AVDZ// DONE 4.565751484644253 7.573765382331708 10.707029454809259 22.84654632178522 18  0.00021785 0.00020650 0.00019373 0.00038731 0.00038979 0.00038730 0.00039007 -0.00000003 -0.00000000 -0.00016942 -0.00018078 -0.00019634
shell0_X0_Y0_Z0_mono0_fix1/shell0_X0_Y0_Z0_mono3_fix1/shell1_X-1_Y0_Z0_mono2_fix1//test20tig_AVDZ// DONE 7.57376537453448 7.66441332146008 7.664413314073836 22.902592010068396 18  -0.00020119 -0.00019690 -0.00020424 -0.00031529 -0.00032860 -0.00031548 -0.00032871 -0.00000001 0.00000000 0.00011430 0.00011859 0.00012446
shell0_X0_Y0_Z0_mono0_fix1/shell1_X1_Y1_Z-1_mono0_fix1/shell1_X1_Y1_Z0_mono3_fix1//test20tig_AVDZ// DONE 10.707029454809257 7.664413321585641 4.565751473146237 22.937194249541136 18  0.00078319 0.00079083 0.00080387 0.00084248 0.00084472 0.00084224 0.00084478 -0.00000002 -0.00000000 -0.00005903 -0.00005138 -0.00004091
shell0_X0_Y0_Z0_mono0_fix1/shell1_X0_Y0_Z1_mono3_fix1/shell1_X1_Y1_Z0_mono3_fix1//test20tig_AVDZ// DONE 4.565751473146237 7.664413321585641 10.707029454809257 22.937194249541136 18  -0.00537694 -0.00530712 -0.00525462 -0.00619118 -0.00623465 -0.00619146 -0.00623466 -0.00000001 -0.00000000 0.00081454 0.00088436 0.00098004
shell0_X0_Y0_Z0_mono0_fix1/shell0_X0_Y0_Z0_mono1_fix1/shell1_X-1_Y0_Z-1_mono1_fix1//test20tig_AVDZ// DONE 4.565751472509687 9.762161015101716 8.69884916629692 23.026761653908324 18  0.00002387 0.00003556 0.00002077 0.00009066 0.00005922 0.00009027 0.00005945 -0.00000000 -0.00000000 -0.00006640 -0.00005470 -0.00003868
shell0_X0_Y0_Z0_mono0_fix1/shell0_X0_Y0_Z0_mono1_fix1/shell1_X1_Y0_Z1_mono1_fix1//test20tig_AVDZ// DONE 4.565751472509687 9.76361768192448 8.69884916629692 23.028218320731085 18  0.00358847 0.00354652 0.00350965 0.00408592 0.00410643 0.00408584 0.00410647 -0.00000000 -0.00000001 -0.00049737 -0.00053932 -0.00059681
shell0_X0_Y0_Z0_mono0_fix1/shell0_X0_Y0_Z0_mono1_fix1/shell1_X1_Y0_Z1_mono0_fix1//test20tig_AVDZ// DONE 4.565751472509687 8.813938135457056 9.762161015101716 23.141850623068457 18  0.00065377 0.00064910 0.00063528 0.00048707 0.00047918 0.00048716 0.00047974 -0.00000000 0.00000000 0.00016662 0.00016195 0.00015554
shell0_X0_Y0_Z0_mono0_fix1/shell0_X0_Y0_Z0_mono2_fix1/shell1_X0_Y-1_Z-1_mono2_fix1//test20tig_AVDZ// DONE 4.565751472509687 9.763617681924476 8.813938135457056 23.14330728989122 18  0.00019408 0.00018437 0.00015640 -0.00002591 -0.00004090 -0.00002577 -0.00004045 -0.00000001 -0.00000000 0.00021986 0.00021015 0.00019685
shell0_X0_Y0_Z0_mono0_fix1/shell0_X0_Y0_Z0_mono3_fix1/shell1_X0_Y0_Z1_mono1_fix1//test20tig_AVDZ// DONE 7.57376537453448 4.565751485174007 11.474829462410431 23.61434632211892 18  0.00706599 0.00694761 0.00678431 0.00773447 0.00773318 0.00773453 0.00773344 -0.00000002 -0.00000000 -0.00066853 -0.00078690 -0.00094912
shell0_X0_Y0_Z0_mono0_fix1/shell0_X0_Y0_Z0_mono3_fix1/shell1_X0_Y0_Z1_mono2_fix1//test20tig_AVDZ// DONE 7.57376537453448 4.565751485280802 11.50145518534497 23.64097204516025 18  -0.00737079 -0.00731202 -0.00726110 -0.00897709 -0.00900696 -0.00897685 -0.00900648 -0.00000001 0.00000000 0.00160608 0.00166484 0.00174537
shell0_X0_Y0_Z0_mono0_fix1/shell1_X0_Y0_Z1_mono2_fix1/shell1_X1_Y0_Z0_mono3_fix1//test20tig_AVDZ// DONE 4.565751485280802 7.573765382331708 11.527201388382554 23.666718255995065 18  0.00345241 0.00343956 0.00343682 0.00448759 0.00450207 0.00448765 0.00450250 -0.00000001 -0.00000000 -0.00103523 -0.00104808 -0.00106568
shell0_X0_Y0_Z0_mono0_fix1/shell1_X-1_Y0_Z-1_mono2_fix1/shell1_X-1_Y0_Z0_mono1_fix1//test20tig_AVDZ// DONE 11.553299729505836 4.565751485280802 7.573765389968425 23.692816604755063 18  0.00056987 0.00057975 0.00058478 0.00088958 0.00088098 0.00088948 0.00088096 -0.00000001 -0.00000000 -0.00031960 -0.00030972 -0.00029618
shell0_X0_Y0_Z0_mono0_fix1/shell1_X0_Y0_Z1_mono3_fix1/shell1_X1_Y0_Z1_mono2_fix1//test20tig_AVDZ// DONE 4.565751473146237 7.664413329244467 11.474829462410431 23.704994264801137 18  -0.00364349 -0.00357294 -0.00350967 -0.00388636 -0.00391980 -0.00388624 -0.00391966 -0.00000001 -0.00000000 0.00024276 0.00031331 0.00041000
shell0_X0_Y0_Z0_mono0_fix1/shell1_X0_Y0_Z1_mono3_fix1/shell1_X0_Y1_Z1_mono1_fix1//test20tig_AVDZ// DONE 4.565751473146237 7.664413328971884 11.50145518534497 23.73161998746309 18  -0.00139403 -0.00136588 -0.00131995 -0.00117402 -0.00116707 -0.00117450 -0.00116716 -0.00000001 -0.00000000 -0.00021952 -0.00019137 -0.00015279
shell0_X0_Y0_Z0_mono0_fix1/shell1_X-1_Y0_Z0_mono2_fix1/shell1_X-1_Y1_Z0_mono3_fix1//test20tig_AVDZ// DONE 7.66441332146008 11.527201388382554 4.565751473146237 23.757366182988868 18  -0.00176920 -0.00174634 -0.00175567 -0.00201182 -0.00205266 -0.00201200 -0.00205266 -0.00000001 -0.00000000 0.00024282 0.00026567 0.00029699
shell0_X0_Y0_Z0_mono0_fix1/shell1_X-1_Y0_Z-1_mono2_fix1/shell1_X0_Y1_Z0_mono3_fix1//test20tig_AVDZ// DONE 11.553299729505836 7.664413314073836 4.5657514973085735 23.783464540888247 18  0.00392992 0.00391757 0.00390474 0.00505217 0.00505540 0.00505148 0.00505557 -0.00000001 -0.00000000 -0.00112155 -0.00113390 -0.00115083
shell0_X0_Y0_Z0_mono0_fix1/shell0_X0_Y0_Z0_mono3_fix1/shell1_X1_Y1_Z0_mono3_fix1//test20tig_AVDZ// DONE 7.57376537453448 7.664413321585641 8.698849166296922 23.937027862417043 18  0.00063477 0.00061218 0.00058608 0.00067736 0.00068286 0.00067779 0.00068265 -0.00000001 -0.00000000 -0.00004301 -0.00006561 -0.00009657
shell0_X0_Y0_Z0_mono0_fix1/shell0_X0_Y0_Z0_mono3_fix1/shell1_X-1_Y-1_Z0_mono0_fix1//test20tig_AVDZ// DONE 7.57376537453448 8.813938135457056 7.664413321585641 24.052116831577177 18  -0.00028917 -0.00031685 -0.00035225 -0.00049301 -0.00048998 -0.00049282 -0.00049030 -0.00000001 0.00000000 0.00020365 0.00017597 0.00013805
shell0_X0_Y0_Z0_mono0_fix1/shell1_X0_Y0_Z-1_mono1_fix1/shell1_X0_Y0_Z-1_mono2_fix1//test20tig_AVDZ// DONE 9.762161009125471 9.763617675955022 4.565751472509687 24.091530157590178 18  -0.00354298 -0.00351748 -0.00349450 -0.00432073 -0.00433283 -0.00432067 -0.00433265 -0.00000001 -0.00000001 0.00077770 0.00080320 0.00083815
shell0_X0_Y0_Z0_mono0_fix1/shell0_X0_Y0_Z0_mono1_fix1/shell1_X1_Y-1_Z1_mono3_fix1//test20tig_AVDZ// DONE 4.565751472509687 9.76361768212603 9.762161015036366 24.091530169672083 18  0.00093595 0.00092451 0.00092909 0.00088672 0.00090673 0.00088643 0.00090669 -0.00000001 -0.00000000 0.00004953 0.00003809 0.00002241
shell0_X0_Y0_Z0_mono0_fix1/shell1_X0_Y-1_Z-1_mono2_fix1/shell1_X0_Y0_Z-1_mono1_fix1//test20tig_AVDZ// DONE 9.763617681924476 9.762161009125471 4.565751485280802 24.09153017633075 18  0.00157211 0.00159872 0.00164446 0.00197435 0.00198316 0.00197375 0.00198302 -0.00000001 -0.00000001 -0.00040162 -0.00037502 -0.00033855
shell0_X0_Y0_Z0_mono0_fix1/shell1_X-1_Y1_Z1_mono3_fix1/shell1_X0_Y0_Z1_mono2_fix1//test20tig_AVDZ// DONE 9.762161015036366 4.565751485280802 9.763617676156574 24.091530176473743 18  0.00117870 0.00115190 0.00110114 0.00106580 0.00105182 0.00106561 0.00105158 -0.00000001 -0.00000000 0.00011310 0.00008630 0.00004957
shell0_X0_Y0_Z0_mono0_fix1/shell1_X0_Y0_Z1_mono3_fix1/shell1_X0_Y1_Z1_mono0_fix1//test20tig_AVDZ// DONE 4.565751473146237 8.69884916629692 11.474829462410431 24.73943010185359 18  0.00119287 0.00116021 0.00109780 0.00095740 0.00093926 0.00095661 0.00093895 -0.00000001 -0.00000000 0.00023626 0.00020361 0.00015885
shell0_X0_Y0_Z0_mono0_fix1/shell1_X0_Y0_Z1_mono3_fix1/shell1_X0_Y-1_Z0_mono3_fix1//test20tig_AVDZ// DONE 4.565751473146237 11.474829462410433 8.69884916629692 24.73943010185359 18  0.00045396 0.00047224 0.00051448 0.00070972 0.00072637 0.00070913 0.00072632 -0.00000001 -0.00000000 -0.00025517 -0.00023689 -0.00021184
shell0_X0_Y0_Z0_mono0_fix1/shell1_X0_Y0_Z1_mono3_fix1/shell1_X-1_Y0_Z0_mono3_fix1//test20tig_AVDZ// DONE 4.565751473146237 11.50145518534497 8.698849166296922 24.766055824788133 18  -0.00004366 -0.00001895 0.00001636 0.00015447 0.00015559 0.00015432 0.00015576 -0.00000001 0.00000000 -0.00019798 -0.00017327 -0.00013940
shell0_X0_Y0_Z0_mono0_fix1/shell0_X0_Y0_Z0_mono1_fix1/shell1_X0_Y1_Z-1_mono1_fix1//test20tig_AVDZ// DONE 4.565751472509687 11.527201393390225 8.69884916629692 24.79180203219683 18  0.00339722 0.00335682 0.00332514 0.00375000 0.00377238 0.00374887 0.00377253 -0.00000001 -0.00000000 -0.00035164 -0.00039204 -0.00044739
shell0_X0_Y0_Z0_mono0_fix1/shell1_X-1_Y0_Z0_mono0_fix1/shell2_X-2_Y0_Z0_mono0_fix1//test20tig_AVDZ// DONE 6.283227169962361 12.297608531859105 6.283227169962361 24.864062871783823 9  0.00144763 0.00145083 0.00148210 0.00197846 0.00200526 0.00197858 0.00200547 -0.00000001 0.00000000 -0.00053094 -0.00052775 -0.00052337
shell0_X0_Y0_Z0_mono0_fix1/shell1_X-1_Y0_Z-1_mono0_fix1/shell1_X-1_Y0_Z0_mono3_fix1//test20tig_AVDZ// DONE 8.813938135457056 11.50145518534497 4.565751473146237 24.88114479394826 18  -0.00005238 -0.00004427 -0.00000616 -0.00000835 0.00001911 -0.00000841 0.00001857 -0.00000001 0.00000000 -0.00004397 -0.00003585 -0.00002473
shell0_X0_Y0_Z0_mono0_fix1/shell0_X0_Y0_Z0_mono1_fix1/shell1_X0_Y-1_Z1_mono0_fix1//test20tig_AVDZ// DONE 4.565751472509687 8.813938135457056 11.527201393390223 24.906891001356968 18  0.00164630 0.00165390 0.00166463 0.00196552 0.00196576 0.00196524 0.00196554 -0.00000001 -0.00000000 -0.00031892 -0.00031132 -0.00030091
shell0_X0_Y0_Z0_mono0_fix1/shell0_X0_Y0_Z0_mono3_fix1/shell1_X-1_Y1_Z0_mono1_fix1//test20tig_AVDZ// DONE 7.57376537453448 7.5737653974569294 9.762161009190821 24.909691781182232 18  0.00042332 0.00043533 0.00044915 0.00053085 0.00052795 0.00053073 0.00052806 -0.00000002 0.00000000 -0.00010739 -0.00009538 -0.00007891
shell0_X0_Y0_Z0_mono0_fix1/shell0_X0_Y0_Z0_mono3_fix1/shell1_X0_Y0_Z-1_mono2_fix1//test20tig_AVDZ// DONE 7.57376537453448 9.763617675955022 7.5737653823317075 24.911148432821207 18  0.00019821 0.00017751 0.00015343 0.00014417 0.00014831 0.00014390 0.00014817 -0.00000002 0.00000000 0.00005434 0.00003363 0.00000525
shell0_X0_Y0_Z0_mono0_fix1/shell0_X0_Y0_Z0_mono1_fix1/shell1_X-1_Y-1_Z0_mono0_fix1//test20tig_AVDZ// DONE 4.565751472509687 8.813938135457056 11.553299729505836 24.932989337472577 18  0.00149070 0.00148096 0.00147694 0.00174359 0.00175202 0.00174320 0.00175254 -0.00000001 -0.00000000 -0.00025249 -0.00026224 -0.00027560
shell0_X0_Y0_Z0_mono0_fix1/shell0_X0_Y0_Z0_mono1_fix1/shell1_X1_Y1_Z0_mono1_fix1//test20tig_AVDZ// DONE 4.565751472509687 11.553299729505836 8.813938135457056 24.932989337472577 18  -0.00246088 -0.00243194 -0.00241071 -0.00285785 -0.00287703 -0.00285866 -0.00287710 -0.00000000 0.00000000 0.00039778 0.00042672 0.00046638
shell0_X0_Y0_Z0_mono0_fix1/shell1_X0_Y1_Z0_mono2_fix1/shell1_X0_Y1_Z0_mono3_fix1//test20tig_AVDZ// DONE 9.762161009125473 7.664413314073836 7.57376537453448 25.000339697733786 18  0.00041154 0.00039874 0.00038251 0.00043023 0.00043141 0.00043026 0.00043156 -0.00000001 0.00000000 -0.00001871 -0.00003151 -0.00004905
shell0_X0_Y0_Z0_mono0_fix1/shell1_X-1_Y0_Z1_mono3_fix1/shell1_X-1_Y0_Z0_mono2_fix1//test20tig_AVDZ// DONE 9.762161009190821 7.66441332146008 7.5737653823317075 25.00033971298261 18  -0.00006601 -0.00007015 -0.00007255 -0.00011341 -0.00010981 -0.00011324 -0.00011000 -0.00000001 0.00000000 0.00004724 0.00004311 0.00003744
shell0_X0_Y0_Z0_mono0_fix1/shell1_X0_Y0_Z-1_mono2_fix1/shell1_X1_Y0_Z0_mono3_fix1//test20tig_AVDZ// DONE 9.763617675955022 7.573765382331708 7.664413321585641 25.00179637987237 18  -0.00009551 -0.00010852 -0.00012797 -0.00018779 -0.00018932 -0.00018774 -0.00018937 -0.00000001 -0.00000000 0.00009224 0.00007923 0.00006141
shell0_X0_Y0_Z0_mono0_fix1/shell1_X-1_Y1_Z1_mono1_fix1/shell1_X0_Y1_Z0_mono3_fix1//test20tig_AVDZ// DONE 7.573765405254159 7.664413314073836 9.763617676156576 25.00179639548457 18  -0.00008321 -0.00010442 -0.00013714 -0.00018451 -0.00018789 -0.00018444 -0.00018810 -0.00000001 -0.00000000 0.00010124 0.00008003 0.00005096
shell0_X0_Y0_Z0_mono0_fix1/shell1_X0_Y0_Z-1_mono1_fix1/shell1_X0_Y1_Z0_mono3_fix1//test20tig_AVDZ// DONE 9.762161009125471 7.664413314073836 7.664413321585641 25.09098764478495 18  -0.00046336 -0.00046901 -0.00047987 -0.00062027 -0.00062338 -0.00062014 -0.00062326 -0.00000001 0.00000000 0.00015679 0.00015114 0.00014339
shell0_X0_Y0_Z0_mono0_fix1/shell1_X0_Y0_Z-1_mono2_fix1/shell1_X0_Y1_Z0_mono1_fix1//test20tig_AVDZ// DONE 9.763617675955022 7.66441332146008 7.664413329244468 25.092444326659567 18  0.00011387 0.00011103 0.00010602 0.00011178 0.00011095 0.00011229 0.00011118 -0.00000001 -0.00000000 0.00000158 -0.00000126 -0.00000515
shell0_X0_Y0_Z0_mono0_fix1/shell0_X0_Y0_Z0_mono3_fix1/shell1_X0_Y1_Z0_mono0_fix1//test20tig_AVDZ// DONE 7.57376537453448 6.283227169962359 11.474829462410431 25.33182200690727 18  -0.00107442 -0.00108933 -0.00112979 -0.00138988 -0.00140981 -0.00139015 -0.00141018 -0.00000001 0.00000000 0.00031574 0.00030082 0.00028039
shell0_X0_Y0_Z0_mono0_fix1/shell0_X0_Y0_Z0_mono3_fix1/shell1_X0_Y-1_Z0_mono3_fix1//test20tig_AVDZ// DONE 7.57376537453448 11.474829462410433 6.283227169962359 25.331822006907274 18  -0.00001097 -0.00002244 -0.00003572 -0.00000699 -0.00000406 -0.00000664 -0.00000422 -0.00000001 0.00000000 -0.00000432 -0.00001578 -0.00003150
shell0_X0_Y0_Z0_mono0_fix1/shell0_X0_Y0_Z0_mono3_fix1/shell1_X-1_Y0_Z0_mono3_fix1//test20tig_AVDZ// DONE 7.57376537453448 11.50145518534497 6.2832271699623625 25.35844772984181 18  0.00040551 0.00040952 0.00042153 0.00053186 0.00053801 0.00053189 0.00053841 -0.00000001 0.00000000 -0.00012637 -0.00012237 -0.00011688
shell0_X0_Y0_Z0_mono0_fix1/shell0_X0_Y0_Z0_mono3_fix1/shell1_X1_Y0_Z0_mono0_fix1//test20tig_AVDZ// DONE 7.57376537453448 6.283227169962361 11.50145518534497 25.35844772984181 18  0.00148941 0.00147517 0.00147445 0.00181828 0.00183723 0.00181851 0.00183729 -0.00000001 -0.00000000 -0.00032909 -0.00034333 -0.00036283
shell0_X0_Y0_Z0_mono0_fix1/shell1_X1_Y0_Z0_mono0_fix1/shell1_X0_Y1_Z0_mono3_fix1//test20tig_AVDZ// DONE 6.283227169962361 7.664413314073836 11.527201388382554 25.47484187241875 18  -0.00045720 -0.00044543 -0.00043801 -0.00054106 -0.00054994 -0.00054127 -0.00054999 -0.00000001 -0.00000001 0.00008408 0.00009586 0.00011199
shell0_X0_Y0_Z0_mono0_fix1/shell1_X-1_Y1_Z0_mono3_fix1/shell1_X0_Y1_Z0_mono3_fix1//test20tig_AVDZ// DONE 11.527201388382554 7.664413314073836 6.2832271699623625 25.474841872418754 18  0.00036575 0.00036184 0.00036525 0.00045883 0.00046810 0.00045903 0.00046778 -0.00000001 0.00000000 -0.00009326 -0.00009717 -0.00010253
shell0_X0_Y0_Z0_mono0_fix1/shell1_X0_Y1_Z0_mono0_fix1/shell2_X0_Y2_Z0_mono3_fix1//test20tig_AVDZ// DONE 6.283227169962359 11.55329973447932 7.664413314073836 25.500940218515513 18  -0.00019582 -0.00020193 -0.00020406 -0.00027074 -0.00026445 -0.00027104 -0.00026480 -0.00000001 -0.00000000 0.00007522 0.00006911 0.00006075
shell0_X0_Y0_Z0_mono0_fix1/shell1_X0_Y1_Z0_mono3_fix1/shell2_X0_Y2_Z0_mono3_fix1//test20tig_AVDZ// DONE 7.664413314073836 11.55329973447932 6.2832271699623625 25.500940218515517 18  -0.00060867 -0.00062003 -0.00064537 -0.00082210 -0.00083255 -0.00082248 -0.00083226 -0.00000001 -0.00000000 0.00021382 0.00020247 0.00018690
shell0_X0_Y0_Z0_mono0_fix1/shell1_X1_Y-1_Z-1_mono0_fix1/shell1_X1_Y0_Z-1_mono0_fix1//test20tig_AVDZ// DONE 10.574170213290166 8.69884916629692 6.283227169962359 25.556246549549446 18  0.00014757 0.00016888 0.00020773 0.00023214 0.00024027 0.00023198 0.00024162 0.00000000 -0.00000000 -0.00008442 -0.00006310 -0.00003389
shell0_X0_Y0_Z0_mono0_fix1/shell1_X-1_Y1_Z-1_mono0_fix1/shell1_X-1_Y1_Z0_mono0_fix1//test20tig_AVDZ// DONE 10.707029454809257 8.69884916629692 6.283227169962361 25.689105791068535 18  0.00059072 0.00060869 0.00064017 0.00076037 0.00076730 0.00076036 0.00076718 -0.00000002 0.00000001 -0.00016962 -0.00015165 -0.00012702
shell0_X0_Y0_Z0_mono0_fix1/shell0_X0_Y0_Z0_mono2_fix1/shell1_X-1_Y0_Z1_mono3_fix1//test20tig_AVDZ// DONE 4.565751472509687 9.762161009190821 11.47482946752842 25.802741949228928 18  -0.00028058 -0.00027909 -0.00028240 -0.00047601 -0.00048144 -0.00047614 -0.00048148 -0.00000000 -0.00000000 0.00019557 0.00019705 0.00019908
shell0_X0_Y0_Z0_mono0_fix1/shell1_X-1_Y0_Z1_mono3_fix1/shell1_X0_Y0_Z1_mono2_fix1//test20tig_AVDZ// DONE 9.762161009190821 4.565751485280802 11.474829462410431 25.802741956882052 18  -0.00015398 -0.00015746 -0.00016965 0.00000120 -0.00000681 0.00000092 -0.00000650 -0.00000001 0.00000000 -0.00015490 -0.00015838 -0.00016315
shell0_X0_Y0_Z0_mono0_fix1/shell1_X-1_Y0_Z-1_mono0_fix1/shell1_X-1_Y1_Z-1_mono0_fix1//test20tig_AVDZ// DONE 8.813938135457056 10.707029454809257 6.283227169962359 25.804194760228672 36  -0.00018198 -0.00017860 -0.00017225 -0.00024849 -0.00024665 -0.00024830 -0.00024660 -0.00000002 0.00000001 0.00006634 0.00006971 0.00007434
shell0_X0_Y0_Z0_mono0_fix1/shell1_X-1_Y0_Z-1_mono1_fix1/shell1_X0_Y0_Z-1_mono1_fix1//test20tig_AVDZ// DONE 9.762161015101716 9.762161009125471 6.283227169962361 25.807549194189548 18  -0.00058217 -0.00054828 -0.00050324 -0.00067038 -0.00067214 -0.00067044 -0.00067185 -0.00000001 0.00000001 0.00008828 0.00012217 0.00016861
shell0_X0_Y0_Z0_mono0_fix1/shell1_X0_Y-1_Z-1_mono2_fix1/shell1_X0_Y0_Z-1_mono2_fix1//test20tig_AVDZ// DONE 9.763617681924476 9.763617675955022 6.283227169962361 25.810462527841857 18  -0.00025255 -0.00026011 -0.00027590 -0.00036765 -0.00037308 -0.00036768 -0.00037311 -0.00000001 0.00000000 0.00011514 0.00010757 0.00009721
shell0_X0_Y0_Z0_mono0_fix1/shell1_X0_Y-1_Z1_mono3_fix1/shell1_X0_Y0_Z1_mono1_fix1//test20tig_AVDZ// DONE 9.763617676156576 4.565751485174007 11.50145518534497 25.830824346675552 18  0.00026252 0.00029202 0.00033109 0.00051589 0.00051415 0.00051551 0.00051415 -0.00000001 -0.00000000 -0.00025297 -0.00022348 -0.00018306
shell0_X0_Y0_Z0_mono0_fix1/shell1_X-1_Y0_Z0_mono3_fix1/shell2_X-2_Y0_Z0_mono1_fix1//test20tig_AVDZ// DONE 11.50145518534497 9.763617693864175 4.565751473146237 25.83082435235538 18  0.00107846 0.00106605 0.00106197 0.00107042 0.00108320 0.00107010 0.00108303 -0.00000000 -0.00000000 0.00000837 -0.00000404 -0.00002105
shell0_X0_Y0_Z0_mono0_fix1/shell0_X0_Y0_Z0_mono2_fix1/shell1_X-1_Y1_Z0_mono3_fix1//test20tig_AVDZ// DONE 4.565751472509687 11.527201388382554 9.763617676156574 25.856570537048814 18  -0.00114485 -0.00112766 -0.00110291 -0.00130813 -0.00130718 -0.00130834 -0.00130716 -0.00000001 -0.00000000 0.00016350 0.00018070 0.00020426
shell0_X0_Y0_Z0_mono0_fix1/shell1_X0_Y0_Z1_mono2_fix1/shell1_X1_Y0_Z0_mono1_fix1//test20tig_AVDZ// DONE 4.565751485280802 9.763617675955024 11.527201393390223 25.856570554626046 18  0.00008618 0.00007235 0.00005270 0.00006492 0.00006436 0.00006489 0.00006419 -0.00000001 -0.00000000 0.00002130 0.00000747 -0.00001148
shell0_X0_Y0_Z0_mono0_fix1/shell1_X0_Y0_Z-1_mono1_fix1/shell1_X0_Y0_Z1_mono3_fix1//test20tig_AVDZ// DONE 9.762161009125471 4.565751473146237 11.55329973447932 25.881212216751027 18  -0.00106090 -0.00104388 -0.00103004 -0.00126711 -0.00127693 -0.00126746 -0.00127696 -0.00000001 -0.00000000 0.00020657 0.00022359 0.00024692
shell0_X0_Y0_Z0_mono0_fix1/shell0_X0_Y0_Z0_mono1_fix1/shell1_X0_Y1_Z1_mono2_fix1//test20tig_AVDZ// DONE 4.565751472509687 9.762161015101716 11.553299729505836 25.881212217117238 18  -0.00088272 -0.00087417 -0.00086397 -0.00114278 -0.00114432 -0.00114281 -0.00114433 -0.00000001 -0.00000000 0.00026010 0.00026865 0.00028037
shell0_X0_Y0_Z0_mono0_fix1/shell0_X0_Y0_Z0_mono3_fix1/shell1_X1_Y0_Z-1_mono0_fix1//test20tig_AVDZ// DONE 7.57376537453448 8.69884916629692 9.762161009190821 26.034775550022218 18  -0.00005227 -0.00006638 -0.00009163 -0.00013984 -0.00014549 -0.00013989 -0.00014580 -0.00000001 0.00000000 0.00008763 0.00007351 0.00005417
shell0_X0_Y0_Z0_mono0_fix1/shell1_X1_Y0_Z-1_mono0_fix1/shell1_X0_Y1_Z0_mono3_fix1//test20tig_AVDZ// DONE 8.69884916629692 7.664413314073836 9.762161015036366 26.125423495407123 18  0.00009721 0.00010770 0.00012578 0.00013663 0.00014037 0.00013673 0.00014042 -0.00000000 -0.00000000 -0.00003952 -0.00002902 -0.00001464
shell0_X0_Y0_Z0_mono0_fix1/shell1_X0_Y0_Z-1_mono2_fix1/shell1_X-1_Y0_Z0_mono2_fix1//test20tig_AVDZ// DONE 9.763617675955022 7.66441332146008 8.69884916629692 26.12688016371202 18  0.00050427 0.00051800 0.00053389 0.00065050 0.00064781 0.00065035 0.00064743 -0.00000000 -0.00000000 -0.00014608 -0.00013235 -0.00011354
shell0_X0_Y0_Z0_mono0_fix1/shell1_X-1_Y0_Z1_mono0_fix1/shell1_X-1_Y0_Z0_mono2_fix1//test20tig_AVDZ// DONE 8.69884916629692 7.66441332146008 9.763617675955022 26.12688016371202 18  0.00022317 0.00018917 0.00014297 0.00015362 0.00015402 0.00015363 0.00015402 -0.00000000 -0.00000000 0.00006954 0.00003554 -0.00001105
shell0_X0_Y0_Z0_mono0_fix1/shell0_X0_Y0_Z0_mono3_fix1/shell1_X-1_Y0_Z1_mono3_fix1//test20tig_AVDZ// DONE 7.57376537453448 9.762161009190821 8.813938135457056 26.14986451918236 18  0.00016876 0.00015801 0.00014518 0.00015690 0.00015854 0.00015687 0.00015875 -0.00000001 0.00000000 0.00001189 0.00000115 -0.00001357
shell0_X0_Y0_Z0_mono0_fix1/shell0_X0_Y0_Z0_mono3_fix1/shell1_X0_Y1_Z-1_mono0_fix1//test20tig_AVDZ// DONE 7.57376537453448 8.813938135457056 9.763617676156574 26.15132118614811 18  0.00027437 0.00024677 0.00020868 0.00024675 0.00024642 0.00024675 0.00024648 -0.00000001 0.00000000 0.00002763 0.00000003 -0.00003780
shell0_X0_Y0_Z0_mono0_fix1/shell0_X0_Y0_Z0_mono3_fix1/shell1_X0_Y-1_Z1_mono3_fix1//test20tig_AVDZ// DONE 7.57376537453448 9.763617676156576 8.813938135457056 26.15132118614811 18  0.00029130 0.00028039 0.00026463 0.00030620 0.00030537 0.00030588 0.00030506 -0.00000001 0.00000000 -0.00001457 -0.00002548 -0.00004043
shell0_X0_Y0_Z0_mono0_fix1/shell1_X-1_Y0_Z-1_mono0_fix1/shell1_X-1_Y1_Z0_mono0_fix1//test20tig_AVDZ// DONE 8.813938135457056 8.69884916629692 8.69884916629692 26.211636468050894 18  0.00051957 0.00050447 0.00048028 0.00057645 0.00057383 0.00057655 0.00057304 -0.00000001 -0.00000000 -0.00005697 -0.00007207 -0.00009276
shell0_X0_Y0_Z0_mono0_fix1/shell1_X-1_Y1_Z1_mono3_fix1/shell1_X0_Y1_Z0_mono3_fix1//test20tig_AVDZ// DONE 9.762161015036366 7.664413314073836 8.813938135457056 26.24051246456726 18  -0.00017005 -0.00016867 -0.00016628 -0.00022776 -0.00022762 -0.00022786 -0.00022735 -0.00000001 -0.00000000 0.00005781 0.00005919 0.00006107
shell0_X0_Y0_Z0_mono0_fix1/shell0_X0_Y0_Z0_mono1_fix1/shell1_X-1_Y0_Z1_mono0_fix1//test20tig_AVDZ// DONE 4.565751472509687 8.69884916629692 13.032796468426522 26.29739710723313 18  -0.00272403 -0.00273800 -0.00277116 -0.00333368 -0.00334781 -0.00333376 -0.00334777 0.00000000 -0.00000000 0.00060973 0.00059576 0.00057661
shell0_X0_Y0_Z0_mono0_fix1/shell0_X0_Y0_Z0_mono1_fix1/shell1_X1_Y0_Z-1_mono1_fix1//test20tig_AVDZ// DONE 4.565751472509687 13.032796468426522 8.813938135457056 26.412486076393265 18  -0.00174477 -0.00171228 -0.00166768 -0.00180721 -0.00180696 -0.00180707 -0.00180700 -0.00000000 -0.00000000 0.00006231 0.00009480 0.00013932
shell0_X0_Y0_Z0_mono0_fix1/shell1_X-1_Y0_Z-1_mono0_fix1/shell1_X0_Y1_Z-1_mono0_fix1//test20tig_AVDZ// DONE 8.813938135457056 8.813938135457056 8.813938135457056 26.441814406371165 6  -0.00017064 -0.00017675 -0.00018510 -0.00025759 -0.00025760 -0.00025732 -0.00025731 -0.00000000 -0.00000000 0.00008668 0.00008058 0.00007221
shell0_X0_Y0_Z0_mono0_fix1/shell1_X1_Y-1_Z-1_mono0_fix1/shell1_X1_Y-1_Z0_mono3_fix1//test20tig_AVDZ// DONE 10.574170213290166 11.474829467528421 4.565751473146237 26.614751153964825 18  -0.00009041 -0.00010376 -0.00012383 -0.00018707 -0.00018928 -0.00018685 -0.00018863 -0.00000000 -0.00000000 0.00009645 0.00008310 0.00006480
shell0_X0_Y0_Z0_mono0_fix1/shell0_X0_Y0_Z0_mono3_fix1/shell1_X1_Y0_Z0_mono2_fix1//test20tig_AVDZ// DONE 7.57376537453448 7.573765389968425 11.474829462410431 26.622360226913337 18  0.00013093 0.00012955 0.00012232 0.00010442 0.00009901 0.00010408 0.00009872 -0.00000002 0.00000000 0.00002686 0.00002549 0.00002360
shell0_X0_Y0_Z0_mono0_fix1/shell1_X0_Y0_Z-1_mono1_fix1/shell2_X0_Y0_Z-2_mono0_fix1//test20tig_AVDZ// DONE 9.762161009125471 12.297608531859106 4.565751485174008 26.625521026158584 18  -0.00120360 -0.00118349 -0.00115458 -0.00149869 -0.00149785 -0.00149923 -0.00149788 -0.00000001 -0.00000000 0.00029564 0.00031575 0.00034330
shell0_X0_Y0_Z0_mono0_fix1/shell1_X0_Y1_Z0_mono2_fix1/shell2_X0_Y2_Z0_mono0_fix1//test20tig_AVDZ// DONE 9.762161009125473 12.297608531859105 4.565751485174007 26.625521026158584 18  -0.00049828 -0.00047636 -0.00043535 -0.00047731 -0.00046659 -0.00047759 -0.00046663 -0.00000001 -0.00000000 -0.00002069 0.00000124 0.00003129
shell0_X0_Y0_Z0_mono0_fix1/shell1_X0_Y1_Z1_mono3_fix1/shell2_X0_Y2_Z0_mono0_fix1//test20tig_AVDZ// DONE 4.565751484644253 12.297608531859105 9.763617676156574 26.62697769265993 18  -0.00052609 -0.00051477 -0.00050130 -0.00047826 -0.00048051 -0.00047840 -0.00048044 -0.00000001 -0.00000000 -0.00004768 -0.00003636 -0.00002085
shell0_X0_Y0_Z0_mono0_fix1/shell1_X0_Y-1_Z1_mono3_fix1/shell1_X0_Y1_Z1_mono3_fix1//test20tig_AVDZ// DONE 9.763617676156576 4.565751484644253 12.297608531859106 26.626977692659935 18  -0.00174530 -0.00174486 -0.00175623 -0.00213201 -0.00214493 -0.00213268 -0.00214466 -0.00000000 -0.00000000 0.00038738 0.00038782 0.00038843
shell0_X0_Y0_Z0_mono0_fix1/shell1_X0_Y1_Z1_mono3_fix1/shell1_X-1_Y0_Z0_mono3_fix1//test20tig_AVDZ// DONE 4.565751484644253 11.50145518534497 10.574170213290166 26.64137688327939 18  0.00333651 0.00330210 0.00327321 0.00390114 0.00392031 0.00390239 0.00392066 -0.00000001 0.00000000 -0.00056587 -0.00060029 -0.00064745
shell0_X0_Y0_Z0_mono0_fix1/shell0_X0_Y0_Z0_mono3_fix1/shell1_X-1_Y0_Z1_mono2_fix1//test20tig_AVDZ// DONE 7.57376537453448 7.57376539745693 11.527201388382554 26.674732160373964 18  -0.00060873 -0.00060064 -0.00059012 -0.00073596 -0.00073658 -0.00073594 -0.00073654 -0.00000002 0.00000000 0.00012722 0.00013532 0.00014642
shell0_X0_Y0_Z0_mono0_fix1/shell0_X0_Y0_Z0_mono3_fix1/shell1_X0_Y1_Z0_mono1_fix1//test20tig_AVDZ// DONE 7.57376537453448 7.66441332146008 11.50145518534497 26.73963388133953 18  0.00052521 0.00050054 0.00046943 0.00055519 0.00055800 0.00055524 0.00055794 -0.00000001 0.00000000 -0.00003002 -0.00005469 -0.00008850
shell0_X0_Y0_Z0_mono0_fix1/shell0_X0_Y0_Z0_mono3_fix1/shell1_X0_Y-1_Z-1_mono1_fix1//test20tig_AVDZ// DONE 7.57376537453448 11.501455195465962 7.664413321585642 26.73963389158608 18  0.00040996 0.00038048 0.00033912 0.00041597 0.00041472 0.00041560 0.00041465 -0.00000001 0.00000000 -0.00000564 -0.00003512 -0.00007553
shell0_X0_Y0_Z0_mono0_fix1/shell1_X0_Y0_Z1_mono3_fix1/shell1_X1_Y-1_Z0_mono3_fix1//test20tig_AVDZ// DONE 4.565751473146237 11.474829467528421 10.707029454809259 26.747610395483918 18  0.00126678 0.00124390 0.00121186 0.00143258 0.00143166 0.00143249 0.00143178 -0.00000001 0.00000000 -0.00016570 -0.00018858 -0.00021992
shell0_X0_Y0_Z0_mono0_fix1/shell1_X-1_Y-1_Z-1_mono0_fix1/shell1_X-1_Y0_Z0_mono3_fix1//test20tig_AVDZ// DONE 10.707029454809259 11.50145518534497 4.565751484644253 26.77423612479848 18  0.00011142 0.00010994 0.00010895 -0.00001855 -0.00001763 -0.00001897 -0.00001794 -0.00000001 -0.00000000 0.00013040 0.00012892 0.00012689
shell0_X0_Y0_Z0_mono0_fix1/shell0_X0_Y0_Z0_mono3_fix1/shell1_X-1_Y0_Z-1_mono2_fix1//test20tig_AVDZ// DONE 7.57376537453448 11.553299729505836 7.664413321585641 26.791478425625957 18  0.00017012 0.00015361 0.00013078 0.00015473 0.00015454 0.00015453 0.00015432 -0.00000001 0.00000000 0.00001560 -0.00000092 -0.00002355
shell0_X0_Y0_Z0_mono0_fix1/shell1_X-1_Y0_Z0_mono2_fix1/shell1_X1_Y0_Z0_mono3_fix1//test20tig_AVDZ// DONE 7.66441332146008 7.573765382331708 11.55329973447932 26.791478438271106 18  -0.00006618 -0.00008203 -0.00010200 -0.00012418 -0.00012252 -0.00012442 -0.00012269 -0.00000001 0.00000000 0.00005825 0.00004240 0.00002069
shell0_X0_Y0_Z0_mono0_fix1/shell1_X-1_Y1_Z-1_mono0_fix1/shell1_X-1_Y1_Z0_mono3_fix1//test20tig_AVDZ// DONE 10.707029454809257 11.527201388382554 4.565751473146237 26.799982316338046 18  -0.00054697 -0.00052529 -0.00049675 -0.00065673 -0.00065780 -0.00065658 -0.00065774 -0.00000001 -0.00000000 0.00010962 0.00013130 0.00016099
shell0_X0_Y0_Z0_mono0_fix1/shell1_X0_Y0_Z1_mono3_fix1/shell1_X-1_Y1_Z0_mono3_fix1//test20tig_AVDZ// DONE 4.565751473146237 11.527201388382554 10.707029454809257 26.799982316338053 18  0.00091007 0.00091957 0.00093545 0.00107322 0.00107573 0.00107293 0.00107579 -0.00000001 0.00000000 -0.00016285 -0.00015336 -0.00014034
shell0_X0_Y0_Z0_mono0_fix1/shell1_X0_Y1_Z1_mono1_fix1/shell1_X0_Y1_Z0_mono3_fix1//test20tig_AVDZ// DONE 7.664413328971884 7.664413314073836 11.474829462410433 26.803656105456152 18  0.00037938 0.00035688 0.00032592 0.00040682 0.00040709 0.00040687 0.00040675 -0.00000001 -0.00000001 -0.00002748 -0.00004998 -0.00008082
shell0_X0_Y0_Z0_mono0_fix1/shell0_X0_Y0_Z0_mono1_fix1/shell1_X-1_Y-1_Z-1_mono0_fix1//test20tig_AVDZ// DONE 4.565751472509687 10.707029454809259 11.553299734517752 26.8260806618367 18  -0.00023420 -0.00022586 -0.00020945 -0.00042041 -0.00041557 -0.00042072 -0.00041575 -0.00000001 -0.00000000 0.00018652 0.00019487 0.00020630
shell0_X0_Y0_Z0_mono0_fix1/shell0_X0_Y0_Z0_mono1_fix1/shell1_X1_Y1_Z1_mono1_fix1//test20tig_AVDZ// DONE 4.565751472509687 11.553299734517752 10.707029454809259 26.8260806618367 18  0.00005739 0.00006695 0.00007917 0.00005922 0.00005776 0.00005886 0.00005797 -0.00000001 -0.00000000 -0.00000147 0.00000810 0.00002120
shell0_X0_Y0_Z0_mono0_fix1/shell1_X0_Y1_Z-1_mono1_fix1/shell1_X0_Y1_Z0_mono3_fix1//test20tig_AVDZ// DONE 11.527201393390225 7.664413314073836 7.664413314073836 26.8560280215379 18  0.00008017 0.00006995 0.00005459 0.00006277 0.00006113 0.00006274 0.00006137 -0.00000001 -0.00000001 0.00001744 0.00000722 -0.00000677
shell0_X0_Y0_Z0_mono0_fix1/shell0_X0_Y0_Z0_mono3_fix1/shell1_X0_Y0_Z-1_mono3_fix1//test20tig_AVDZ// DONE 7.57376537453448 13.014818882472335 6.28322716996236 26.871811426969174 18  -0.00006722 -0.00005554 -0.00004145 0.00001216 0.00001039 0.00001214 0.00001021 -0.00000001 -0.00000000 -0.00007935 -0.00006767 -0.00005166
shell0_X0_Y0_Z0_mono0_fix1/shell0_X0_Y0_Z0_mono3_fix1/shell1_X0_Y0_Z1_mono0_fix1//test20tig_AVDZ// DONE 7.57376537453448 6.283227169962361 13.014818882472333 26.871811426969174 18  -0.00057987 -0.00056758 -0.00054114 -0.00070350 -0.00069395 -0.00070373 -0.00069414 -0.00000001 0.00000000 0.00012387 0.00013616 0.00015300
shell0_X0_Y0_Z0_mono0_fix1/shell1_X0_Y0_Z1_mono0_fix1/shell1_X0_Y1_Z0_mono3_fix1//test20tig_AVDZ// DONE 6.283227169962361 7.664413314073836 13.050823247654241 26.998463731690435 18  0.00007934 0.00009148 0.00010547 0.00016379 0.00016118 0.00016381 0.00016117 -0.00000001 -0.00000001 -0.00008446 -0.00007233 -0.00005569
shell0_X0_Y0_Z0_mono0_fix1/shell1_X0_Y1_Z-1_mono3_fix1/shell1_X0_Y1_Z0_mono3_fix1//test20tig_AVDZ// DONE 13.050823247654241 7.664413314073836 6.2832271699623625 26.99846373169044 18  0.00011712 0.00013233 0.00015280 0.00023257 0.00023163 0.00023225 0.00023189 -0.00000001 -0.00000000 -0.00011512 -0.00009992 -0.00007908
shell0_X0_Y0_Z0_mono0_fix1/shell1_X0_Y0_Z-1_mono1_fix1/shell1_X1_Y0_Z-1_mono3_fix1//test20tig_AVDZ// DONE 9.762161009125471 13.01481888696465 4.565751473146237 27.342731369236354 18  -0.00032867 -0.00030068 -0.00026009 -0.00036431 -0.00036194 -0.00036438 -0.00036216 -0.00000001 -0.00000000 0.00003572 0.00006371 0.00010207
shell0_X0_Y0_Z0_mono0_fix1/shell1_X-1_Y0_Z-1_mono1_fix1/shell1_X0_Y0_Z-1_mono3_fix1//test20tig_AVDZ// DONE 9.762161015101716 13.014818882472335 4.565751473146237 27.342731370720287 18  -0.00146452 -0.00144455 -0.00142502 -0.00155969 -0.00156762 -0.00155986 -0.00156769 -0.00000001 -0.00000001 0.00009535 0.00011531 0.00014267
shell0_X0_Y0_Z0_mono0_fix1/shell0_X0_Y0_Z0_mono1_fix1/shell1_X1_Y0_Z-1_mono3_fix1//test20tig_AVDZ// DONE 4.565751472509687 13.01481888696465 9.763617676156576 27.344188035630914 18  0.00160132 0.00157387 0.00154333 0.00167981 0.00168650 0.00167913 0.00168622 -0.00000001 -0.00000001 -0.00007780 -0.00010525 -0.00014288
shell0_X0_Y0_Z0_mono0_fix1/shell1_X0_Y0_Z-1_mono3_fix1/shell1_X-1_Y0_Z0_mono1_fix1//test20tig_AVDZ// DONE 13.014818882472335 4.565751485280802 9.763617676156576 27.34418804390971 18  -0.00011447 -0.00011153 -0.00009831 -0.00007605 -0.00006683 -0.00007633 -0.00006716 -0.00000001 -0.00000001 -0.00003813 -0.00003518 -0.00003115
shell0_X0_Y0_Z0_mono0_fix1/shell0_X0_Y0_Z0_mono1_fix1/shell1_X-1_Y0_Z1_mono3_fix1//test20tig_AVDZ// DONE 4.565751472509687 9.762161009190821 13.050823247654241 27.37873572935475 18  -0.00184933 -0.00183507 -0.00181648 -0.00234138 -0.00234271 -0.00234162 -0.00234257 -0.00000000 -0.00000001 0.00049230 0.00050656 0.00052610
shell0_X0_Y0_Z0_mono0_fix1/shell0_X0_Y0_Z0_mono1_fix1/shell1_X-1_Y1_Z1_mono3_fix1//test20tig_AVDZ// DONE 4.565751472509687 9.762161015036366 13.050823252108795 27.37873573965485 18  0.00045107 0.00046012 0.00047250 0.00057038 0.00057054 0.00057045 0.00057043 -0.00000000 -0.00000000 -0.00011937 -0.00011033 -0.00009792
shell0_X0_Y0_Z0_mono0_fix1/shell1_X0_Y0_Z-1_mono2_fix1/shell1_X0_Y1_Z-1_mono3_fix1//test20tig_AVDZ// DONE 9.763617675955022 13.050823247654241 4.565751473146237 27.380192396755497 18  -0.00053315 -0.00050759 -0.00046695 -0.00053863 -0.00053274 -0.00053854 -0.00053293 -0.00000001 -0.00000001 0.00000541 0.00003096 0.00006598
shell0_X0_Y0_Z0_mono0_fix1/shell1_X0_Y0_Z-1_mono2_fix1/shell1_X1_Y1_Z-1_mono3_fix1//test20tig_AVDZ// DONE 9.763617675955022 13.050823252108799 4.565751484644253 27.380192412708073 18  0.00174085 0.00174740 0.00175703 0.00221045 0.00221115 0.00221046 0.00221111 -0.00000001 -0.00000001 -0.00046960 -0.00046305 -0.00045408
