10.335202333258081 -0.03560624 -0.02435376 -0.03088528 0.00083188 -0.00555288 -0.0046204 -0.00515952
10.43816662971961 -0.00329256 0.017403440000000003 0.023644439999999996 7.868000000000003e-05 -0.02701572 -0.02660464 -0.02684232
10.880867938006704 -0.02038048 0.0065373600000000025 0.009430839999999996 0.00040816 -0.03021956 -0.02944248 -0.02989176
10.880867940461021 -0.037492399999999995 -0.0043287599999999975 -0.0047971600000000034 0.00075304 -0.033448359999999996 -0.03226164 -0.03294776
10.938276656130684 -0.07930968 -0.0406632 -0.052356440000000004 0.00173724 -0.028690559999999997 -0.02661604 -0.0278154
10.981348313483988 -0.0589542 -0.013428399999999997 -0.01700936 0.00137368 -0.04331864 -0.04153684 -0.04256696
11.143713760649018 -0.06924762 -0.014074359999999996 -0.017583380000000003 0.0013252 -0.05298956 -0.05111308 -0.05219792
11.143714291345113 -0.07609114 -0.014504919999999996 -0.0179131 0.00123552 -0.05941364 -0.057463 -0.05859072
11.29705896538643 -0.0642063 0.00027204000000000464 0.0014367399999999989 0.00087176 -0.06651488 -0.06485636 -0.0658152
11.315755743122565 -0.039499339999999994 0.030142320000000004 0.03999556 0.00019408 -0.07968906 -0.07870962000000001 -0.07927586
11.315756254589916 -0.014776019999999994 0.060012640000000006 0.07859668 -0.00052784 -0.09284494 -0.09254470000000001 -0.09271828
11.348866390169837 -0.013628179999999993 0.06692192000000001 0.08753648 -0.00061312 -0.10055158 -0.10029506 -0.1004434
11.348866569053104 -0.012439219999999994 0.07383112000000001 0.0965282 -0.00075612 -0.10821138 -0.10804262 -0.1081402
11.435515355585895 -0.006416859999999994 0.08491804000000001 0.11075576 -0.00086312 -0.11630962 -0.1161549 -0.11624436
11.502609029793192 -0.0351209 0.06079316000000001 0.07909356 5.060000000000004e-05 -0.11426522 -0.11329470000000001 -0.11385580000000001
11.502609040752764 -0.06366097999999999 0.03666836000000001 0.04768707999999999 0.00070564 -0.11205386 -0.11045886 -0.11138100000000001
12.087810429752329 -0.06380261999999999 0.03969228000000001 0.05171911999999999 0.00051612 -0.11603802 -0.11451934000000001 -0.11539736
12.08781055914772 -0.06398237999999999 0.04271620000000001 0.05567679999999999 0.0004098 -0.12006918000000001 -0.11861442000000001 -0.11945548
12.101112883300878 -0.07600211999999999 0.03232172000000001 0.04229955999999999 0.0006474 -0.11894926000000001 -0.11728772000000001 -0.11824832
12.402534423033304 -0.09721455999999999 0.013550000000000013 0.017694759999999993 0.0012046399999999999 -0.11611414000000002 -0.11393692000000001 -0.11519564
12.473424418076702 -0.10918676 0.0027385000000000135 0.003572999999999993 0.0015227399999999999 -0.11428268000000003 -0.11183406000000001 -0.11324968
12.606380859935932 -0.10391924 0.011037700000000013 0.014311759999999993 0.0014193399999999998 -0.11965056000000003 -0.11731162000000002 -0.1186638
12.786647189942059 -0.10756508 0.009803540000000013 0.012445919999999992 0.0016283799999999998 -0.12163960000000003 -0.11909366000000002 -0.12056552
12.802997308621594 -0.08517836 0.039328500000000016 0.05058727999999999 0.0011146999999999997 -0.13688064000000003 -0.13477854 -0.13599384
12.874556923372797 -0.08439735999999999 0.042406300000000015 0.054503359999999994 0.0010672599999999998 -0.13996828000000003 -0.13794986 -0.13911676
13.025923661503402 -0.09575215999999999 0.03192472000000002 0.04083733999999999 0.0013926799999999999 -0.13798248000000002 -0.13569346000000002 -0.1370168
13.025924043445965 -0.10707291999999999 0.02144318000000002 0.027210799999999993 0.00167422 -0.13595824 -0.1334374 -0.13489476
13.10633555150687 -0.12190695999999998 0.00876670000000002 0.010688999999999994 0.00218742 -0.13478368000000002 -0.13180216 -0.13352584
13.157734328093264 -0.12919015999999997 0.00337082000000002 0.003477319999999994 0.0024324999999999998 -0.13510028000000002 -0.13184804 -0.13372824
13.337117473407154 -0.14633959999999996 -0.012208299999999981 -0.016789280000000004 0.0028883 -0.13243896000000002 -0.12875312 -0.130884
13.552598434872442 -0.13424263999999997 0.0016562800000000186 0.0011393799999999954 0.0025421 -0.13792446000000003 -0.13460856 -0.13652558
13.646308257990645 -0.13629775999999996 0.0003565200000000186 -0.0006473800000000047 0.00263388 -0.13828460000000004 -0.13494392 -0.13687526
13.671502611093384 -0.14986807999999996 -0.011840599999999982 -0.016737860000000007 0.0031363199999999997 -0.13626692000000004 -0.13246808 -0.1346643
13.80233956865704 -0.14726013999999996 -0.008045579999999983 -0.011820840000000006 0.00308934 -0.13852904000000005 -0.13481189999999998 -0.13696087999999998
13.829778383252604 -0.15766885999999997 -0.016930819999999985 -0.023369680000000004 0.00341414 -0.13771372000000004 -0.1337253 -0.13603111999999998
13.890393181345283 -0.15575709999999995 -0.014211919999999986 -0.019910180000000003 0.00341896 -0.13926628000000005 -0.13531179999999998 -0.13759799999999997
13.895101234544656 -0.15138241999999996 -0.008076919999999986 -0.012198860000000002 0.00355364 -0.14273760000000005 -0.13868107999999998 -0.14102627999999998
13.963545989872898 -0.15779013999999997 -0.013145959999999986 -0.018883100000000003 0.0037800399999999997 -0.14268748000000006 -0.13839548 -0.14087683999999998
13.96354599546014 -0.16434233999999998 -0.018214959999999985 -0.025761380000000004 0.00421576 -0.14279712000000006 -0.13810519999999998 -0.14081776
14.178687623765597 -0.17644369999999998 -0.029099639999999986 -0.04018858 0.00480348 -0.14105900000000005 -0.13584227999999998 -0.13885824
14.17868797046343 -0.18852621999999997 -0.03998427999999998 -0.05460142 0.005375 -0.13930020000000004 -0.13358447999999998 -0.13688892
14.183717670998139 -0.20045101999999998 -0.05086023999999999 -0.06889642 0.0057868 -0.13734176000000003 -0.13126991999999998 -0.13478024
14.223823841652155 -0.19266982 -0.04156871999999999 -0.05685058 0.0056405199999999996 -0.14146016000000003 -0.13556368 -0.1389726
14.374564111390235 -0.18734566 -0.03472239999999999 -0.04824498 0.005798719999999999 -0.14489984000000003 -0.13895612 -0.14239236
14.39428655518506 -0.18570966 -0.03177155999999998 -0.04463934 0.0059865199999999995 -0.14705724000000003 -0.14097939999999998 -0.14449316
14.671031462004764 -0.18265074 -0.02711111999999998 -0.03860114 0.0059358 -0.14998576000000002 -0.14396415999999998 -0.1474454
14.744658095256597 -0.18422738 -0.02774811999999998 -0.03948114 0.00596336 -0.15070996000000003 -0.14466023999999997 -0.14815776
14.76848157692598 -0.18845594 -0.03039009999999998 -0.04321722 0.00635306 -0.15159214000000004 -0.14527607999999997 -0.14892762
14.768481973139131 -0.19117025999999998 -0.03215141999999998 -0.04558402 0.0064766599999999995 -0.15206326000000003 -0.14569395999999998 -0.14937630000000002
14.899459727195824 -0.19464753999999998 -0.03449501999999998 -0.04862238 0.00659334 -0.15261886000000002 -0.14613871999999997 -0.14988514000000003
14.918720329276296 -0.1953265 -0.03256821999999998 -0.04702758 0.00756574 -0.15586510000000003 -0.14857591999999997 -0.15279010000000004
14.969384953362283 -0.19215658 -0.02835173999999998 -0.04161442 0.00753354 -0.15807610000000002 -0.15081255999999998 -0.15501194000000004
15.05450239347556 -0.19245418 -0.02675797999999998 -0.03942082 0.00738466 -0.16041842000000003 -0.15330248 -0.15741658000000006
15.313959836611756 -0.2008597 -0.03462797999999998 -0.049577340000000004 0.0075130200000000005 -0.15879582000000003 -0.15155256 -0.15574026000000005
15.346127142249065 -0.20221686 -0.03520993999999998 -0.05044718 0.00762042 -0.15939054000000002 -0.15209944 -0.15631478000000004
15.358616430737499 -0.2093623 -0.041651939999999985 -0.0587589 0.00776126 -0.15836510000000004 -0.15082696 -0.15518514000000005
15.416040837002813 -0.20202022 -0.032978979999999984 -0.04762894 0.00767966 -0.16207138000000004 -0.15468468000000002 -0.15895530000000005
15.52104095381023 -0.20982574 -0.03997213999999998 -0.05702634 0.0082157 -0.16101554000000004 -0.15319892000000002 -0.15771810000000006
15.521040961734485 -0.21759786 -0.04696525999999998 -0.06638694 0.0087105 -0.15992190000000003 -0.1517136 -0.15645922000000007
15.594891765901655 -0.21846418 -0.04707329999999998 -0.06668318000000001 0.00887586 -0.16065738000000004 -0.15233524 -0.15714666000000008
15.594891766647445 -0.21928142 -0.047181339999999974 -0.06694470000000001 0.0090023 -0.16133954000000003 -0.1529818 -0.15781382000000008
15.600046549305787 -0.21091866 -0.03739061999999997 -0.05432118000000001 0.00883718 -0.16543514000000004 -0.15723316 -0.16197514000000007
15.640479967180905 -0.21327014 -0.03905561999999997 -0.05660242000000001 0.008973740000000001 -0.16564190000000004 -0.15730856000000001 -0.16212650000000006
15.65544690927168 -0.2088461 -0.033744899999999974 -0.04975426000000001 0.008922900000000001 -0.16801518000000004 -0.15971612000000002 -0.16451426000000005
15.691711606545473 -0.20422634 -0.028093779999999974 -0.04263550000000001 0.009054260000000001 -0.17064558000000005 -0.16221324 -0.16708842000000004
15.805379319242803 -0.19738586 -0.020212459999999974 -0.032413620000000004 0.008876620000000002 -0.17384934000000005 -0.16557312000000002 -0.17035802000000005
15.844210341676147 -0.19224178 -0.014157819999999974 -0.024597900000000006 0.008775620000000001 -0.17641998000000006 -0.16841428000000003 -0.17304278000000006
16.40087880364629 -0.18590058 -0.0063497399999999735 -0.014521340000000006 0.008654180000000001 -0.18003390000000005 -0.17236732000000002 -0.17679974000000007
16.48474375767134 -0.19084006 -0.010956979999999974 -0.020480740000000004 0.00872294 -0.17908270000000004 -0.17131852000000003 -0.17580738000000007
16.53156759294371 -0.18586854 -0.004869979999999973 -0.012819540000000004 0.00883606 -0.18188546000000003 -0.17400704000000003 -0.17856194000000006
16.596238693239627 -0.18888378 -0.007455659999999973 -0.016292460000000005 0.00899982 -0.18159150000000002 -0.17363604000000002 -0.17823546000000007
16.694936272907615 -0.19105666 -0.009027019999999972 -0.018642020000000006 0.00935174 -0.18176674 -0.17355900000000002 -0.17830426000000008
16.751154803059773 -0.1940085 -0.011698219999999973 -0.022026260000000006 0.009305740000000002 -0.1812883 -0.17310384 -0.17783566000000006
16.8018025771141 -0.1888413 -0.004775659999999972 -0.013704900000000006 0.009888460000000002 -0.18502518 -0.17639656 -0.18138518000000006
16.828780524481576 -0.1870819 -0.0027081999999999723 -0.011053160000000006 0.009883820000000001 -0.18591288 -0.17729542 -0.18227758000000005
16.843159077107686 -0.18653194 -0.0015496399999999722 -0.009803240000000006 0.010135020000000002 -0.186864 -0.17816006 -0.18319222000000004
16.91178769746597 -0.18664394 -0.00041563999999997213 -0.008679960000000007 0.010491420000000001 -0.1884556 -0.17953286000000002 -0.18469150000000004
17.169741327864955 -0.1896853 -0.002804199999999972 -0.012226040000000007 0.011039940000000002 -0.1884994 -0.17912582000000002 -0.18454510000000005
17.16974160912643 -0.1927073 -0.005192759999999972 -0.01575208000000001 0.011566020000000002 -0.18852144 -0.17872094000000002 -0.18438702000000004
17.276982883034584 -0.19736778 -0.009476759999999971 -0.021489720000000007 0.011856700000000001 -0.18773496 -0.17770242000000003 -0.18350266000000004
17.2859948088835 -0.19299998 -0.0045904799999999715 -0.015240400000000008 0.011815480000000001 -0.18957528 -0.17959238000000002 -0.18536392000000004
17.372155798215474 -0.19174918 -0.0027969599999999716 -0.012706000000000009 0.011564440000000002 -0.19060792000000001 -0.1809099 -0.18651672000000005
17.376093633689784 -0.19025725999999998 -0.0011410999999999715 -0.010482640000000008 0.011453020000000003 -0.19122794 -0.18165444 -0.18718928000000004
17.42020099990907 -0.19397269999999997 -0.004247339999999972 -0.014953120000000007 0.012016620000000002 -0.19103646000000002 -0.18100268 -0.18680364000000005
17.420201005295162 -0.19767873999999996 -0.007353579999999972 -0.01940092000000001 0.012554740000000002 -0.19083282000000001 -0.180336 -0.18640464000000004
17.498212876575227 -0.19870509999999997 -0.008021899999999972 -0.02016444000000001 0.012488540000000001 -0.19102942 -0.18058172 -0.18662196000000003
17.563109751246003 -0.19587993999999997 -0.0047674599999999725 -0.015953120000000008 0.012437060000000002 -0.1923641 -0.18200976 -0.18799604000000003
17.588955852041497 -0.19944157999999998 -0.008041299999999973 -0.02025204000000001 0.012582540000000001 -0.1917723 -0.18135711999999998 -0.18737860000000003
17.63157436821179 -0.19910882 -0.007381619999999973 -0.01943424000000001 0.012600060000000001 -0.19227486000000002 -0.18193208 -0.18791172000000003
17.671786539641158 -0.19660922 -0.004555019999999974 -0.01561728000000001 0.012373980000000001 -0.19336614000000002 -0.1832466 -0.18909720000000002
17.73781723928319 -0.19804256 -0.005680099999999974 -0.01730018000000001 0.012652000000000002 -0.19339460000000003 -0.18307122 -0.18903966000000003
17.737817518728946 -0.19946778 -0.006805179999999975 -0.01897442000000001 0.012920300000000003 -0.19341388000000004 -0.18289612 -0.18897694000000004
17.776543576656096 -0.20331902000000002 -0.010393299999999975 -0.02373578000000001 0.013121580000000002 -0.19270504000000005 -0.18210131999999998 -0.18823186000000003
17.790375186377172 -0.20712190000000003 -0.013948739999999975 -0.02845070000000001 0.013307660000000002 -0.19197904000000005 -0.18127643999999998 -0.18746414000000003
17.817729064924862 -0.20537518000000002 -0.011802699999999975 -0.025743820000000008 0.013347460000000002 -0.19297900000000004 -0.1823252 -0.18848466000000003
17.821138397181656 -0.20348362000000003 -0.009525859999999975 -0.022826380000000007 0.013332500000000002 -0.19398992000000004 -0.18338672 -0.18951694000000002
17.86823957270131 -0.20258254000000003 -0.008315699999999975 -0.02128498000000001 0.013332140000000003 -0.19462988000000003 -0.18413452 -0.19020242
17.88294484110385 -0.20387986000000002 -0.009052799999999975 -0.02246134000000001 0.013581620000000003 -0.19500026000000004 -0.18434038 -0.19050338
17.882945104298404 -0.20426908000000002 -0.009298499999999975 -0.02280836000000001 0.013614580000000003 -0.19507542000000003 -0.18441272 -0.19057736
17.929651535936557 -0.20295676 -0.007622139999999975 -0.02067316000000001 0.013623180000000002 -0.19590690000000002 -0.1852666 -0.19141828
17.98516994810452 -0.20429582000000002 -0.008679699999999974 -0.02226158000000001 0.013888580000000003 -0.19592292000000003 -0.18508982000000002 -0.19135296
17.98517028174961 -0.20563384 -0.009737259999999973 -0.02384132000000001 0.014144180000000003 -0.19593678000000003 -0.18490360000000003 -0.19128241999999998
18.105243894126094 -0.20705538 -0.011023279999999974 -0.02552986000000001 0.014203440000000003 -0.19572904000000002 -0.18464464000000003 -0.19105308
18.172039653320184 -0.20360274 -0.006954119999999974 -0.02041506000000001 0.014288880000000004 -0.19747664 -0.18644748000000003 -0.19282396
18.2495358557432 -0.20137134 -0.004342279999999974 -0.01710666000000001 0.014325520000000003 -0.19859028 -0.18761440000000001 -0.19396007999999998
18.331698310712156 -0.20229678 -0.004883759999999975 -0.01788530000000001 0.014436240000000003 -0.19884780000000002 -0.18776348 -0.19417188
18.378987960993637 -0.20360074 -0.005863359999999975 -0.01931174000000001 0.014615800000000003 -0.19890488 -0.18767392000000002 -0.19416712
18.580312444601205 -0.1979873 0.0010240800000000253 -0.01099398000000001 0.015140760000000003 -0.20213416 -0.19062064 -0.19727719999999999
18.598410175381105 -0.2000403 -0.0007496399999999746 -0.01342486000000001 0.015323360000000003 -0.20193888000000002 -0.19032300000000002 -0.19703875999999998
18.598410440304644 -0.20210806 -0.0025233199999999747 -0.01587206000000001 0.015524440000000002 -0.20176052000000003 -0.19002584000000003 -0.19681027999999998
18.645285026348134 -0.20367578 -0.003967919999999975 -0.01782746000000001 0.01564288 -0.20149130000000004 -0.18967676000000003 -0.19650735999999996
18.667542782843515 -0.20404026 -0.003720479999999975 -0.01771050000000001 0.015851760000000003 -0.20218170000000005 -0.19028708000000003 -0.19716399999999995
18.749589666649502 -0.20537314 -0.004485759999999975 -0.01887210000000001 0.016045760000000003 -0.20254698000000004 -0.19042644000000003 -0.19743399999999994
18.83369311949034 -0.20738442 -0.005989519999999975 -0.02126282000000001 0.01657 -0.20269178000000004 -0.19018776000000004 -0.19741699999999995
18.833693437102504 -0.20939634000000001 -0.007493319999999975 -0.023654060000000008 0.0170948 -0.20283726000000005 -0.18994876000000005 -0.19740027999999996
18.9011034090771 -0.21088194000000002 -0.008781799999999975 -0.02541526000000001 0.01721104 -0.20267790000000005 -0.18975932000000004 -0.19722823999999994
18.918185230045182 -0.20887994000000001 -0.006498599999999975 -0.022497340000000008 0.01721464 -0.20359742000000006 -0.19077300000000003 -0.19818747999999994
18.949344125555402 -0.21147746 -0.008905719999999975 -0.02570502000000001 0.017355119999999998 -0.20312774000000006 -0.19023488000000002 -0.19768891999999993
18.9594606612409 -0.21378538 -0.011012599999999975 -0.02858442000000001 0.01755236 -0.20275350000000006 -0.18979152000000002 -0.19728551999999994
18.976438979400637 -0.21362873999999998 -0.010465839999999975 -0.02812906000000001 0.0177978 -0.20329762000000007 -0.19016636 -0.19775823999999995
19.046261173316775 -0.21323825999999999 -0.009811359999999974 -0.02699802000000001 0.01749764 -0.20373802000000008 -0.19088092 -0.19831431999999993
19.079416621970953 -0.21580181999999998 -0.012072199999999974 -0.030140340000000012 0.01778188 -0.20344350000000008 -0.19037088000000002 -0.19792887999999995
19.10458789358797 -0.21764781999999996 -0.013741039999999973 -0.032408300000000015 0.0179228 -0.20316246000000007 -0.19005728000000002 -0.19763411999999994
19.113015966385404 -0.21652947999999997 -0.012406419999999974 -0.030734140000000014 0.01795304 -0.20374850000000008 -0.19066202000000002 -0.19822805999999993
19.163318985896225 -0.21751345999999996 -0.013329359999999974 -0.03194954000000001 0.01798814 -0.20355220000000007 -0.19046824 -0.19803281999999992
19.339020017348982 -0.21806505999999998 -0.013717119999999975 -0.03224778000000001 0.0177847 -0.20360212000000008 -0.19076128 -0.1981853799999999
19.389072389627156 -0.21672209999999997 -0.011826719999999975 -0.02998818000000001 0.0179511 -0.2046851600000001 -0.1918216 -0.19925881999999992
19.4519766125397 -0.21665674 -0.011129199999999975 -0.02948866000000001 0.01836886 -0.20553700000000008 -0.19242104000000002 -0.20000417999999992
19.46447578625865 -0.21901398 -0.013379359999999976 -0.03245030000000001 0.0184601 -0.20502384000000007 -0.1918912 -0.19948397999999992
19.569005701911916 -0.2193814 -0.013637199999999976 -0.03281122000000001 0.01849908 -0.20506932000000005 -0.19193372 -0.19952821999999992
19.61563324247146 -0.21967136 -0.013752299999999976 -0.03308474000000001 0.01863878 -0.20522546000000005 -0.19197614 -0.19963637999999992
19.703621317332598 -0.21564272 -0.008956299999999976 -0.02732090000000001 0.01902198 -0.20734382000000007 -0.1938171 -0.20163769999999992
19.779815742280164 -0.21467392000000002 -0.007712419999999976 -0.02585342000000001 0.019152580000000002 -0.20797314000000006 -0.19442737999999998 -0.20225897999999992
19.83325271730487 -0.21315072000000002 -0.006123099999999976 -0.02361290000000001 0.018931500000000004 -0.20846938000000007 -0.19513402 -0.20284397999999992
19.847173834622325 -0.21267144000000002 -0.005500219999999976 -0.02278662000000001 0.018898580000000005 -0.20878350000000007 -0.19550014 -0.20318001999999993
19.866690901800293 -0.21501476000000003 -0.007652979999999976 -0.02572334000000001 0.019103140000000005 -0.20839466000000006 -0.19497114 -0.20273201999999993
19.866690908438184 -0.21734444000000003 -0.009805739999999976 -0.02864214000000001 0.019287580000000006 -0.20798994000000007 -0.19443865999999999 -0.20227341999999993
19.9159030835228 -0.21671984000000002 -0.008899219999999977 -0.02748502000000001 0.019288700000000006 -0.20852358000000007 -0.19491477999999998 -0.2027827799999999
19.960307726122323 -0.21822180000000002 -0.010253619999999977 -0.02933814000000001 0.019417460000000004 -0.20830118000000006 -0.1946471 -0.20254125999999992
20.19256481920093 -0.21636764000000003 -0.007875059999999977 -0.02642534000000001 0.019549460000000005 -0.20949182000000005 -0.19578614 -0.20371013999999993
20.3526679126256 -0.21750620000000004 -0.008817779999999976 -0.02775030000000001 0.019689860000000003 -0.20944582000000006 -0.19566094 -0.20363073999999992
20.39409709484887 -0.21769568000000003 -0.008897379999999977 -0.027824140000000008 0.019662700000000005 -0.20953426000000006 -0.19576290000000002 -0.20372489999999993
20.546524319195967 -0.21895792000000003 -0.009766259999999978 -0.029128140000000007 0.019874540000000007 -0.20970426000000006 -0.19576658000000002 -0.20382473999999992
20.575981946111412 -0.22063496000000002 -0.011299379999999979 -0.031234780000000007 0.020031420000000008 -0.20943150000000005 -0.19539918000000003 -0.2035120599999999
20.59611080908663 -0.22134508000000003 -0.011831939999999978 -0.03202262000000001 0.02015522000000001 -0.20947762000000006 -0.19543046000000003 -0.20355189999999992
20.649307055545236 -0.22018848000000002 -0.010400379999999978 -0.030314620000000007 0.02028538000000001 -0.21015918000000006 -0.19602718000000002 -0.20419765999999992
20.652083007159376 -0.22184424000000003 -0.012130459999999978 -0.03237110000000001 0.02012778000000001 -0.20960086000000006 -0.19561198000000002 -0.2036997399999999
20.671911781361718 -0.22290600000000002 -0.013003339999999978 -0.03365266000000001 0.020303700000000008 -0.20955702000000007 -0.19545146000000002 -0.2036066599999999
20.680469639244848 -0.22385796000000002 -0.013790819999999978 -0.03481174000000001 0.020464580000000007 -0.20951082000000007 -0.19534054000000003 -0.20353313999999992
20.695212929129955 -0.22471772 -0.014652979999999979 -0.03579182000000001 0.020340300000000006 -0.20926622000000006 -0.19518794000000003 -0.20332737999999992
20.69521293220151 -0.2255492 -0.01551513999999998 -0.03675070000000001 0.020192460000000006 -0.20899094000000007 -0.19504886000000002 -0.20310957999999993
20.737173899803686 -0.22568368 -0.01512977999999998 -0.03664998000000001 0.020610940000000005 -0.20964462000000006 -0.19540518 -0.20363781999999994
20.767997406506723 -0.227498 -0.01673253999999998 -0.038924540000000014 0.020858620000000005 -0.20943206000000006 -0.19501274000000002 -0.20334937999999994
20.77329762821734 -0.22741488 -0.01644201999999998 -0.038676780000000015 0.020988100000000006 -0.20972618000000007 -0.19523322 -0.20361241999999993
20.779740652993645 -0.22631204000000002 -0.01507709999999998 -0.037071220000000016 0.021136780000000008 -0.21037758000000006 -0.19582702000000002 -0.20423949999999993
20.80684280522193 -0.22491448000000003 -0.01366357999999998 -0.035022220000000014 0.020878740000000007 -0.21077098000000005 -0.1964053 -0.20471089999999995
20.87444302854949 -0.22438560000000002 -0.012862219999999982 -0.03411370000000001 0.021004860000000007 -0.21127674000000005 -0.19684474000000002 -0.20518869999999995
20.890719218843724 -0.22471388 -0.013110499999999982 -0.034448500000000014 0.021019020000000006 -0.21128438000000005 -0.19689674000000001 -0.20521505999999995
20.90540436020107 -0.22427964 -0.012435459999999982 -0.033710940000000016 0.021150740000000005 -0.21171938000000004 -0.19723210000000002 -0.20560801999999995
20.932064259954963 -0.22377116 -0.011734499999999981 -0.032901180000000016 0.021239820000000003 -0.21210974000000005 -0.19758294 -0.20598169999999993
20.966117294824933 -0.22505594 -0.013055219999999982 -0.034393380000000015 0.021040200000000002 -0.21170270000000005 -0.19735794 -0.20565145999999992
20.966117762729155 -0.22592038 -0.013935699999999981 -0.03540794000000001 0.020929160000000002 -0.21144154000000004 -0.19722102 -0.20544269999999992
21.173699779674557 -0.22696864 -0.014847699999999981 -0.03664832000000001 0.02101004 -0.21133036000000005 -0.19711788 -0.2053349399999999
21.17370006027061 -0.22775986 -0.01575969999999998 -0.03748106000000001 0.02065796 -0.21093676000000006 -0.19698726 -0.20505227999999992
21.229302665919374 -0.22813534000000002 -0.01613869999999998 -0.03785074000000001 0.02053912 -0.21082372000000005 -0.19697826 -0.2049831199999999
21.22930289093879 -0.22850642000000002 -0.016517699999999982 -0.03822822000000001 0.020429720000000002 -0.21070792000000005 -0.1969881 -0.2049203199999999
21.234374541563394 -0.22760986000000002 -0.015376339999999983 -0.036841700000000005 0.020505560000000003 -0.21127372000000005 -0.19752338 -0.20547323999999992
21.278496111986907 -0.22901882 -0.016882339999999982 -0.038617820000000004 0.020354280000000002 -0.21075528000000004 -0.1971813 -0.2050291999999999
21.295197205418095 -0.22811926000000002 -0.015965699999999982 -0.03728362 0.020183520000000003 -0.21101920000000005 -0.19761174 -0.2053633599999999
21.295664824469554 -0.22934770000000002 -0.017136739999999984 -0.038804540000000005 0.020214720000000002 -0.21075792000000004 -0.19736722 -0.20510911999999992
21.337764731780062 -0.22762802000000001 -0.015166139999999984 -0.03635522000000001 0.020280480000000004 -0.21155332000000004 -0.19817258000000001 -0.20590871999999993
21.380293593521262 -0.22899766000000002 -0.016384499999999982 -0.038075500000000005 0.020457280000000005 -0.21137944000000006 -0.19788786000000003 -0.20568807999999994
21.380293598727384 -0.23038474000000003 -0.017602859999999984 -0.039811900000000004 0.020652160000000006 -0.21122504000000006 -0.19759950000000004 -0.20547715999999994
21.473922319015646 -0.23189006000000004 -0.018926019999999984 -0.041705940000000004 0.020874400000000005 -0.21105856000000006 -0.19727974000000004 -0.20524599999999993
21.50329685461244 -0.23218298000000004 -0.019007259999999984 -0.04196130000000001 0.021032840000000004 -0.21125456000000006 -0.19732154000000005 -0.20537695999999994
21.57645646226733 -0.23343606000000003 -0.020362179999999983 -0.04352926000000001 0.020863760000000005 -0.21077060000000006 -0.19700294000000004 -0.20496275999999994
21.578385919570575 -0.23349926000000004 -0.020243419999999984 -0.043512260000000004 0.021005680000000006 -0.21099272000000005 -0.19714454000000003 -0.20515091999999993
21.599562734241434 -0.23289906000000005 -0.019712619999999983 -0.04260334 0.020758960000000007 -0.21105468000000005 -0.19744090000000003 -0.20531175999999993
21.64331150907921 -0.23377362000000004 -0.020519759999999984 -0.04372576 0.020858460000000006 -0.21090634000000005 -0.19723522000000002 -0.20513921999999993
21.643311883735556 -0.23464832000000005 -0.021326899999999985 -0.04484826 0.020958060000000004 -0.21075814000000007 -0.19702944000000003 -0.20496671999999994
21.691811159759332 -0.23443852000000004 -0.021011459999999985 -0.04442638 0.020937700000000004 -0.21094986000000007 -0.19720064000000004 -0.20514979999999994
21.727780381924084 -0.23577204000000004 -0.022224619999999987 -0.046150380000000005 0.021124620000000004 -0.21074630000000008 -0.19694052000000004 -0.20492235999999994
21.73568411794516 -0.23697180000000004 -0.023317779999999986 -0.04770158000000001 0.021289020000000002 -0.2105593000000001 -0.19671940000000004 -0.20472095999999995
21.75038448396188 -0.23605952000000005 -0.022408179999999986 -0.04639398000000001 0.021134700000000003 -0.21080030000000008 -0.19715176000000004 -0.20504267999999995
21.753679097836525 -0.23602656000000005 -0.022360259999999986 -0.046095420000000005 0.020888060000000003 -0.2108192600000001 -0.19737440000000003 -0.20514755999999995
21.9129003190964 -0.23472918000000006 -0.020866199999999988 -0.044268100000000005 0.020973620000000002 -0.2114347800000001 -0.19794308000000002 -0.20574331999999995
21.915337606781055 -0.23339382000000006 -0.019288279999999988 -0.04235042000000001 0.02107546 -0.2121189400000001 -0.19857584000000003 -0.20640579999999994
21.94402989914625 -0.23219154000000006 -0.017901599999999986 -0.040635260000000006 0.021131940000000002 -0.21268830000000008 -0.19915720000000003 -0.20698019999999995
21.9794826682039 -0.23197714000000005 -0.017723419999999986 -0.04030028000000001 0.02101814 -0.2126950800000001 -0.19927206000000003 -0.20703257999999994
22.013907938030542 -0.23277410000000007 -0.018571659999999986 -0.041106760000000006 0.020734540000000003 -0.2124020400000001 -0.19921014000000004 -0.20683705999999993
22.057562741482617 -0.23049330000000007 -0.015925899999999986 -0.03783724000000001 0.02084398 -0.21350020000000008 -0.20033502000000003 -0.20794649999999992
22.146736406984967 -0.23104710000000006 -0.016563739999999987 -0.03844460000000001 0.02063082 -0.2132334800000001 -0.20024218000000002 -0.20775313999999992
22.16134573048155 -0.23049022000000005 -0.015778299999999988 -0.03754808000000001 0.02074558 -0.21368784000000007 -0.20061062000000002 -0.2081712599999999
22.161570052593603 -0.22985778000000004 -0.014935999999999987 -0.036627540000000014 0.02091802 -0.21414838000000008 -0.20096434000000002 -0.2085867399999999
22.178962605437523 -0.23055562000000004 -0.015498599999999987 -0.03748118000000002 0.02105978 -0.2141343400000001 -0.20086262000000002 -0.2085356999999999
22.19900216646452 -0.23167662000000006 -0.01651543999999999 -0.03890610000000002 0.02119214 -0.2139627800000001 -0.20061510000000002 -0.2083320999999999
22.225818045479098 -0.23132774000000006 -0.01606261999999999 -0.03839400000000002 0.02126242 -0.2141962800000001 -0.20080504000000002 -0.20854721999999992
22.32255509190968 -0.23159938000000005 -0.016319259999999988 -0.038623400000000016 0.0211631 -0.2141392400000001 -0.20082388 -0.20852217999999992
22.352763984948325 -0.23280378000000004 -0.01758497999999999 -0.04012928000000002 0.0210523 -0.21372700000000008 -0.20050432 -0.2081490599999999
22.352764346762097 -0.23399974000000004 -0.01885069999999999 -0.041627600000000015 0.02093358 -0.2133059200000001 -0.20018928000000002 -0.20777269999999992
22.369655330932186 -0.23341298000000005 -0.018289099999999992 -0.040742840000000016 0.02075558 -0.21342596000000008 -0.20046104000000003 -0.20795673999999992
22.38328531564109 -0.23297322000000004 -0.017787819999999992 -0.040127240000000015 0.02078282 -0.21362902000000009 -0.20068912000000003 -0.20817035999999992
22.4415577877589 -0.23380514000000005 -0.01848605999999999 -0.04117100000000001 0.02094346 -0.21357782000000008 -0.20054360000000002 -0.2080793599999999
22.456939538947946 -0.23320566000000004 -0.017670339999999993 -0.04028584000000001 0.02111062 -0.2140306600000001 -0.20089184000000002 -0.2084880799999999
22.509843461945273 -0.23352462000000004 -0.017616019999999993 -0.04056328000000001 0.02148006 -0.21444162000000008 -0.2010624 -0.20879759999999992
22.537939671836927 -0.23467602000000004 -0.018629739999999992 -0.042027800000000004 0.021664899999999997 -0.21431334000000007 -0.20082816 -0.20862463999999992
22.568434831371874 -0.23465518000000005 -0.018519139999999993 -0.04191964 0.021698179999999997 -0.21443394000000007 -0.20093716 -0.20874035999999993
22.61602473885909 -0.23318118000000004 -0.016741379999999993 -0.039839400000000004 0.021884659999999997 -0.21522666000000007 -0.20164612 -0.20949771999999994
22.643643501223565 -0.23144198000000005 -0.014673539999999994 -0.03733492000000001 0.022025139999999995 -0.21613242000000008 -0.20251396000000002 -0.21038747999999993
22.676560295364727 -0.23104094000000006 -0.014333939999999993 -0.036718400000000005 0.021827979999999997 -0.21615074000000006 -0.20270860000000002 -0.21048019999999992
22.71469927827218 -0.23222070000000006 -0.015354659999999992 -0.03821688000000001 0.022039059999999996 -0.21604310000000007 -0.20245388 -0.21031051999999992
22.726987907588544 -0.23127014000000007 -0.014100659999999992 -0.03674472000000001 0.022172019999999997 -0.21669766000000007 -0.20301188 -0.21092435999999992
22.77494617874708 -0.23170230000000006 -0.014307699999999993 -0.037148160000000006 0.022321219999999996 -0.21687558000000007 -0.20308484000000002 -0.21105795999999993
22.795447696121393 -0.23144086000000005 -0.013763539999999993 -0.03657632000000001 0.022452579999999996 -0.21731734000000008 -0.20332612000000003 -0.21141515999999994
22.856595313319 -0.23071994000000004 -0.012870139999999992 -0.03552356000000001 0.022545299999999997 -0.2177418600000001 -0.20374896000000003 -0.21183899999999994
22.915145975078953 -0.23010990000000003 -0.012085699999999991 -0.03465216000000001 0.02268406 -0.2181419800000001 -0.20409452000000003 -0.21221611999999995
23.06001474302138 -0.23002830000000005 -0.011598979999999991 -0.03439992000000001 0.02308126 -0.2187098200000001 -0.20440164000000002 -0.21267395999999994
23.06984206182758 -0.23006950000000004 -0.011507619999999991 -0.03438768000000001 0.02319314 -0.2188751400000001 -0.20452936000000002 -0.21282343999999995
23.077286309556804 -0.23002502000000002 -0.011239379999999992 -0.034176800000000014 0.023331940000000002 -0.2191803400000001 -0.20475232000000002 -0.21309391999999994
23.17674933618588 -0.22947534000000003 -0.010713179999999992 -0.03336764000000001 0.023186860000000004 -0.2192947800000001 -0.20500220000000002 -0.21326547999999992
23.205939871269447 -0.22951022000000001 -0.010915979999999992 -0.03321020000000001 0.022746220000000004 -0.2190464600000001 -0.20503596000000002 -0.21313619999999991
23.223605705307982 -0.22908230000000002 -0.010310299999999991 -0.03260744000000001 0.022928100000000003 -0.2194031400000001 -0.20533532000000002 -0.2134686799999999
23.295014294769718 -0.22818258000000002 -0.009410819999999992 -0.03130296000000001 0.022765500000000004 -0.2196453000000001 -0.20571752000000001 -0.21376991999999992
23.376481107677538 -0.22869362000000001 -0.009794259999999992 -0.03195900000000001 0.022932820000000003 -0.2196676200000001 -0.20566116 -0.21375903999999993
23.385563354077906 -0.22826870000000002 -0.009409099999999991 -0.03133024000000001 0.022787700000000004 -0.2197263400000001 -0.20587112000000002 -0.21388155999999992
23.479831511051533 -0.22904678 -0.010282419999999992 -0.03231120000000001 0.022646420000000004 -0.2193822200000001 -0.20566252000000002 -0.2135945999999999
23.493318568218267 -0.22944362000000001 -0.010532179999999992 -0.03282924000000001 0.022851820000000005 -0.2194664200000001 -0.20567276 -0.2136475999999999
23.52984368926776 -0.22950926000000002 -0.010578979999999991 -0.03281204000000001 0.022775180000000006 -0.2194725800000001 -0.205735 -0.2136774399999999
23.53758683936169 -0.2294353 -0.010565819999999991 -0.03264380000000001 0.022618700000000005 -0.2194103800000001 -0.20583952 -0.2136855599999999
23.561261722301783 -0.2300131 -0.011231379999999992 -0.03334480000000001 0.022462300000000004 -0.2191307800000001 -0.20568768 -0.2134598799999999
23.736714823825057 -0.22993918 -0.011227219999999993 -0.03305696000000001 0.022168220000000006 -0.2190506200000001 -0.20582096000000003 -0.2134697999999999
23.985377299682312 -0.22992253999999998 -0.011283619999999992 -0.03296208000000001 0.021992700000000007 -0.2189533000000001 -0.20585684 -0.2134286799999999
23.99377773262116 -0.22928601999999998 -0.010580019999999992 -0.03204716000000001 0.021975340000000006 -0.2192143400000001 -0.20614468000000002 -0.2137010399999999
23.998724747443877 -0.23015074 -0.011462099999999992 -0.03312488000000001 0.021928780000000005 -0.2189547800000001 -0.20590796000000003 -0.2134511199999999
23.998724752820397 -0.23099561999999998 -0.012344179999999993 -0.03417980000000001 0.021856940000000005 -0.2186729400000001 -0.20567168000000002 -0.2131884799999999
23.998761094852966 -0.23130605999999998 -0.012733579999999993 -0.03449544000000001 0.021667740000000005 -0.2184785800000001 -0.20559716000000003 -0.2130446799999999
24.040875914994903 -0.23094997999999997 -0.012190859999999993 -0.033966680000000006 0.021843860000000003 -0.2188273800000001 -0.20582856000000002 -0.21334395999999992
24.060065692720883 -0.23013117999999996 -0.011473259999999992 -0.03275316 0.021527700000000004 -0.2189059400000001 -0.20622576 -0.21355691999999993
24.08659420168085 -0.22973221999999996 -0.010622139999999992 -0.032106680000000005 0.022000180000000005 -0.2196259400000001 -0.20664856 -0.21415155999999994
24.090796951110743 -0.23038393999999995 -0.011385059999999992 -0.03293596000000001 0.021849420000000005 -0.2192976200000001 -0.20647508 -0.21388855999999992
24.091740274225184 -0.22914305999999995 -0.009949219999999991 -0.031209120000000007 0.021959420000000004 -0.21989362000000012 -0.20705456 -0.21447759999999993
24.119050544880793 -0.22945789999999996 -0.010247419999999991 -0.031595160000000004 0.021966340000000004 -0.21982934000000012 -0.20698602 -0.21441151999999994
24.121537795938938 -0.23009389999999996 -0.010714819999999991 -0.03239916 0.022187380000000003 -0.21988238000000013 -0.2068815 -0.21439811999999994
24.121537799452398 -0.23054589999999997 -0.011182219999999991 -0.032937 0.022126780000000002 -0.21973598000000014 -0.2067783 -0.21426995999999995
24.124057042472785 -0.22996649999999996 -0.01051401999999999 -0.03208432 0.0221263 -0.22000882000000013 -0.20702774 -0.21453291999999996
24.15429936212462 -0.22934225999999996 -0.00982841999999999 -0.031164439999999998 0.02207838 -0.22025654000000014 -0.20728222 -0.21478347999999997
24.191031988869923 -0.22913737999999997 -0.009835939999999991 -0.030774919999999997 0.02165502 -0.22001782000000014 -0.2074307 -0.21470811999999997
24.330244632432112 -0.22902149999999996 -0.00981241999999999 -0.030547039999999998 0.02144718 -0.21992194000000015 -0.20748586 -0.21467595999999997
24.330244697562676 -0.22909441999999997 -0.00978889999999999 -0.030624839999999997 0.0215601 -0.22002998000000015 -0.20755578 -0.21476791999999997
24.356161195603306 -0.22972949999999998 -0.010446859999999988 -0.031421279999999996 0.02151666 -0.21982518000000015 -0.20739814 -0.21458303999999997
24.356161525692055 -0.23034733999999998 -0.011104819999999987 -0.03219415999999999 0.02144842 -0.21960190000000016 -0.20724206 -0.21438812
24.402285495391233 -0.23097362 -0.011578939999999987 -0.032989939999999995 0.021648399999999998 -0.21963238000000015 -0.20716928 -0.21437504
24.402285895555544 -0.23145794 -0.011895019999999987 -0.03359478 0.021864559999999998 -0.21972802000000016 -0.20711712000000002 -0.21440831999999999
24.419325328204618 -0.23136554 -0.011603579999999987 -0.03341318 0.022071359999999998 -0.22002402000000015 -0.20735048 -0.21467783999999998
