4.377589591893317 -2.541987552
4.3775900232822025 -5.0839728399999995
4.460130786847382 -7.283689583999999
4.4601310789633635 -9.483406751999999
4.5159560879710785 -10.983563088999999
4.515956488205573 -12.483718571999999
4.515956561069497 -13.983873937999999
4.5159568524807465 -15.484028702999998
5.849414294420457 -15.726298174999998
6.141085043291241 -16.030233238999998
6.357429267555807 -16.224771504999996
7.239439282042159 -16.287115018999994
7.23943950064428 -16.349458536999993
7.239439558657251 -16.411802036999994
7.239439752791947 -16.474145532999994
7.441595701055089 -16.623755716999995
7.441595710913053 -16.773365876999996
7.501411619895283 -16.861482638999995
7.501411867012628 -16.949599386999996
7.633408800312303 -16.983123746999997
7.633409059299532 -17.016648088999997
8.34327286060742 -17.069400756999997
8.487159055786021 -17.108879076999997
8.644867251306646 -17.162258458999997
8.821829156691244 -17.170984834999995
9.05722213145863 -17.187704830999994
9.090813705041764 -17.202940534999993
9.535100747487162 -17.21918881099999
9.5351013545578 -17.23543707899999
9.622703379953734 -17.25299275299999
9.622704000650781 -17.27054841899999
9.808964123986632 -17.29254448299999
9.866507372310462 -17.30418848699999
9.866507581504809 -17.31001048899999
9.866507859478093 -17.315832491999988
10.335202333258081 -17.341350107999986
10.43816662971961 -17.345657459999988
10.880867938006704 -17.353030955999987
10.880867940461021 -17.360404451999987
10.938276656130684 -17.369602203999985
10.981348313483988 -17.372860503999984
11.143713760649018 -17.388704019999984
11.143714291345113 -17.399266363999985
11.29705896538643 -17.400446817999985
11.315755743122565 -17.410601847999985
11.315756254589916 -17.420756871999984
11.348866390169837 -17.428281235999982
11.348866569053104 -17.43580559999998
11.435515355585895 -17.43890867999998
11.502609029793192 -17.44768064399998
11.502609040752764 -17.45645260799998
12.087810429752329 -17.458545163999982
12.08781055914772 -17.460637719999983
12.101112883300878 -17.464688903999985
12.402534423033304 -17.468753155999984
12.473424418076702 -17.471125733999983
12.606380859935932 -17.474129561999984
12.786647189942059 -17.476080825999983
12.802997308621594 -17.487300073999982
12.874556923372797 -17.488905057999983
13.025923661503402 -17.49115482799998
13.025924043445965 -17.49340459999998
13.10633555150687 -17.498482047999982
13.157734328093264 -17.50041064799998
13.337117473407154 -17.50410360399998
13.552598434872442 -17.50740254799998
13.646308257990645 -17.50810457399998
13.671502611093384 -17.510426949999978
13.80233956865704 -17.512933611999976
13.829778383252604 -17.516653207999976
13.890393181345283 -17.517065205999977
13.895101234544656 -17.517854221999976
13.963545989872898 -17.519751653999975
13.96354599546014 -17.521649085999975
14.178687623765597 -17.523934177999976
14.17868797046343 -17.526219269999977
14.183717670998139 -17.528215145999976
14.223823841652155 -17.528729601999977
14.374564111390235 -17.529292501999976
14.39428655518506 -17.529816465999975
14.671031462004764 -17.533181941999974
14.744658095256597 -17.533982257999973
14.76848157692598 -17.535726889999975
14.768481973139131 -17.536889977999973
14.899459727195824 -17.539544501999973
14.918720329276296 -17.541380077999975
14.969384953362283 -17.541873497999976
15.05450239347556 -17.544919225999976
15.313959836611756 -17.546381361999977
15.346127142249065 -17.547008613999978
15.358616430737499 -17.54879992599998
15.416040837002813 -17.55064815799998
15.52104095381023 -17.55218513399998
15.521040961734485 -17.55372210999998
15.594891765901655 -17.554232613999982
15.594891766647445 -17.554743117999983
15.600046549305787 -17.55731070999998
15.640479967180905 -17.55793192599998
15.65544690927168 -17.558227917999982
15.691711606545473 -17.55850463399998
15.805379319242803 -17.55963295399998
15.844210341676147 -17.56078722599998
16.40087880364629 -17.56303172999998
16.48474375767134 -17.563740777999982
16.53156759294371 -17.565482045999982
16.596238693239627 -17.565995417999982
16.694936272907615 -17.566431637999983
16.751154803059773 -17.566930349999982
16.8018025771141 -17.56838653399998
16.828780524481576 -17.56847300599998
16.843159077107686 -17.56882079399998
16.91178769746597 -17.57037248999998
17.169741327864955 -17.57089061799998
17.16974160912643 -17.571408745999978
17.276982883034584 -17.572115373999978
17.2859948088835 -17.572853975999976
17.372155798215474 -17.573203223999975
17.376093633689784 -17.573277487999974
17.42020099990907 -17.573896779999973
17.420201005295162 -17.574516071999973
17.498212876575227 -17.575514507999973
17.563109751246003 -17.575649599999974
17.588955852041497 -17.576421591999974
17.63157436821179 -17.576646055999973
17.671786539641158 -17.577118899999974
17.73781723928319 -17.577477321999975
17.737817518728946 -17.577835743999977
17.776543576656096 -17.578481107999977
17.790375186377172 -17.578989743999976
17.817729064924862 -17.579142811999976
17.821138397181656 -17.579291143999974
17.86823957270131 -17.579474495999975
17.88294484110385 -17.579915363999973
17.882945104298404 -17.58006231999997
17.929651535936557 -17.580223823999972
17.98516994810452 -17.58050655999997
17.98517028174961 -17.58078929599997
18.105243894126094 -17.58112586999997
18.172039653320184 -17.58210254199997
18.2495358557432 -17.58221126999997
18.331698310712156 -17.58295977399997
18.378987960993637 -17.58320195399997
18.580312444601205 -17.584344977999972
18.598410175381105 -17.584837913999973
18.598410440304644 -17.585330849999973
18.645285026348134 -17.585533023999975
18.667542782843515 -17.586252927999976
18.749589666649502 -17.586814719999975
18.83369311949034 -17.587209207999976
18.833693437102504 -17.587603695999977
18.9011034090771 -17.587831319999978
18.918185230045182 -17.58791513999998
18.949344125555402 -17.588384651999977
18.9594606612409 -17.588667579999978
18.976438979400637 -17.58880688399998
19.046261173316775 -17.589499587999978
19.079416621970953 -17.58995792399998
19.10458789358797 -17.59019941599998
19.113015966385404 -17.59054913199998
19.163318985896225 -17.590675265999977
19.339020017348982 -17.590991337999977
19.389072389627156 -17.591475121999977
19.4519766125397 -17.59174113799998
19.46447578625865 -17.592031565999978
19.569005701911916 -17.59227880799998
19.61563324247146 -17.59234923399998
19.703621317332598 -17.592998401999978
19.779815742280164 -17.593079557999978
19.83325271730487 -17.59314831399998
19.847173834622325 -17.59321395799998
19.866690901800293 -17.59352836599998
19.866690908438184 -17.59384277399998
19.9159030835228 -17.594343665999983
19.960307726122323 -17.59452952999998
20.19256481920093 -17.59512130599998
20.3526679126256 -17.595482821999983
20.39409709484887 -17.595589437999983
20.546524319195967 -17.596174021999982
20.575981946111412 -17.59635830599998
20.59611080908663 -17.59671323399998
20.649307055545236 -17.596763097999983
20.652083007159376 -17.59700972199998
20.671911781361718 -17.59714410999998
20.680469639244848 -17.59727376199998
20.695212929129955 -17.59743895799998
20.69521293220151 -17.59760415399998
20.737173899803686 -17.59774416999998
20.767997406506723 -17.59800041799998
20.77329762821734 -17.59808238999998
20.779740652993645 -17.59813096199998
20.80684280522193 -17.598177557999982
20.87444302854949 -17.59855565399998
20.890719218843724 -17.59865474599998
20.90540436020107 -17.59878693399998
20.932064259954963 -17.59885134999998
20.966117294824933 -17.59914221799998
20.966117762729155 -17.59933612999998
21.173699779674557 -17.59957618399998
21.17370006027061 -17.599816237999978
21.229302665919374 -17.599922113999977
21.22930289093879 -17.600027989999976
21.234374541563394 -17.600381253999977
21.278496111986907 -17.600571493999976
21.295197205418095 -17.600621377999975
21.295664824469554 -17.600867581999974
21.337764731780062 -17.601117649999974
21.380293593521262 -17.601295445999973
21.380293598727384 -17.601473241999972
21.473922319015646 -17.601686833999974
21.50329685461244 -17.601764773999975
21.57645646226733 -17.601922117999976
21.578385919570575 -17.601991237999975
21.599562734241434 -17.602046477999973
21.64331150907921 -17.602144649999975
21.643311883735556 -17.602242821999976
21.691811159759332 -17.602300969999977
21.727780381924084 -17.602438077999977
21.73568411794516 -17.602563525999976
21.75038448396188 -17.602604949999975
21.753679097836525 -17.602829789999976
21.9129003190964 -17.603000403999978
21.915337606781055 -17.60315356799998
21.94402989914625 -17.60330854799998
21.9794826682039 -17.60333537799998
22.013907938030542 -17.60367589799998
22.057562741482617 -17.60406074599998
22.146736406984967 -17.60427527399998
22.16134573048155 -17.604543177999982
22.161570052593603 -17.60468928199998
22.178962605437523 -17.60477433399998
22.19900216646452 -17.60488754599998
22.225818045479098 -17.604904489999978
22.32255509190968 -17.60512562999998
22.352763984948325 -17.60527836199998
22.352764346762097 -17.60543109399998
22.369655330932186 -17.60547228199998
22.38328531564109 -17.60548685399998
22.4415577877589 -17.60557468599998
22.456939538947946 -17.60560765399998
22.509843461945273 -17.60571887799998
22.537939671836927 -17.60588080599998
22.568434831371874 -17.60593283799998
22.61602473885909 -17.60619697799998
22.643643501223565 -17.606440129999978
22.676560295364727 -17.60648341799998
22.71469927827218 -17.60663202599998
22.726987907588544 -17.60688356999998
22.77494617874708 -17.60706053799998
22.795447696121393 -17.60712008999998
22.856595313319 -17.60734795799998
22.915145975078953 -17.60737586199998
23.06001474302138 -17.60750798199998
23.06984206182758 -17.60765659399998
23.077286309556804 -17.60786656199998
23.17674933618588 -17.60789820599998
23.205939871269447 -17.60801371799998
23.223605705307982 -17.608042713999982
23.295014294769718 -17.608138385999982
23.376481107677538 -17.608197949999983
23.385563354077906 -17.608231125999982
23.479831511051533 -17.60832296199998
23.493318568218267 -17.608375621999983
23.52984368926776 -17.60854164599998
23.53758683936169 -17.60864717399998
23.561261722301783 -17.60871948599998
23.736714823825057 -17.60895720599998
23.985377299682312 -17.608997581999983
23.99377773262116 -17.609016701999984
23.998724747443877 -17.609123201999985
23.998724752820397 -17.609229701999986
23.998761094852966 -17.609362913999988
24.040875914994903 -17.609385545999988
24.060065692720883 -17.609547681999988
24.08659420168085 -17.60974108999999
24.090796951110743 -17.609844553999988
24.091740274225184 -17.610026945999987
24.119050544880793 -17.610085623999986
24.121537795938938 -17.610156255999986
24.121537799452398 -17.610226887999985
24.124057042472785 -17.610245775999985
24.15429936212462 -17.610264007999984
24.191031988869923 -17.610434823999984
24.330244632432112 -17.610465771999984
24.330244697562676 -17.610496719999983
24.356161195603306 -17.610575435999984
24.356161525692055 -17.610654151999984
24.402285495391233 -17.610745615999985
24.402285895555544 -17.610806591999985
24.419325328204618 -17.610860959999986
