-1.270993776
-1.270992644
-1.099858372
-1.099858584
-1.500156337
-1.500155483
-1.500155366
-1.500154765
-0.121134736
-0.151967532
-0.097269133
-0.031171757
-0.031171759
-0.031171750
-0.031171748
-0.037402546
-0.037402540
-0.044058381
-0.044058374
-0.016762180
-0.016762171
-0.013188167
-0.009869580
-0.026689691
-0.004363188
-0.004179999
-0.003808926
-0.008124138
-0.008124134
-0.008777837
-0.008777833
-0.005499016
-0.005822002
-0.005822002
-0.005822003
-0.006379404
-0.001076838
-0.001843374
-0.001843374
-0.002299438
-0.000814575
-0.002640586
-0.002640586
-0.000590227
-0.005077515
-0.005077512
-0.001881091
-0.001881091
-0.000775770
-0.002192991
-0.002192991
-0.000523139
-0.000523139
-0.002025592
-0.001016063
-0.001186289
-0.000750957
-0.000487816
-0.001402406
-0.000401246
-0.001124885
-0.001124886
-0.001269362
-0.000482150
-0.000923239
-0.001649472
-0.000351013
-0.000580594
-0.001253331
-0.000929899
-0.000205999
-0.000197254
-0.000474358
-0.000474358
-0.000571273
-0.000571273
-0.000498969
-0.000128614
-0.000140725
-0.000130991
-0.000841369
-0.000200079
-0.000290772
-0.000290772
-0.000663631
-0.000229447
-0.000123355
-0.000380716
-0.000365534
-0.000156813
-0.000447828
-0.000462058
-0.000384244
-0.000384244
-0.000127626
-0.000127626
-0.000641898
-0.000155304
-0.000073998
-0.000069179
-0.000282080
-0.000288568
-0.000280563
-0.000177262
-0.000435317
-0.000128343
-0.000109055
-0.000124678
-0.000182023
-0.000043236
-0.000086947
-0.000193962
-0.000129532
-0.000129532
-0.000176657
-0.000369301
-0.000043656
-0.000037132
-0.000154823
-0.000154823
-0.000249609
-0.000033773
-0.000192998
-0.000056116
-0.000118211
-0.000179211
-0.000179211
-0.000161341
-0.000127159
-0.000038267
-0.000037083
-0.000045838
-0.000073478
-0.000073478
-0.000040376
-0.000141368
-0.000141368
-0.000168287
-0.000244168
-0.000027182
-0.000187126
-0.000060545
-0.000142878
-0.000123234
-0.000123234
-0.000101087
-0.000089988
-0.000070224
-0.000098622
-0.000098622
-0.000056906
-0.000020955
-0.000117378
-0.000070732
-0.000034826
-0.000086588
-0.000114584
-0.000060373
-0.000174858
-0.000063067
-0.000039509
-0.000060473
-0.000033252
-0.000072607
-0.000123621
-0.000035213
-0.000162292
-0.000020289
-0.000017189
-0.000016411
-0.000078602
-0.000078602
-0.000125223
-0.000046466
-0.000073972
-0.000090379
-0.000026654
-0.000073073
-0.000046071
-0.000088732
-0.000012466
-0.000061656
-0.000033597
-0.000032413
-0.000041299
-0.000041299
-0.000017502
-0.000064062
-0.000020493
-0.000012143
-0.000011649
-0.000094524
-0.000024773
-0.000033047
-0.000016104
-0.000048478
-0.000048478
-0.000040009
-0.000040009
-0.000026469
-0.000026469
-0.000088316
-0.000047560
-0.000012471
-0.000061551
-0.000062517
-0.000044449
-0.000044449
-0.000053398
-0.000019485
-0.000039336
-0.000017280
-0.000013810
-0.000049086
-0.000049086
-0.000014537
-0.000034277
-0.000031362
-0.000010356
-0.000028105
-0.000085307
-0.000038291
-0.000038745
-0.000013415
-0.000042565
-0.000048106
-0.000053632
-0.000066976
-0.000073052
-0.000021263
-0.000028303
-0.000008472
-0.000055285
-0.000038183
-0.000038183
-0.000010297
-0.000007286
-0.000021958
-0.000008242
-0.000013903
-0.000040482
-0.000013008
-0.000066035
-0.000030394
-0.000010822
-0.000037152
-0.000031443
-0.000022121
-0.000007444
-0.000056967
-0.000006976
-0.000016515
-0.000037153
-0.000026246
-0.000007911
-0.000014439
-0.000007249
-0.000023918
-0.000014891
-0.000008294
-0.000022959
-0.000013165
-0.000041506
-0.000026382
-0.000018078
-0.000029715
-0.000010094
-0.000004780
-0.000026625
-0.000026625
-0.000033303
-0.000005658
-0.000020267
-0.000024176
-0.000025866
-0.000045598
-0.000029339
-0.000017658
-0.000017658
-0.000004722
-0.000004558
-0.000021352
-0.000007737
-0.000007737
-0.000019679
-0.000019679
-0.000015244
-0.000015244
-0.000006796
