-1.024297311
-1.024296452
-0.893585049
-0.893585182
-1.284025786
-1.284024794
-1.284024960
-1.284024384
-0.095709575
-0.129468903
-0.080541992
-0.025325552
-0.025325552
-0.025325547
-0.025325544
-0.031331455
-0.031331450
-0.037400001
-0.037399995
-0.013528525
-0.013528518
-0.010776633
-0.008085500
-0.022489236
-0.003734132
-0.003551868
-0.003261987
-0.006581066
-0.006581063
-0.007167245
-0.007167243
-0.004521810
-0.004762642
-0.004762642
-0.004762643
-0.005132713
-0.001004543
-0.001541347
-0.001541347
-0.001878407
-0.000757335
-0.002142765
-0.002142765
-0.000567567
-0.004074035
-0.004074033
-0.001545535
-0.001545535
-0.000695539
-0.001776416
-0.001776417
-0.000473918
-0.000473917
-0.001616986
-0.000831510
-0.000959027
-0.000628998
-0.000423098
-0.001124741
-0.000356303
-0.000903290
-0.000903291
-0.001010164
-0.000409412
-0.000739631
-0.001306201
-0.000301642
-0.000473511
-0.000991226
-0.000738503
-0.000189842
-0.000183288
-0.000390547
-0.000390547
-0.000461261
-0.000461261
-0.000404711
-0.000127649
-0.000134537
-0.000126859
-0.000663859
-0.000174136
-0.000242214
-0.000242214
-0.000524492
-0.000194914
-0.000115023
-0.000307940
-0.000293426
-0.000136504
-0.000355799
-0.000367990
-0.000307260
-0.000307260
-0.000113036
-0.000113036
-0.000504887
-0.000133206
-0.000072874
-0.000069066
-0.000228551
-0.000233193
-0.000224110
-0.000144910
-0.000341771
-0.000107814
-0.000093016
-0.000104425
-0.000147875
-0.000043684
-0.000076112
-0.000156418
-0.000106728
-0.000106728
-0.000141562
-0.000289220
-0.000041882
-0.000037098
-0.000124986
-0.000124986
-0.000196463
-0.000034011
-0.000153097
-0.000050315
-0.000096869
-0.000142635
-0.000142635
-0.000128671
-0.000102874
-0.000036571
-0.000035684
-0.000042026
-0.000062610
-0.000062610
-0.000037820
-0.000113430
-0.000113430
-0.000133218
-0.000191148
-0.000027261
-0.000147159
-0.000051675
-0.000113439
-0.000098426
-0.000098426
-0.000081447
-0.000073299
-0.000058246
-0.000079470
-0.000079470
-0.000047935
-0.000021255
-0.000093212
-0.000058146
-0.000031405
-0.000070042
-0.000090916
-0.000050172
-0.000136766
-0.000052083
-0.000034302
-0.000049954
-0.000029491
-0.000058778
-0.000097159
-0.000030677
-0.000126606
-0.000019396
-0.000017036
-0.000016420
-0.000062900
-0.000062900
-0.000098040
-0.000038595
-0.000059083
-0.000071179
-0.000023373
-0.000058047
-0.000037640
-0.000069730
-0.000012608
-0.000049250
-0.000028251
-0.000027360
-0.000034020
-0.000034020
-0.000016240
-0.000050959
-0.000018424
-0.000012242
-0.000011852
-0.000073932
-0.000021490
-0.000027693
-0.000015030
-0.000039164
-0.000039164
-0.000032662
-0.000032662
-0.000022490
-0.000022490
-0.000068988
-0.000038168
-0.000012033
-0.000048673
-0.000049491
-0.000035828
-0.000035828
-0.000042418
-0.000017068
-0.000031802
-0.000015379
-0.000012793
-0.000039130
-0.000039130
-0.000013273
-0.000027921
-0.000025741
-0.000010133
-0.000023347
-0.000066369
-0.000030901
-0.000031221
-0.000012244
-0.000034009
-0.000038173
-0.000042209
-0.000052302
-0.000056923
-0.000017944
-0.000023176
-0.000008437
-0.000043374
-0.000030529
-0.000030529
-0.000009703
-0.000007470
-0.000018316
-0.000008135
-0.000012305
-0.000032119
-0.000011603
-0.000051408
-0.000024574
-0.000009927
-0.000029535
-0.000025315
-0.000018293
-0.000007362
-0.000044433
-0.000006965
-0.000013991
-0.000029436
-0.000021245
-0.000007536
-0.000012371
-0.000007027
-0.000019433
-0.000012626
-0.000007731
-0.000018596
-0.000011298
-0.000032503
-0.000021176
-0.000014924
-0.000023598
-0.000008839
-0.000004903
-0.000021187
-0.000021187
-0.000026177
-0.000005536
-0.000016420
-0.000019331
-0.000020563
-0.000035447
-0.000023160
-0.000014439
-0.000014439
-0.000004816
-0.000004685
-0.000017187
-0.000006982
-0.000006982
-0.000015876
-0.000015876
-0.000012549
-0.000012549
-0.000006258
