.246696465
.246696192
.206273323
.206273402
.216130551
.216130689
.216130406
.216130381
.025425161
.022498629
.016727141
.005846205
.005846207
.005846203
.005846204
.006071091
.006071090
.006658380
.006658379
.003233655
.003233653
.002411534
.001784080
.004200455
.000629056
.000628131
.000546939
.001543072
.001543071
.001610592
.001610590
.000977206
.001059360
.001059360
.001059360
.001246691
.000072295
.000302027
.000302027
.000421031
.000057240
.000497821
.000497821
.000022660
.001003480
.001003479
.000335556
.000335556
.000080231
.000416575
.000416574
.000049221
.000049222
.000408606
.000184553
.000227262
.000121959
.000064718
.000277665
.000044943
.000221595
.000221595
.000259198
.000072738
.000183608
.000343271
.000049371
.000107083
.000262105
.000191396
.000016157
.000013966
.000083811
.000083811
.000110012
.000110012
.000094258
.000000965
.000006188
.000004132
.000177510
.000025943
.000048558
.000048558
.000139139
.000034533
.000008332
.000072776
.000072108
.000020309
.000092029
.000094068
.000076984
.000076984
.000014590
.000014590
.000137011
.000022098
.000001124
.000000113
.000053529
.000055375
.000056453
.000032352
.000093546
.000020529
.000016039
.000020253
.000034148
-.000000448
.000010835
.000037544
.000022804
.000022804
.000035095
.000080081
.000001774
.000000034
.000029837
.000029837
.000053146
-.000000238
.000039901
.000005801
.000021342
.000036576
.000036576
.000032670
.000024285
.000001696
.000001399
.000003812
.000010868
.000010868
.000002556
.000027938
.000027938
.000035069
.000053020
-.000000079
.000039967
.000008870
.000029439
.000024808
.000024808
.000019640
.000016689
.000011978
.000019152
.000019152
.000008971
-.000000300
.000024166
.000012586
.000003421
.000016546
.000023668
.000010201
.000038092
.000010984
.000005207
.000010519
.000003761
.000013829
.000026462
.000004536
.000035686
.000000893
.000000153
-.000000009
.000015702
.000015702
.000027183
.000007871
.000014889
.000019200
.000003281
.000015026
.000008431
.000019002
-.000000142
.000012406
.000005346
.000005053
.000007279
.000007279
.000001262
.000013103
.000002069
-.000000099
-.000000203
.000020592
.000003283
.000005354
.000001074
.000009314
.000009314
.000007347
.000007347
.000003979
.000003979
.000019328
.000009392
.000000438
.000012878
.000013026
.000008621
.000008621
.000010980
.000002417
.000007534
.000001901
.000001017
.000009956
.000009956
.000001264
.000006356
.000005621
.000000223
.000004758
.000018938
.000007390
.000007524
.000001171
.000008556
.000009933
.000011423
.000014674
.000016129
.000003319
.000005127
.000000035
.000011911
.000007654
.000007654
.000000594
-.000000184
.000003642
.000000107
.000001598
.000008363
.000001405
.000014627
.000005820
.000000895
.000007617
.000006128
.000003828
.000000082
.000012534
.000000011
.000002524
.000007717
.000005001
.000000375
.000002068
.000000222
.000004485
.000002265
.000000563
.000004363
.000001867
.000009003
.000005206
.000003154
.000006117
.000001255
-.000000123
.000005438
.000005438
.000007126
.000000122
.000003847
.000004845
.000005303
.000010151
.000006179
.000003219
.000003219
-.000000094
-.000000127
.000004165
.000000755
.000000755
.000003803
.000003803
.000002695
.000002695
.000000538
