shell0_X0_Y0_Z0_mono0_fix1/shell1_X0_Y0_Z1_mono0_fix1//test20tig_AVTZ// DONE 4.38165304261412 2 -0.66057651 0.43209890 0.43209700 -0.00000000 -1.09267351 -1.01320800 -1.05914900
shell0_X0_Y0_Z0_mono0_fix1/shell1_X-1_Y1_Z-1_mono1_fix1//test20tig_AVTZ// DONE 4.689718751012225 1 -0.35750432 0.55808020 0.55807960 -0.00000000 -0.91558392 -0.85573700 -0.89033600
shell0_X0_Y0_Z0_mono0_fix1/shell1_X-1_Y0_Z-1_mono1_fix1//test20tig_AVTZ// DONE 4.689718793492955 1 -0.35750599 0.55807900 0.55807880 -0.00000000 -0.91558479 -0.85573770 -0.89033680
shell0_X0_Y0_Z0_mono0_fix1/shell1_X0_Y1_Z0_mono1_fix1//test20tig_AVTZ// DONE 4.689720349898126 1 -0.35750564 0.55808200 0.55808110 -0.00000000 -0.91558674 -0.85573930 -0.89033860
shell0_X0_Y0_Z0_mono0_fix1/shell0_X0_Y0_Z0_mono1_fix1//test20tig_AVTZ// DONE 4.689720404504576 1 -0.35750379 0.55808230 0.55808180 -0.00000000 -0.91558559 -0.85573850 -0.89033760
shell0_X0_Y0_Z0_mono0_fix1/shell1_X-1_Y0_Z0_mono0_fix1//test20tig_AVTZ// DONE 4.8542918473850225 2 -0.46081383 0.33033770 0.33033620 -0.00000000 -0.79115003 -0.73187150 -0.76614190
shell0_X0_Y0_Z0_mono0_fix1/shell1_X0_Y1_Z-1_mono1_fix1//test20tig_AVTZ// DONE 4.879875191366439 1 -0.54495467 0.16066510 0.16066520 -0.00000001 -0.70561986 -0.64082920 -0.67828630
shell0_X0_Y0_Z0_mono0_fix1/shell1_X0_Y0_Z-1_mono1_fix1//test20tig_AVTZ// DONE 4.879875284071528 1 -0.54495869 0.16066630 0.16066580 -0.00000001 -0.70562448 -0.64083330 -0.67829070
shell0_X0_Y0_Z0_mono0_fix1/shell1_X-1_Y0_Z0_mono1_fix1//test20tig_AVTZ// DONE 4.879876783261088 1 -0.54495250 0.16066220 0.16066200 -0.00000001 -0.70561449 -0.64082470 -0.67828130
shell0_X0_Y0_Z0_mono0_fix1/shell1_X-1_Y1_Z0_mono1_fix1//test20tig_AVTZ// DONE 4.879876784204481 1 -0.54495659 0.16066310 0.16066280 -0.00000001 -0.70561939 -0.64082890 -0.67828590
shell0_X0_Y0_Z0_mono0_fix1/shell1_X-1_Y0_Z-1_mono0_fix1//test20tig_AVTZ// DONE 6.064820747978854 2 -0.05448628 0.15261440 0.15261370 -0.00000001 -0.20709997 -0.20550810 -0.20642840
shell0_X0_Y0_Z0_mono0_fix1/shell1_X-1_Y0_Z1_mono0_fix1//test20tig_AVTZ// DONE 6.602802553139406 2 -0.08642902 -0.04184480 -0.04184526 -0.00000000 -0.04458375 -0.04261992 -0.04375526
shell0_X0_Y0_Z0_mono0_fix1/shell1_X0_Y-1_Z0_mono0_fix1//test20tig_AVTZ// DONE 6.810811507043177 2 -0.08583050 -0.04951052 -0.04951021 -0.00000002 -0.03632027 -0.03432449 -0.03547830
shell0_X0_Y0_Z0_mono0_fix1/shell2_X-1_Y1_Z-2_mono1_fix1//test20tig_AVTZ// DONE 7.324543867648097 1 -0.03157078 -0.00614298 -0.00614328 -0.00000002 -0.02542748 -0.02502627 -0.02525822
shell0_X0_Y0_Z0_mono0_fix1/shell2_X-1_Y0_Z-2_mono1_fix1//test20tig_AVTZ// DONE 7.324543907536211 1 -0.03157049 -0.00614250 -0.00614283 -0.00000002 -0.02542765 -0.02502635 -0.02525835
shell0_X0_Y0_Z0_mono0_fix1/shell1_X0_Y1_Z1_mono1_fix1//test20tig_AVTZ// DONE 7.324546685996958 1 -0.03157526 -0.00614265 -0.00614280 -0.00000002 -0.02543244 -0.02501993 -0.02525841
shell0_X0_Y0_Z0_mono0_fix1/shell1_X0_Y0_Z1_mono1_fix1//test20tig_AVTZ// DONE 7.3245467079324795 1 -0.03157558 -0.00614293 -0.00614325 -0.00000002 -0.02543231 -0.02501984 -0.02525830
shell0_X0_Y0_Z0_mono0_fix1/shell2_X0_Y1_Z-2_mono1_fix1//test20tig_AVTZ// DONE 7.64669015623292 1 -0.02288377 -0.00632843 -0.00632809 -0.00000002 -0.01655567 -0.01632627 -0.01645889
shell0_X0_Y0_Z0_mono0_fix1/shell2_X0_Y0_Z-2_mono1_fix1//test20tig_AVTZ// DONE 7.646690203091246 1 -0.02288363 -0.00632823 -0.00632789 -0.00000002 -0.01655572 -0.01632634 -0.01645895
shell0_X0_Y0_Z0_mono0_fix1/shell1_X-1_Y1_Z1_mono1_fix1//test20tig_AVTZ// DONE 7.64669296991229 1 -0.02288329 -0.00632809 -0.00632758 -0.00000002 -0.01655569 -0.01632633 -0.01645893
shell0_X0_Y0_Z0_mono0_fix1/shell1_X-1_Y0_Z1_mono1_fix1//test20tig_AVTZ// DONE 7.646692981710969 1 -0.02288376 -0.00632810 -0.00632779 -0.00000002 -0.01655595 -0.01632590 -0.01645890
shell0_X0_Y0_Z0_mono0_fix1/shell1_X0_Y-1_Z1_mono0_fix1//test20tig_AVTZ// DONE 7.918115177639053 2 -0.01521015 -0.00040513 -0.00040568 -0.00000001 -0.01480447 -0.01462518 -0.01472883
shell0_X0_Y0_Z0_mono0_fix1/shell2_X-2_Y1_Z-1_mono1_fix1//test20tig_AVTZ// DONE 7.9370587750867125 1 -0.02362665 -0.00682063 -0.00682088 -0.00000002 -0.01680575 -0.01656580 -0.01670452
shell0_X0_Y0_Z0_mono0_fix1/shell2_X-2_Y0_Z-1_mono1_fix1//test20tig_AVTZ// DONE 7.937058818163156 1 -0.02362797 -0.00682111 -0.00682141 -0.00000002 -0.01680653 -0.01656617 -0.01670513
shell0_X0_Y0_Z0_mono0_fix1/shell1_X1_Y1_Z0_mono1_fix1//test20tig_AVTZ// DONE 7.937059651198265 1 -0.02362849 -0.00682117 -0.00682143 -0.00000002 -0.01680704 -0.01656579 -0.01670526
shell0_X0_Y0_Z0_mono0_fix1/shell1_X1_Y0_Z0_mono1_fix1//test20tig_AVTZ// DONE 7.937059665509641 1 -0.02362677 -0.00682063 -0.00682090 -0.00000002 -0.01680585 -0.01656590 -0.01670462
shell0_X0_Y0_Z0_mono0_fix1/shell1_X0_Y-1_Z-1_mono0_fix1//test20tig_AVTZ// DONE 7.94785401225415 2 -0.01744956 -0.00514244 -0.00514238 -0.00000002 -0.01230717 -0.01205468 -0.01220065
shell0_X0_Y0_Z0_mono0_fix1/shell1_X-1_Y-1_Z0_mono0_fix1//test20tig_AVTZ// DONE 8.165893982210708 2 -0.01016688 0.00883385 0.00883415 -0.00000003 -0.01900100 -0.01914275 -0.01906080
shell0_X0_Y0_Z0_mono0_fix1/shell1_X1_Y1_Z-1_mono1_fix1//test20tig_AVTZ// DONE 8.232858600601466 1 -0.01504057 -0.00316892 -0.00316892 -0.00000001 -0.01187164 -0.01169768 -0.01179825
shell0_X0_Y0_Z0_mono0_fix1/shell1_X1_Y0_Z-1_mono1_fix1//test20tig_AVTZ// DONE 8.232858625612328 1 -0.01504083 -0.00316925 -0.00316924 -0.00000001 -0.01187158 -0.01169776 -0.01179825
shell0_X0_Y0_Z0_mono0_fix1/shell2_X-2_Y1_Z0_mono1_fix1//test20tig_AVTZ// DONE 8.232859489005401 1 -0.01504095 -0.00316941 -0.00316946 -0.00000001 -0.01187148 -0.01169764 -0.01179814
shell0_X0_Y0_Z0_mono0_fix1/shell2_X-2_Y0_Z0_mono1_fix1//test20tig_AVTZ// DONE 8.232859518875284 1 -0.01504062 -0.00316918 -0.00316914 -0.00000001 -0.01187147 -0.01169770 -0.01179816
shell0_X0_Y0_Z0_mono0_fix1/shell1_X-1_Y1_Z0_mono0_fix1//test20tig_AVTZ// DONE 8.27527950048686 2 -0.00322094 0.00805945 0.00805908 -0.00000001 -0.01128000 -0.01139985 -0.01133056
shell0_X0_Y0_Z0_mono0_fix1/shell2_X0_Y0_Z2_mono0_fix1//test20tig_AVTZ// DONE 8.293258355384793 2 -0.01798469 -0.00929269 -0.00929235 -0.00000003 -0.00869232 -0.00841953 -0.00857724
shell0_X0_Y0_Z0_mono0_fix1/shell1_X-1_Y-1_Z-1_mono0_fix1//test20tig_AVTZ// DONE 8.971985427673124 2 -0.01118791 -0.00367059 -0.00367102 -0.00000001 -0.00751688 -0.00740638 -0.00747026
shell0_X0_Y0_Z0_mono0_fix1/shell1_X-1_Y1_Z-1_mono0_fix1//test20tig_AVTZ// DONE 9.035177165497887 2 -0.01189778 -0.00733374 -0.00733340 -0.00000001 -0.00456437 -0.00440493 -0.00449711
shell0_X0_Y0_Z0_mono0_fix1/shell2_X-1_Y0_Z-2_mono0_fix1//test20tig_AVTZ// DONE 9.153763844015145 2 -0.00045811 0.00691609 0.00691552 -0.00000002 -0.00737362 -0.00754320 -0.00744516
shell0_X0_Y0_Z0_mono0_fix1/shell1_X-1_Y-1_Z1_mono0_fix1//test20tig_AVTZ// DONE 9.295490539077504 2 0.00148688 0.00916636 0.00916632 -0.00000002 -0.00767942 -0.00793453 -0.00778705
shell0_X0_Y0_Z0_mono0_fix1/shell2_X-2_Y0_Z0_mono0_fix1//test20tig_AVTZ// DONE 9.361506889970096 2 -0.01187519 -0.00792908 -0.00792901 -0.00000001 -0.00394618 -0.00374512 -0.00386136
shell0_X0_Y0_Z0_mono0_fix1/shell1_X-1_Y1_Z1_mono0_fix1//test20tig_AVTZ// DONE 9.387373487374097 2 0.00955744 0.01666214 0.01666179 -0.00000000 -0.00710434 -0.00741769 -0.00723654
shell0_X0_Y0_Z0_mono0_fix1/shell2_X-2_Y1_Z-2_mono1_fix1//test20tig_AVTZ// DONE 9.573570512557703 1 -0.00428569 0.00101733 0.00101693 -0.00000001 -0.00530260 -0.00530930 -0.00530543
shell0_X0_Y0_Z0_mono0_fix1/shell2_X-2_Y0_Z-2_mono1_fix1//test20tig_AVTZ// DONE 9.573570545117207 1 -0.00428527 0.00101716 0.00101679 -0.00000001 -0.00530205 -0.00530978 -0.00530531
shell0_X0_Y0_Z0_mono0_fix1/shell1_X1_Y1_Z1_mono1_fix1//test20tig_AVTZ// DONE 9.573572628954876 1 -0.00428645 0.00101699 0.00101662 -0.00000001 -0.00530306 -0.00530837 -0.00530530
shell0_X0_Y0_Z0_mono0_fix1/shell1_X1_Y0_Z1_mono1_fix1//test20tig_AVTZ// DONE 9.573572643884125 1 -0.00428547 0.00101709 0.00101676 -0.00000001 -0.00530222 -0.00530979 -0.00530541
shell0_X0_Y0_Z0_mono0_fix1/shell2_X-1_Y0_Z2_mono0_fix1//test20tig_AVTZ// DONE 9.80780491502408 2 -0.00774684 -0.00515480 -0.00515470 -0.00000001 -0.00259213 -0.00247512 -0.00254277
shell0_X0_Y0_Z0_mono0_fix1/shell2_X-2_Y0_Z-1_mono0_fix1//test20tig_AVTZ// DONE 9.903259070833585 2 -0.00494865 -0.00085657 -0.00085679 -0.00000001 -0.00409185 -0.00404990 -0.00407415
shell0_X0_Y0_Z0_mono0_fix1/shell2_X1_Y1_Z-2_mono1_fix1//test20tig_AVTZ// DONE 10.272462453065987 1 -0.00085964 0.00216393 0.00216380 -0.00000001 -0.00302343 -0.00304862 -0.00303406
shell0_X0_Y0_Z0_mono0_fix1/shell2_X1_Y0_Z-2_mono1_fix1//test20tig_AVTZ// DONE 10.27246247983005 1 -0.00085122 0.00216383 0.00216371 -0.00000001 -0.00301492 -0.00304859 -0.00302913
shell0_X0_Y0_Z0_mono0_fix1/shell2_X-2_Y1_Z1_mono1_fix1//test20tig_AVTZ// DONE 10.272464555493372 1 -0.00085105 0.00216380 0.00216365 -0.00000001 -0.00301469 -0.00304858 -0.00302899
shell0_X0_Y0_Z0_mono0_fix1/shell2_X-2_Y0_Z1_mono1_fix1//test20tig_AVTZ// DONE 10.27246457253201 1 -0.00085979 0.00216387 0.00216374 -0.00000001 -0.00302352 -0.00304858 -0.00303410
shell0_X0_Y0_Z0_mono0_fix1/shell2_X-1_Y2_Z-1_mono1_fix1//test20tig_AVTZ// DONE 10.479836115247128 1 0.00166492 0.00493233 0.00493190 -0.00000000 -0.00326698 -0.00336529 -0.00330845
shell0_X0_Y0_Z0_mono0_fix1/shell1_X-1_Y-1_Z-1_mono1_fix1//test20tig_AVTZ// DONE 10.479836186966653 1 0.00166489 0.00493239 0.00493183 -0.00000001 -0.00326694 -0.00336534 -0.00330845
shell0_X0_Y0_Z0_mono0_fix1/shell2_X0_Y2_Z0_mono1_fix1//test20tig_AVTZ// DONE 10.47983678588932 1 0.00166486 0.00493238 0.00493193 -0.00000001 -0.00326706 -0.00336518 -0.00330846
shell0_X0_Y0_Z0_mono0_fix1/shell1_X0_Y-1_Z0_mono1_fix1//test20tig_AVTZ// DONE 10.479836843290183 1 0.00166486 0.00493241 0.00493185 -0.00000001 -0.00326699 -0.00336529 -0.00330846
shell0_X0_Y0_Z0_mono0_fix1/shell2_X-2_Y0_Z1_mono0_fix1//test20tig_AVTZ// DONE 10.506825541052299 2 -0.00590034 -0.00442529 -0.00442598 -0.00000001 -0.00147435 -0.00136975 -0.00143022
shell0_X0_Y0_Z0_mono0_fix1/shell2_X0_Y2_Z-1_mono1_fix1//test20tig_AVTZ// DONE 10.55227031009794 1 -0.00082029 0.00185358 0.00185314 -0.00000001 -0.00267342 -0.00269289 -0.00268164
shell0_X0_Y0_Z0_mono0_fix1/shell1_X0_Y-1_Z-1_mono1_fix1//test20tig_AVTZ// DONE 10.552270378746124 1 -0.00082035 0.00185351 0.00185313 -0.00000001 -0.00267348 -0.00269290 -0.00268167
shell0_X0_Y0_Z0_mono0_fix1/shell2_X-1_Y2_Z0_mono1_fix1//test20tig_AVTZ// DONE 10.55227099737296 1 -0.00082033 0.00185359 0.00185318 -0.00000001 -0.00267350 -0.00269290 -0.00268169
shell0_X0_Y0_Z0_mono0_fix1/shell1_X-1_Y-1_Z0_mono1_fix1//test20tig_AVTZ// DONE 10.552271056865091 1 -0.00082023 0.00185358 0.00185319 -0.00000001 -0.00267341 -0.00269290 -0.00268163
shell0_X0_Y0_Z0_mono0_fix1/shell2_X0_Y-1_Z2_mono0_fix1//test20tig_AVTZ// DONE 10.597767900119495 2 0.00072216 0.00331426 0.00331418 -0.00000001 -0.00259202 -0.00265629 -0.00261913
shell0_X0_Y0_Z0_mono0_fix1/shell2_X0_Y-1_Z-2_mono0_fix1//test20tig_AVTZ// DONE 10.621615668329172 2 -0.00381453 -0.00219667 -0.00219730 -0.00000000 -0.00161723 -0.00155615 -0.00159146
shell0_X0_Y0_Z0_mono0_fix1/shell3_X-1_Y1_Z-3_mono1_fix1//test20tig_AVTZ// DONE 10.88405459527898 1 -0.00265225 -0.00106778 -0.00106771 -0.00000001 -0.00158454 -0.00153569 -0.00156393
shell0_X0_Y0_Z0_mono0_fix1/shell3_X-1_Y0_Z-3_mono1_fix1//test20tig_AVTZ// DONE 10.88405462313503 1 -0.00265030 -0.00106772 -0.00106763 -0.00000000 -0.00158266 -0.00153564 -0.00156283
shell0_X0_Y0_Z0_mono0_fix1/shell2_X0_Y1_Z2_mono1_fix1//test20tig_AVTZ// DONE 10.884057744900195 1 -0.00265050 -0.00106762 -0.00106762 -0.00000001 -0.00158287 -0.00153567 -0.00156296
shell0_X0_Y0_Z0_mono0_fix1/shell2_X0_Y0_Z2_mono1_fix1//test20tig_AVTZ// DONE 10.884057758513 1 -0.00265247 -0.00106778 -0.00106769 -0.00000000 -0.00158478 -0.00153575 -0.00156410
shell0_X0_Y0_Z0_mono0_fix1/shell3_X0_Y1_Z-3_mono1_fix1//test20tig_AVTZ// DONE 11.227186363707679 2 -0.00150160 -0.00012102 -0.00012069 -0.00000001 -0.00138091 -0.00137149 -0.00137694
shell0_X0_Y0_Z0_mono0_fix1/shell2_X-1_Y1_Z2_mono1_fix1//test20tig_AVTZ// DONE 11.227189480441503 2 -0.00150012 -0.00012096 -0.00012062 -0.00000001 -0.00137949 -0.00137150 -0.00137612
shell0_X0_Y0_Z0_mono0_fix1/shell2_X-1_Y-1_Z-2_mono0_fix1//test20tig_AVTZ// DONE 11.29424631152965 2 -0.00372890 -0.00251851 -0.00251899 -0.00000000 -0.00120991 -0.00114074 -0.00118073
shell0_X0_Y0_Z0_mono0_fix1/shell2_X-1_Y1_Z-2_mono0_fix1//test20tig_AVTZ// DONE 11.31644354548893 2 -0.00086526 0.00059863 0.00059908 -0.00000000 -0.00146433 -0.00146668 -0.00146532
shell0_X0_Y0_Z0_mono0_fix1/shell2_X-2_Y-1_Z0_mono0_fix1//test20tig_AVTZ// DONE 11.431705900717049 2 0.00032023 0.00260335 0.00260283 -0.00000001 -0.00228260 -0.00234378 -0.00230841
shell0_X0_Y0_Z0_mono0_fix1/shell2_X2_Y-1_Z0_mono0_fix1//test20tig_AVTZ// DONE 11.511985300913397 2 -0.00080214 0.00045972 0.00045916 -0.00000000 -0.00126130 -0.00127202 -0.00126582
shell0_X0_Y0_Z0_mono0_fix1/shell2_X1_Y1_Z-2_mono0_fix1//test20tig_AVTZ// DONE 11.801089846871273 2 -0.00006378 0.00127091 0.00127086 -0.00000000 -0.00133465 -0.00135820 -0.00134458
shell0_X0_Y0_Z0_mono0_fix1/shell2_X-1_Y1_Z2_mono0_fix1//test20tig_AVTZ// DONE 11.854553024155814 2 0.00181653 0.00337977 0.00337989 -0.00000000 -0.00156336 -0.00163088 -0.00159184
shell0_X0_Y0_Z0_mono0_fix1/shell2_X-2_Y-1_Z-1_mono0_fix1//test20tig_AVTZ// DONE 11.891151656917735 2 0.00034880 0.00216215 0.00216258 -0.00000001 -0.00181378 -0.00186026 -0.00183339
shell0_X0_Y0_Z0_mono0_fix1/shell2_X-1_Y2_Z-2_mono1_fix1//test20tig_AVTZ// DONE 11.892728247980974 1 -0.00012586 0.00119783 0.00119805 -0.00000000 -0.00132391 -0.00134590 -0.00133318
shell0_X0_Y0_Z0_mono0_fix1/shell2_X-1_Y-1_Z-2_mono1_fix1//test20tig_AVTZ// DONE 11.8927283170759 1 -0.00012555 0.00119787 0.00119808 -0.00000000 -0.00132362 -0.00134592 -0.00133303
shell0_X0_Y0_Z0_mono0_fix1/shell2_X0_Y2_Z1_mono1_fix1//test20tig_AVTZ// DONE 11.892730010336884 1 -0.00012548 0.00119790 0.00119811 -0.00000000 -0.00132358 -0.00134591 -0.00133300
shell0_X0_Y0_Z0_mono0_fix1/shell1_X0_Y-1_Z1_mono1_fix1//test20tig_AVTZ// DONE 11.892730055033091 1 -0.00012584 0.00119787 0.00119809 -0.00000000 -0.00132393 -0.00134591 -0.00133320
shell0_X0_Y0_Z0_mono0_fix1/shell2_X-2_Y0_Z-2_mono0_fix1//test20tig_AVTZ// DONE 11.9138079772099 2 0.00042486 0.00196831 0.00196755 -0.00000001 -0.00154268 -0.00160858 -0.00157048
shell0_X0_Y0_Z0_mono0_fix1/shell2_X-2_Y1_Z-1_mono0_fix1//test20tig_AVTZ// DONE 11.9543527609583 2 -0.00288845 -0.00225512 -0.00225503 -0.00000000 -0.00063341 -0.00057545 -0.00060896
shell0_X0_Y0_Z0_mono0_fix1/shell2_X0_Y2_Z-2_mono1_fix1//test20tig_AVTZ// DONE 12.081056531222636 1 -0.00194061 -0.00109955 -0.00109946 -0.00000000 -0.00084115 -0.00080772 -0.00082704
shell0_X0_Y0_Z0_mono0_fix1/shell2_X0_Y-1_Z-2_mono1_fix1//test20tig_AVTZ// DONE 12.081056597548143 1 -0.00194165 -0.00109954 -0.00109945 -0.00000000 -0.00084219 -0.00080767 -0.00082763
shell0_X0_Y0_Z0_mono0_fix1/shell2_X-1_Y2_Z1_mono1_fix1//test20tig_AVTZ// DONE 12.081058295088953 1 -0.00194167 -0.00109950 -0.00109939 -0.00000000 -0.00084227 -0.00080766 -0.00082767
shell0_X0_Y0_Z0_mono0_fix1/shell1_X-1_Y-1_Z1_mono1_fix1//test20tig_AVTZ// DONE 12.081058340631005 1 -0.00194061 -0.00109951 -0.00109940 -0.00000000 -0.00084121 -0.00080765 -0.00082705
shell0_X0_Y0_Z0_mono0_fix1/shell3_X-3_Y1_Z-1_mono1_fix1//test20tig_AVTZ// DONE 12.129643244138835 1 -0.00140182 -0.00033793 -0.00033807 -0.00000001 -0.00106374 -0.00103849 -0.00105309
shell0_X0_Y0_Z0_mono0_fix1/shell3_X-3_Y0_Z-1_mono1_fix1//test20tig_AVTZ// DONE 12.129643268335899 1 -0.00139843 -0.00033797 -0.00033811 -0.00000001 -0.00106031 -0.00103838 -0.00105106
shell0_X0_Y0_Z0_mono0_fix1/shell2_X2_Y1_Z0_mono1_fix1//test20tig_AVTZ// DONE 12.12964376486562 1 -0.00139816 -0.00033796 -0.00033810 -0.00000001 -0.00106005 -0.00103850 -0.00105096
shell0_X0_Y0_Z0_mono0_fix1/shell2_X2_Y0_Z0_mono1_fix1//test20tig_AVTZ// DONE 12.129643778001537 1 -0.00140202 -0.00033793 -0.00033807 -0.00000001 -0.00106395 -0.00103842 -0.00105318
shell0_X0_Y0_Z0_mono0_fix1/shell2_X-2_Y2_Z-1_mono1_fix1//test20tig_AVTZ// DONE 12.288125498378834 1 -0.00105640 -0.00027406 -0.00027403 -0.00000000 -0.00078237 -0.00076415 -0.00077468
shell0_X0_Y0_Z0_mono0_fix1/shell2_X-2_Y-1_Z-1_mono1_fix1//test20tig_AVTZ// DONE 12.288125561514361 1 -0.00105615 -0.00027407 -0.00027405 -0.00000000 -0.00078210 -0.00076410 -0.00077451
shell0_X0_Y0_Z0_mono0_fix1/shell2_X1_Y2_Z0_mono1_fix1//test20tig_AVTZ// DONE 12.28812604120356 1 -0.00105620 -0.00027406 -0.00027404 -0.00000000 -0.00078216 -0.00076408 -0.00077453
shell0_X0_Y0_Z0_mono0_fix1/shell1_X1_Y-1_Z0_mono1_fix1//test20tig_AVTZ// DONE 12.288126088308935 1 -0.00105638 -0.00027407 -0.00027402 -0.00000000 -0.00078236 -0.00076413 -0.00077467
shell0_X0_Y0_Z0_mono0_fix1/shell3_X0_Y0_Z-3_mono0_fix1//test20tig_AVTZ// DONE 12.307337373733754 2 -0.00184142 -0.00120564 -0.00120539 -0.00000000 -0.00063603 -0.00059639 -0.00061931
shell0_X0_Y0_Z0_mono0_fix1/shell2_X2_Y1_Z-1_mono0_fix1//test20tig_AVTZ// DONE 12.382809884255245 2 -0.00033175 0.00078425 0.00078410 -0.00000001 -0.00111584 -0.00114949 -0.00113004
shell0_X0_Y0_Z0_mono0_fix1/shell3_X-2_Y1_Z-3_mono1_fix1//test20tig_AVTZ// DONE 12.394697932541886 1 -0.00056067 0.00037522 0.00037520 -0.00000000 -0.00093586 -0.00092298 -0.00093043
shell0_X0_Y0_Z0_mono0_fix1/shell3_X-2_Y0_Z-3_mono1_fix1//test20tig_AVTZ// DONE 12.394697956586858 1 -0.00056059 0.00037521 0.00037518 -0.00000000 -0.00093577 -0.00092284 -0.00093032
shell0_X0_Y0_Z0_mono0_fix1/shell2_X1_Y1_Z2_mono1_fix1//test20tig_AVTZ// DONE 12.394700658765307 1 -0.00056033 0.00037518 0.00037515 -0.00000001 -0.00093547 -0.00092284 -0.00093014
shell0_X0_Y0_Z0_mono0_fix1/shell2_X1_Y0_Z2_mono1_fix1//test20tig_AVTZ// DONE 12.3947006712363 1 -0.00056049 0.00037517 0.00037516 -0.00000000 -0.00093565 -0.00092296 -0.00093030
shell0_X0_Y0_Z0_mono0_fix1/shell2_X2_Y1_Z-1_mono1_fix1//test20tig_AVTZ// DONE 12.43658415588797 1 -0.00049024 0.00044146 0.00044156 -0.00000000 -0.00093180 -0.00093090 -0.00093142
shell0_X0_Y0_Z0_mono0_fix1/shell2_X2_Y0_Z-1_mono1_fix1//test20tig_AVTZ// DONE 12.436584171531699 1 -0.00048896 0.00044144 0.00044155 -0.00000000 -0.00093051 -0.00093293 -0.00093153
shell0_X0_Y0_Z0_mono0_fix1/shell3_X-3_Y1_Z0_mono1_fix1//test20tig_AVTZ// DONE 12.436584770825997 1 -0.00048899 0.00044138 0.00044149 -0.00000000 -0.00093048 -0.00093291 -0.00093150
shell0_X0_Y0_Z0_mono0_fix1/shell3_X-3_Y0_Z0_mono1_fix1//test20tig_AVTZ// DONE 12.436584791502533 1 -0.00048874 0.00044139 0.00044150 -0.00000000 -0.00093024 -0.00093300 -0.00093141
shell0_X0_Y0_Z0_mono0_fix1/shell2_X-2_Y1_Z1_mono0_fix1//test20tig_AVTZ// DONE 12.453271462979721 2 0.00174034 0.00293560 0.00293599 -0.00000000 -0.00119564 -0.00125744 -0.00122172
shell0_X0_Y0_Z0_mono0_fix1/shell2_X1_Y2_Z-1_mono1_fix1//test20tig_AVTZ// DONE 12.470204952125625 1 -0.00226458 -0.00180448 -0.00180450 -0.00000000 -0.00046007 -0.00039335 -0.00043192
shell0_X0_Y0_Z0_mono0_fix1/shell1_X1_Y-1_Z-1_mono1_fix1//test20tig_AVTZ// DONE 12.470205005668651 1 -0.00226497 -0.00180451 -0.00180453 -0.00000000 -0.00046044 -0.00039337 -0.00043214
shell0_X0_Y0_Z0_mono0_fix1/shell2_X-2_Y2_Z0_mono1_fix1//test20tig_AVTZ// DONE 12.470205547868273 1 -0.00226505 -0.00180448 -0.00180452 -0.00000000 -0.00046053 -0.00039328 -0.00043216
shell0_X0_Y0_Z0_mono0_fix1/shell2_X-2_Y-1_Z0_mono1_fix1//test20tig_AVTZ// DONE 12.470205602821212 1 -0.00226466 -0.00180447 -0.00180449 -0.00000000 -0.00046016 -0.00039326 -0.00043194
shell0_X0_Y0_Z0_mono0_fix1/shell3_X1_Y0_Z3_mono0_fix1//test20tig_AVTZ// DONE 12.79837182131102 2 -0.00027758 0.00046955 0.00046995 -0.00000000 -0.00074753 -0.00075663 -0.00075137
shell0_X0_Y0_Z0_mono0_fix1/shell2_X-2_Y0_Z2_mono0_fix1//test20tig_AVTZ// DONE 12.885391568406023 2 -0.00175882 -0.00137469 -0.00137430 -0.00000000 -0.00038451 -0.00034601 -0.00036827
shell0_X0_Y0_Z0_mono0_fix1/shell3_X-3_Y1_Z-2_mono1_fix1//test20tig_AVTZ// DONE 13.146758985415401 1 -0.00067735 0.00004005 0.00004000 -0.00000000 -0.00071734 -0.00070073 -0.00071033
shell0_X0_Y0_Z0_mono0_fix1/shell3_X-3_Y0_Z-2_mono1_fix1//test20tig_AVTZ// DONE 13.146759008149798 1 -0.00067693 0.00004002 0.00003997 -0.00000000 -0.00071690 -0.00070057 -0.00071001
shell0_X0_Y0_Z0_mono0_fix1/shell2_X2_Y1_Z1_mono1_fix1//test20tig_AVTZ// DONE 13.146760502226227 1 -0.00067681 0.00003998 0.00003993 -0.00000000 -0.00071674 -0.00070056 -0.00070991
shell0_X0_Y0_Z0_mono0_fix1/shell2_X2_Y0_Z1_mono1_fix1//test20tig_AVTZ// DONE 13.146760513950442 1 -0.00067750 0.00004002 0.00003996 -0.00000000 -0.00071746 -0.00070072 -0.00071040
shell0_X0_Y0_Z0_mono0_fix1/shell3_X1_Y1_Z-3_mono1_fix1//test20tig_AVTZ// DONE 13.270954127893539 1 0.00023074 0.00090385 0.00090405 -0.00000000 -0.00067330 -0.00068050 -0.00067634
shell0_X0_Y0_Z0_mono0_fix1/shell3_X1_Y0_Z-3_mono1_fix1//test20tig_AVTZ// DONE 13.270954148813216 1 0.00023033 0.00090383 0.00090404 -0.00000000 -0.00067372 -0.00068065 -0.00067664
shell0_X0_Y0_Z0_mono0_fix1/shell2_X-2_Y1_Z2_mono1_fix1//test20tig_AVTZ// DONE 13.270956795149358 1 0.00023163 0.00090383 0.00090402 -0.00000000 -0.00067239 -0.00068064 -0.00067587
shell0_X0_Y0_Z0_mono0_fix1/shell2_X-2_Y0_Z2_mono1_fix1//test20tig_AVTZ// DONE 13.270956808138601 1 0.00023196 0.00090384 0.00090404 -0.00000000 -0.00067208 -0.00068049 -0.00067563
shell0_X0_Y0_Z0_mono0_fix1/shell2_X0_Y-2_Z0_mono0_fix1//test20tig_AVTZ// DONE 13.33517811851783 2 -0.00170435 -0.00143517 -0.00143455 -0.00000000 -0.00026980 -0.00022989 -0.00025296
shell0_X0_Y0_Z0_mono0_fix1/shell2_X-2_Y2_Z-2_mono1_fix1//test20tig_AVTZ// DONE 13.403536023604476 1 -0.00027295 0.00031092 0.00031151 -0.00000000 -0.00058446 -0.00055519 -0.00057211
shell0_X0_Y0_Z0_mono0_fix1/shell2_X-2_Y-1_Z-2_mono1_fix1//test20tig_AVTZ// DONE 13.40353608509439 1 -0.00027109 0.00031091 0.00031148 -0.00000000 -0.00058257 -0.00055755 -0.00057202
shell0_X0_Y0_Z0_mono0_fix1/shell2_X1_Y2_Z1_mono1_fix1//test20tig_AVTZ// DONE 13.403537552718758 1 -0.00027227 0.00031090 0.00031149 -0.00000000 -0.00058375 -0.00055769 -0.00057276
shell0_X0_Y0_Z0_mono0_fix1/shell1_X1_Y-1_Z1_mono1_fix1//test20tig_AVTZ// DONE 13.403537592330627 1 -0.00027414 0.00031092 0.00031151 -0.00000000 -0.00058564 -0.00055532 -0.00057285
shell0_X0_Y0_Z0_mono0_fix1/shell3_X1_Y0_Z-3_mono0_fix1//test20tig_AVTZ// DONE 13.481495287436344 2 -0.00136702 -0.00105150 -0.00105145 -0.00000000 -0.00031557 -0.00027438 -0.00029819
shell0_X0_Y0_Z0_mono0_fix1/shell2_X-2_Y-1_Z-2_mono0_fix1//test20tig_AVTZ// DONE 13.618504014059653 2 -0.00004941 0.00063793 0.00063813 -0.00000000 -0.00068754 -0.00069754 -0.00069176
shell0_X0_Y0_Z0_mono0_fix1/shell2_X2_Y-1_Z2_mono0_fix1//test20tig_AVTZ// DONE 13.655137237801833 2 -0.00088446 -0.00053251 -0.00053227 -0.00000000 -0.00035219 -0.00034876 -0.00035074
shell0_X0_Y0_Z0_mono0_fix1/shell2_X1_Y2_Z-2_mono1_fix1//test20tig_AVTZ// DONE 13.895301154027159 1 -0.00152687 -0.00135371 -0.00135339 -0.00000000 -0.00017347 -0.00013352 -0.00015662
shell0_X0_Y0_Z0_mono0_fix1/shell2_X1_Y-1_Z-2_mono1_fix1//test20tig_AVTZ// DONE 13.895301207361287 1 -0.00152666 -0.00135374 -0.00135341 -0.00000000 -0.00017325 -0.00013366 -0.00015655
shell0_X0_Y0_Z0_mono0_fix1/shell2_X-2_Y2_Z1_mono1_fix1//test20tig_AVTZ// DONE 13.895302701389518 1 -0.00152620 -0.00135371 -0.00135339 -0.00000000 -0.00017280 -0.00013419 -0.00015652
shell0_X0_Y0_Z0_mono0_fix1/shell2_X-2_Y-1_Z1_mono1_fix1//test20tig_AVTZ// DONE 13.895302745331305 1 -0.00152642 -0.00135369 -0.00135337 -0.00000000 -0.00017305 -0.00013405 -0.00015660
shell0_X0_Y0_Z0_mono0_fix1/shell2_X0_Y2_Z-1_mono0_fix1//test20tig_AVTZ// DONE 13.936494404007645 2 -0.00102883 -0.00075329 -0.00075330 -0.00000000 -0.00027553 -0.00025292 -0.00026599
shell0_X0_Y0_Z0_mono0_fix1/shell2_X0_Y-2_Z-1_mono0_fix1//test20tig_AVTZ// DONE 13.947039752824194 2 -0.00098697 -0.00076777 -0.00076738 -0.00000000 -0.00021960 -0.00019758 -0.00021031
shell0_X0_Y0_Z0_mono0_fix1/shell3_X-3_Y0_Z0_mono0_fix1//test20tig_AVTZ// DONE 13.95033872608004 2 -0.00129271 -0.00107940 -0.00107903 -0.00000000 -0.00021369 -0.00017602 -0.00019779
shell0_X0_Y0_Z0_mono0_fix1/shell3_X0_Y1_Z-3_mono0_fix1//test20tig_AVTZ// DONE 13.96639031723012 2 0.00022476 0.00070652 0.00070661 -0.00000000 -0.00048186 -0.00047442 -0.00047872
shell0_X0_Y0_Z0_mono0_fix1/shell2_X2_Y1_Z-2_mono1_fix1//test20tig_AVTZ// DONE 13.973774098217433 1 0.00028215 0.00081851 0.00081894 -0.00000000 -0.00053679 -0.00053335 -0.00053534
shell0_X0_Y0_Z0_mono0_fix1/shell2_X2_Y0_Z-2_mono1_fix1//test20tig_AVTZ// DONE 13.973774114765796 1 0.00028200 0.00081849 0.00081892 -0.00000000 -0.00053693 -0.00053376 -0.00053559
shell0_X0_Y0_Z0_mono0_fix1/shell3_X-3_Y1_Z1_mono1_fix1//test20tig_AVTZ// DONE 13.973775652525275 1 0.00028147 0.00081845 0.00081888 -0.00000000 -0.00053741 -0.00053303 -0.00053556
shell0_X0_Y0_Z0_mono0_fix1/shell3_X-3_Y0_Z1_mono1_fix1//test20tig_AVTZ// DONE 13.973775668235369 1 0.00028201 0.00081847 0.00081890 -0.00000000 -0.00053689 -0.00053328 -0.00053536
shell0_X0_Y0_Z0_mono0_fix1/shell3_X0_Y1_Z3_mono0_fix1//test20tig_AVTZ// DONE 13.981812193654894 2 -0.00105854 -0.00082148 -0.00082130 -0.00000000 -0.00023723 -0.00020534 -0.00022378
shell0_X0_Y0_Z0_mono0_fix1/shell2_X-1_Y-2_Z0_mono0_fix1//test20tig_AVTZ// DONE 14.091118059605131 2 -0.00082114 -0.00049447 -0.00049421 -0.00000000 -0.00032693 -0.00031150 -0.00032042
shell0_X0_Y0_Z0_mono0_fix1/shell2_X-1_Y2_Z0_mono0_fix1//test20tig_AVTZ// DONE 14.134034187848806 2 -0.00054573 -0.00023012 -0.00022989 -0.00000000 -0.00031583 -0.00030063 -0.00030942
shell0_X0_Y0_Z0_mono0_fix1/shell3_X3_Y0_Z1_mono0_fix1//test20tig_AVTZ// DONE 14.221424004532233 2 -0.00079917 -0.00047510 -0.00047464 -0.00000000 -0.00032452 -0.00027901 -0.00030532
shell0_X0_Y0_Z0_mono0_fix1/shell3_X-1_Y2_Z-3_mono1_fix1//test20tig_AVTZ// DONE 14.358581523304705 1 -0.00040692 -0.00007556 -0.00007531 -0.00000000 -0.00033161 -0.00032536 -0.00032897
shell0_X0_Y0_Z0_mono0_fix1/shell3_X-1_Y-1_Z-3_mono1_fix1//test20tig_AVTZ// DONE 14.35858158144169 1 -0.00040458 -0.00007554 -0.00007529 -0.00000000 -0.00032928 -0.00032786 -0.00032868
shell0_X0_Y0_Z0_mono0_fix1/shell2_X0_Y2_Z2_mono1_fix1//test20tig_AVTZ// DONE 14.358583934969959 1 -0.00040454 -0.00007553 -0.00007527 -0.00000000 -0.00032926 -0.00032787 -0.00032868
shell0_X0_Y0_Z0_mono0_fix1/shell2_X0_Y-1_Z2_mono1_fix1//test20tig_AVTZ// DONE 14.358583971060447 1 -0.00040695 -0.00007554 -0.00007529 -0.00000000 -0.00033166 -0.00032541 -0.00032902
shell0_X0_Y0_Z0_mono0_fix1/shell3_X1_Y1_Z3_mono0_fix1//test20tig_AVTZ// DONE 14.408746943252993 2 -0.00100757 -0.00080282 -0.00080279 -0.00000000 -0.00020479 -0.00016921 -0.00018978
shell0_X0_Y0_Z0_mono0_fix1/shell3_X-1_Y1_Z-3_mono0_fix1//test20tig_AVTZ// DONE 14.414839975025055 2 0.00024498 0.00065164 0.00065172 -0.00000000 -0.00040674 -0.00040613 -0.00040648
shell0_X0_Y0_Z0_mono0_fix1/shell2_X-2_Y-1_Z2_mono0_fix1//test20tig_AVTZ// DONE 14.460065059886931 2 -0.00041235 -0.00009039 -0.00009020 -0.00000000 -0.00032215 -0.00031665 -0.00031983
shell0_X0_Y0_Z0_mono0_fix1/shell2_X-2_Y1_Z2_mono0_fix1//test20tig_AVTZ// DONE 14.508945052929375 2 0.00088094 0.00139817 0.00139828 -0.00000000 -0.00051735 -0.00054888 -0.00053065
shell0_X0_Y0_Z0_mono0_fix1/shell2_X-1_Y-2_Z-1_mono0_fix1//test20tig_AVTZ// DONE 14.571058685783044 2 -0.00098341 -0.00080994 -0.00080964 -0.00000000 -0.00017377 -0.00014961 -0.00016358
shell0_X0_Y0_Z0_mono0_fix1/shell2_X-1_Y2_Z-1_mono0_fix1//test20tig_AVTZ// DONE 14.600754609128417 2 -0.00091085 -0.00073055 -0.00073068 -0.00000000 -0.00018017 -0.00015205 -0.00016831
shell0_X0_Y0_Z0_mono0_fix1/shell3_X0_Y2_Z-3_mono1_fix1//test20tig_AVTZ// DONE 14.614832315906765 2 -0.00080139 -0.00059259 -0.00059254 -0.00000000 -0.00020885 -0.00019381 -0.00020251
shell0_X0_Y0_Z0_mono0_fix1/shell2_X-1_Y2_Z2_mono1_fix1//test20tig_AVTZ// DONE 14.614834715053357 2 -0.00080396 -0.00059256 -0.00059249 -0.00000000 -0.00021147 -0.00019049 -0.00020262
shell0_X0_Y0_Z0_mono0_fix1/shell4_X-1_Y1_Z-4_mono1_fix1//test20tig_AVTZ// DONE 14.707869000789374 1 -0.00043216 -0.00021120 -0.00021105 -0.00000000 -0.00022110 -0.00020477 -0.00021421
shell0_X0_Y0_Z0_mono0_fix1/shell4_X-1_Y0_Z-4_mono1_fix1//test20tig_AVTZ// DONE 14.707869020585198 1 -0.00043192 -0.00021118 -0.00021104 -0.00000000 -0.00022088 -0.00020446 -0.00021395
shell0_X0_Y0_Z0_mono0_fix1/shell3_X0_Y1_Z3_mono1_fix1//test20tig_AVTZ// DONE 14.707872266198896 1 -0.00043213 -0.00021118 -0.00021103 -0.00000000 -0.00022110 -0.00020468 -0.00021417
shell0_X0_Y0_Z0_mono0_fix1/shell3_X0_Y0_Z3_mono1_fix1//test20tig_AVTZ// DONE 14.707872277066322 1 -0.00043241 -0.00021118 -0.00021105 -0.00000000 -0.00022136 -0.00020496 -0.00021444
shell0_X0_Y0_Z0_mono0_fix1/shell2_X-1_Y-2_Z1_mono0_fix1//test20tig_AVTZ// DONE 14.764799907068557 2 -0.00013752 0.00020116 0.00020112 -0.00000000 -0.00033864 -0.00033141 -0.00033559
shell0_X0_Y0_Z0_mono0_fix1/shell3_X-2_Y0_Z-3_mono0_fix1//test20tig_AVTZ// DONE 14.79948159907602 2 0.00030189 0.00070889 0.00070893 -0.00000000 -0.00040704 -0.00042428 -0.00041431
shell0_X0_Y0_Z0_mono0_fix1/shell2_X-1_Y2_Z1_mono0_fix1//test20tig_AVTZ// DONE 14.810869609804305 2 0.00031055 0.00066381 0.00066388 -0.00000000 -0.00035332 -0.00037363 -0.00036189
shell0_X0_Y0_Z0_mono0_fix1/shell3_X-3_Y0_Z1_mono0_fix1//test20tig_AVTZ// DONE 14.836365077938146 2 -0.00093827 -0.00082948 -0.00082920 -0.00000000 -0.00010908 -0.00007680 -0.00009546
shell0_X0_Y0_Z0_mono0_fix1/shell3_X1_Y1_Z-3_mono0_fix1//test20tig_AVTZ// DONE 15.001851744848004 2 -0.00015580 0.00011606 0.00011615 -0.00000000 -0.00027195 -0.00024653 -0.00026123
shell0_X0_Y0_Z0_mono0_fix1/shell3_X-1_Y1_Z3_mono0_fix1//test20tig_AVTZ// DONE 15.032015891296195 2 -0.00000242 0.00028719 0.00028710 -0.00000000 -0.00028951 -0.00029279 -0.00029090
shell0_X0_Y0_Z0_mono0_fix1/shell4_X0_Y1_Z-4_mono1_fix1//test20tig_AVTZ// DONE 15.056582997603156 2 -0.00022227 -0.00000297 -0.00000312 -0.00000000 -0.00021915 -0.00022010 -0.00021955
shell0_X0_Y0_Z0_mono0_fix1/shell3_X-1_Y1_Z3_mono1_fix1//test20tig_AVTZ// DONE 15.056586226714083 2 -0.00022582 -0.00000295 -0.00000310 -0.00000000 -0.00022272 -0.00021704 -0.00022032
shell0_X0_Y0_Z0_mono0_fix1/shell3_X-3_Y1_Z-3_mono1_fix1//test20tig_AVTZ// DONE 15.225568925229839 1 -0.00011474 0.00019245 0.00019248 -0.00000000 -0.00030722 -0.00029251 -0.00030101
shell0_X0_Y0_Z0_mono0_fix1/shell3_X-3_Y0_Z-3_mono1_fix1//test20tig_AVTZ// DONE 15.225568944359074 1 -0.00011034 0.00019244 0.00019248 -0.00000000 -0.00030282 -0.00029796 -0.00030077
shell0_X0_Y0_Z0_mono0_fix1/shell2_X2_Y1_Z2_mono1_fix1//test20tig_AVTZ// DONE 15.225571125474277 1 -0.00011016 0.00019241 0.00019245 -0.00000000 -0.00030260 -0.00029808 -0.00030069
shell0_X0_Y0_Z0_mono0_fix1/shell2_X2_Y0_Z2_mono1_fix1//test20tig_AVTZ// DONE 15.225571136058868 1 -0.00011462 0.00019242 0.00019246 -0.00000000 -0.00030708 -0.00029260 -0.00030097
shell0_X0_Y0_Z0_mono0_fix1/shell3_X-3_Y2_Z-1_mono1_fix1//test20tig_AVTZ// DONE 15.330218936991185 1 -0.00059200 -0.00045991 -0.00045988 -0.00000000 -0.00013212 -0.00011308 -0.00012409
shell0_X0_Y0_Z0_mono0_fix1/shell3_X-3_Y-1_Z-1_mono1_fix1//test20tig_AVTZ// DONE 15.330218987860805 1 -0.00059277 -0.00045992 -0.00045989 -0.00000000 -0.00013288 -0.00011287 -0.00012444
shell0_X0_Y0_Z0_mono0_fix1/shell2_X2_Y2_Z0_mono1_fix1//test20tig_AVTZ// DONE 15.330219343675227 1 -0.00059196 -0.00045992 -0.00045989 -0.00000000 -0.00013207 -0.00011319 -0.00012410
shell0_X0_Y0_Z0_mono0_fix1/shell2_X2_Y-1_Z0_mono1_fix1//test20tig_AVTZ// DONE 15.330219381175105 1 -0.00059099 -0.00045990 -0.00045988 -0.00000000 -0.00013111 -0.00011343 -0.00012365
shell0_X0_Y0_Z0_mono0_fix1/shell3_X3_Y1_Z0_mono0_fix1//test20tig_AVTZ// DONE 15.419560287236694 2 -0.00004987 0.00027115 0.00027119 -0.00000000 -0.00032106 -0.00031483 -0.00031843
shell0_X0_Y0_Z0_mono0_fix1/shell3_X3_Y-1_Z0_mono0_fix1//test20tig_AVTZ// DONE 15.468774368084398 2 -0.00039199 -0.00025223 -0.00025221 -0.00000000 -0.00013977 -0.00013197 -0.00013648
shell0_X0_Y0_Z0_mono0_fix1/shell3_X-2_Y2_Z-3_mono1_fix1//test20tig_AVTZ// DONE 15.539943753169773 1 -0.00012819 0.00010340 0.00010331 -0.00000000 -0.00023150 -0.00022199 -0.00022749
shell0_X0_Y0_Z0_mono0_fix1/shell3_X-2_Y-1_Z-3_mono1_fix1//test20tig_AVTZ// DONE 15.539943806822265 1 -0.00012938 0.00010340 0.00010331 -0.00000000 -0.00023269 -0.00022187 -0.00022812
shell0_X0_Y0_Z0_mono0_fix1/shell2_X1_Y2_Z2_mono1_fix1//test20tig_AVTZ// DONE 15.539945950822178 1 -0.00012896 0.00010340 0.00010331 -0.00000000 -0.00023227 -0.00022258 -0.00022818
shell0_X0_Y0_Z0_mono0_fix1/shell2_X1_Y-1_Z2_mono1_fix1//test20tig_AVTZ// DONE 15.539945984331949 1 -0.00012767 0.00010340 0.00010331 -0.00000000 -0.00023097 -0.00022265 -0.00022746
shell0_X0_Y0_Z0_mono0_fix1/shell2_X2_Y2_Z-1_mono1_fix1//test20tig_AVTZ// DONE 15.569951604743169 2 -0.00072775 -0.00065256 -0.00065257 -0.00000000 -0.00007518 -0.00005180 -0.00006532
shell0_X0_Y0_Z0_mono0_fix1/shell2_X2_Y-1_Z-1_mono1_fix1//test20tig_AVTZ// DONE 15.569951645390432 2 -0.00072764 -0.00065257 -0.00065259 -0.00000000 -0.00007506 -0.00005193 -0.00006530
shell0_X0_Y0_Z0_mono0_fix1/shell3_X3_Y0_Z2_mono0_fix1//test20tig_AVTZ// DONE 15.592752709922282 2 -0.00009116 0.00017930 0.00017935 -0.00000000 -0.00027051 -0.00025072 -0.00026216
shell0_X0_Y0_Z0_mono0_fix1/shell2_X0_Y-2_Z2_mono0_fix1//test20tig_AVTZ// DONE 15.613282823897391 2 -0.00015778 0.00004821 0.00004802 -0.00000000 -0.00020579 -0.00018614 -0.00019750
shell0_X0_Y0_Z0_mono0_fix1/shell2_X0_Y2_Z2_mono0_fix1//test20tig_AVTZ// DONE 15.628134422686914 2 -0.00036101 -0.00024390 -0.00024383 0.00000000 -0.00011718 -0.00011780 -0.00011744
shell0_X0_Y0_Z0_mono0_fix1/shell3_X3_Y1_Z1_mono0_fix1//test20tig_AVTZ// DONE 15.669331298505606 2 0.00015973 0.00050169 0.00050150 -0.00000000 -0.00034177 -0.00035154 -0.00034589
shell0_X0_Y0_Z0_mono0_fix1/shell3_X3_Y-1_Z1_mono0_fix1//test20tig_AVTZ// DONE 15.712660654206568 2 -0.00068297 -0.00059465 -0.00059459 -0.00000000 -0.00008838 -0.00005962 -0.00007625
shell0_X0_Y0_Z0_mono0_fix1/shell4_X-2_Y1_Z-4_mono1_fix1//test20tig_AVTZ// DONE 15.769854211071495 1 -0.00016547 0.00002033 0.00002028 -0.00000000 -0.00018576 -0.00016831 -0.00017840
shell0_X0_Y0_Z0_mono0_fix1/shell4_X-2_Y0_Z-4_mono1_fix1//test20tig_AVTZ// DONE 15.769854229385077 1 -0.00016513 0.00002033 0.00002029 -0.00000000 -0.00018541 -0.00016811 -0.00017812
shell0_X0_Y0_Z0_mono0_fix1/shell3_X1_Y1_Z3_mono1_fix1//test20tig_AVTZ// DONE 15.769857224623605 1 -0.00016493 0.00002032 0.00002028 -0.00000000 -0.00018520 -0.00016839 -0.00017811
shell0_X0_Y0_Z0_mono0_fix1/shell3_X1_Y0_Z3_mono1_fix1//test20tig_AVTZ// DONE 15.769857234949344 1 -0.00016527 0.00002031 0.00002028 -0.00000000 -0.00018555 -0.00016847 -0.00017834
shell0_X0_Y0_Z0_mono0_fix1/shell3_X2_Y0_Z-3_mono0_fix1//test20tig_AVTZ// DONE 15.955869446300113 2 -0.00054631 -0.00044784 -0.00044787 -0.00000000 -0.00009844 -0.00008095 -0.00009106
shell0_X0_Y0_Z0_mono0_fix1/shell2_X-1_Y-2_Z-2_mono0_fix1//test20tig_AVTZ// DONE 16.099963822708663 2 -0.00061414 -0.00055596 -0.00055587 -0.00000000 -0.00005827 -0.00004654 -0.00005332
shell0_X0_Y0_Z0_mono0_fix1/shell2_X-1_Y2_Z-2_mono0_fix1//test20tig_AVTZ// DONE 16.115286806651564 2 -0.00038763 -0.00026614 -0.00026621 -0.00000000 -0.00012142 -0.00009876 -0.00011186
shell0_X0_Y0_Z0_mono0_fix1/shell3_X-3_Y2_Z-2_mono1_fix1//test20tig_AVTZ// DONE 16.148111292290668 1 -0.00025332 -0.00011141 -0.00011142 -0.00000000 -0.00014189 -0.00014098 -0.00014151
shell0_X0_Y0_Z0_mono0_fix1/shell3_X-3_Y-1_Z-2_mono1_fix1//test20tig_AVTZ// DONE 16.148111342680064 1 -0.00025387 -0.00011143 -0.00011143 -0.00000000 -0.00014244 -0.00014098 -0.00014182
shell0_X0_Y0_Z0_mono0_fix1/shell2_X2_Y2_Z1_mono1_fix1//test20tig_AVTZ// DONE 16.148112532585934 1 -0.00025283 -0.00011142 -0.00011144 -0.00000000 -0.00014139 -0.00014170 -0.00014152
shell0_X0_Y0_Z0_mono0_fix1/shell2_X2_Y-1_Z1_mono1_fix1//test20tig_AVTZ// DONE 16.148112566121075 1 -0.00025204 -0.00011142 -0.00011142 -0.00000000 -0.00014062 -0.00014179 -0.00014111
shell0_X0_Y0_Z0_mono0_fix1/shell2_X-2_Y-2_Z0_mono0_fix1//test20tig_AVTZ// DONE 16.19657131788308 2 0.00004496 0.00028945 0.00028956 -0.00000000 -0.00024460 -0.00024780 -0.00024595
shell0_X0_Y0_Z0_mono0_fix1/shell3_X-2_Y-1_Z-3_mono0_fix1//test20tig_AVTZ// DONE 16.20698451677515 2 -0.00012884 0.00007014 0.00007011 -0.00000000 -0.00019895 -0.00018393 -0.00019261
shell0_X0_Y0_Z0_mono0_fix1/shell3_X-3_Y-1_Z1_mono0_fix1//test20tig_AVTZ// DONE 16.22426875876685 2 -0.00022268 -0.00005019 -0.00005007 0.00000000 -0.00017261 -0.00017052 -0.00017172
shell0_X0_Y0_Z0_mono0_fix1/shell3_X-2_Y1_Z-3_mono0_fix1//test20tig_AVTZ// DONE 16.22545885801144 2 -0.00001405 0.00017169 0.00017164 -0.00000000 -0.00018569 -0.00016850 -0.00017844
shell0_X0_Y0_Z0_mono0_fix1/shell3_X1_Y2_Z-3_mono1_fix1//test20tig_AVTZ// DONE 16.237643675274423 1 -0.00054791 -0.00047039 -0.00047030 -0.00000000 -0.00007760 -0.00006210 -0.00007106
shell0_X0_Y0_Z0_mono0_fix1/shell3_X1_Y-1_Z-3_mono1_fix1//test20tig_AVTZ// DONE 16.237643722772045 1 -0.00054825 -0.00047039 -0.00047031 -0.00000000 -0.00007794 -0.00006213 -0.00007127
shell0_X0_Y0_Z0_mono0_fix1/shell2_X-2_Y2_Z2_mono1_fix1//test20tig_AVTZ// DONE 16.23764585352318 1 -0.00054825 -0.00047038 -0.00047030 -0.00000000 -0.00007795 -0.00006253 -0.00007145
shell0_X0_Y0_Z0_mono0_fix1/shell2_X-2_Y-1_Z2_mono1_fix1//test20tig_AVTZ// DONE 16.237645889250558 1 -0.00054802 -0.00047037 -0.00047029 -0.00000000 -0.00007773 -0.00006251 -0.00007131
shell0_X0_Y0_Z0_mono0_fix1/shell2_X-2_Y2_Z0_mono0_fix1//test20tig_AVTZ// DONE 16.253063649174994 2 0.00002793 0.00022534 0.00022537 -0.00000000 -0.00019745 -0.00018540 -0.00019236
shell0_X0_Y0_Z0_mono0_fix1/shell3_X-3_Y1_Z1_mono0_fix1//test20tig_AVTZ// DONE 16.269741392590333 2 0.00008185 0.00025161 0.00025177 -0.00000000 -0.00016992 -0.00017491 -0.00017202
shell0_X0_Y0_Z0_mono0_fix1/shell4_X0_Y0_Z-4_mono0_fix1//test20tig_AVTZ// DONE 16.347790283422473 2 -0.00039092 -0.00028424 -0.00028431 -0.00000000 -0.00010661 -0.00008247 -0.00009642
shell0_X0_Y0_Z0_mono0_fix1/shell3_X2_Y1_Z-3_mono1_fix1//test20tig_AVTZ// DONE 16.39567958814046 1 0.00025785 0.00049092 0.00049079 -0.00000000 -0.00023294 -0.00022262 -0.00022859
shell0_X0_Y0_Z0_mono0_fix1/shell3_X2_Y0_Z-3_mono1_fix1//test20tig_AVTZ// DONE 16.395679603273454 1 0.00025803 0.00049091 0.00049079 -0.00000000 -0.00023276 -0.00022260 -0.00022847
shell0_X0_Y0_Z0_mono0_fix1/shell3_X-3_Y1_Z2_mono1_fix1//test20tig_AVTZ// DONE 16.395681761713423 1 0.00025611 0.00049089 0.00049077 -0.00000000 -0.00023466 -0.00022158 -0.00022914
shell0_X0_Y0_Z0_mono0_fix1/shell3_X-3_Y0_Z2_mono1_fix1//test20tig_AVTZ// DONE 16.395681774054886 1 0.00025592 0.00049090 0.00049078 -0.00000000 -0.00023486 -0.00022159 -0.00022926
shell0_X0_Y0_Z0_mono0_fix1/shell2_X-1_Y-2_Z2_mono0_fix1//test20tig_AVTZ// DONE 16.45010944753709 2 0.00013285 0.00033926 0.00033917 -0.00000000 -0.00020632 -0.00019712 -0.00020244
shell0_X0_Y0_Z0_mono0_fix1/shell2_X1_Y-2_Z-2_mono0_fix1//test20tig_AVTZ// DONE 16.489701089274174 2 0.00035861 0.00057816 0.00057817 0.00000000 -0.00021956 -0.00023048 -0.00022417
shell0_X0_Y0_Z0_mono0_fix1/shell2_X-2_Y-2_Z-1_mono0_fix1//test20tig_AVTZ// DONE 16.526428084654743 2 -0.00014348 0.00003495 0.00003485 -0.00000000 -0.00017832 -0.00016921 -0.00017448
shell0_X0_Y0_Z0_mono0_fix1/shell4_X-4_Y1_Z-1_mono1_fix1//test20tig_AVTZ// DONE 16.555903966950844 1 -0.00016175 0.00000495 0.00000494 -0.00000000 -0.00016669 -0.00015881 -0.00016336
shell0_X0_Y0_Z0_mono0_fix1/shell4_X-4_Y0_Z-1_mono1_fix1//test20tig_AVTZ// DONE 16.555903983217547 1 -0.00016108 0.00000495 0.00000493 -0.00000000 -0.00016601 -0.00015916 -0.00016312
shell0_X0_Y0_Z0_mono0_fix1/shell3_X3_Y1_Z0_mono1_fix1//test20tig_AVTZ// DONE 16.555904316458015 1 -0.00015913 0.00000495 0.00000494 -0.00000000 -0.00016407 -0.00016035 -0.00016250
shell0_X0_Y0_Z0_mono0_fix1/shell3_X3_Y0_Z0_mono1_fix1//test20tig_AVTZ// DONE 16.555904327484644 1 -0.00015981 0.00000496 0.00000494 -0.00000000 -0.00016475 -0.00015978 -0.00016265
shell0_X0_Y0_Z0_mono0_fix1/shell2_X2_Y-2_Z1_mono0_fix1//test20tig_AVTZ// DONE 16.57343671801886 2 -0.00038020 -0.00028095 -0.00028098 -0.00000000 -0.00009922 -0.00007683 -0.00008978
shell0_X0_Y0_Z0_mono0_fix1/shell4_X-1_Y0_Z-4_mono0_fix1//test20tig_AVTZ// DONE 16.63752219189112 2 -0.00011698 0.00002131 0.00002127 -0.00000000 -0.00013825 -0.00012624 -0.00013318
shell0_X0_Y0_Z0_mono0_fix1/shell3_X3_Y0_Z-2_mono0_fix1//test20tig_AVTZ// DONE 16.692377424344517 2 -0.00045773 -0.00040549 -0.00040557 -0.00000000 -0.00005215 -0.00003776 -0.00004608
shell0_X0_Y0_Z0_mono0_fix1/shell4_X1_Y1_Z-4_mono1_fix1//test20tig_AVTZ// DONE 16.72412479845399 1 0.00009263 0.00025664 0.00025662 -0.00000000 -0.00016399 -0.00017072 -0.00016683
shell0_X0_Y0_Z0_mono0_fix1/shell4_X1_Y0_Z-4_mono1_fix1//test20tig_AVTZ// DONE 16.724124814648594 1 0.00009189 0.00025664 0.00025662 -0.00000000 -0.00016473 -0.00017073 -0.00016726
shell0_X0_Y0_Z0_mono0_fix1/shell3_X-2_Y1_Z3_mono1_fix1//test20tig_AVTZ// DONE 16.724127733673054 1 0.00009152 0.00025664 0.00025662 -0.00000000 -0.00016510 -0.00017050 -0.00016738
shell0_X0_Y0_Z0_mono0_fix1/shell3_X-2_Y0_Z3_mono1_fix1//test20tig_AVTZ// DONE 16.724127744402512 1 0.00009225 0.00025664 0.00025662 -0.00000000 -0.00016437 -0.00017050 -0.00016696
shell0_X0_Y0_Z0_mono0_fix1/shell2_X2_Y2_Z-2_mono1_fix1//test20tig_AVTZ// DONE 16.819852895206044 1 -0.00046988 -0.00042037 -0.00042027 -0.00000000 -0.00004961 -0.00003021 -0.00004143
shell0_X0_Y0_Z0_mono0_fix1/shell2_X2_Y-1_Z-2_mono1_fix1//test20tig_AVTZ// DONE 16.819852936202597 1 -0.00046993 -0.00042038 -0.00042028 -0.00000000 -0.00004965 -0.00002997 -0.00004135
shell0_X0_Y0_Z0_mono0_fix1/shell3_X-3_Y2_Z1_mono1_fix1//test20tig_AVTZ// DONE 16.819854186560722 1 -0.00046943 -0.00042039 -0.00042028 -0.00000000 -0.00004915 -0.00003096 -0.00004148
shell0_X0_Y0_Z0_mono0_fix1/shell3_X-3_Y-1_Z1_mono1_fix1//test20tig_AVTZ// DONE 16.819854225967656 1 -0.00047068 -0.00042037 -0.00042027 -0.00000000 -0.00005041 -0.00003048 -0.00004200
shell0_X0_Y0_Z0_mono0_fix1/shell3_X3_Y1_Z-1_mono1_fix1//test20tig_AVTZ// DONE 16.865244728118874 2 -0.00001453 0.00014455 0.00014454 -0.00000000 -0.00015907 -0.00015467 -0.00015721
shell0_X0_Y0_Z0_mono0_fix1/shell3_X3_Y0_Z-1_mono1_fix1//test20tig_AVTZ// DONE 16.86524473999244 2 -0.00001471 0.00014455 0.00014454 -0.00000000 -0.00015925 -0.00015457 -0.00015728
shell0_X0_Y0_Z0_mono0_fix1/shell2_X-2_Y-2_Z1_mono0_fix1//test20tig_AVTZ// DONE 16.874626764865713 2 0.00016679 0.00036938 0.00036920 -0.00000000 -0.00020241 -0.00021774 -0.00020888
shell0_X0_Y0_Z0_mono0_fix1/shell3_X-1_Y3_Z-1_mono1_fix1//test20tig_AVTZ// DONE 16.886708034604982 2 0.00028614 0.00049709 0.00049692 -0.00000000 -0.00021078 -0.00021323 -0.00021181
shell0_X0_Y0_Z0_mono0_fix1/shell2_X-1_Y-2_Z-1_mono1_fix1//test20tig_AVTZ// DONE 16.886708104536137 2 0.00028548 0.00049708 0.00049692 -0.00000000 -0.00021143 -0.00021304 -0.00021211
shell0_X0_Y0_Z0_mono0_fix1/shell3_X-3_Y-1_Z-2_mono0_fix1//test20tig_AVTZ// DONE 16.928006948810463 2 0.00016577 0.00038923 0.00038923 -0.00000000 -0.00022346 -0.00023175 -0.00022696
shell0_X0_Y0_Z0_mono0_fix1/shell3_X0_Y3_Z-1_mono1_fix1//test20tig_AVTZ// DONE 16.93026570708809 2 0.00019772 0.00038712 0.00038698 -0.00000000 -0.00018926 -0.00019503 -0.00019169
shell0_X0_Y0_Z0_mono0_fix1/shell2_X0_Y-2_Z-1_mono1_fix1//test20tig_AVTZ// DONE 16.930265774953295 2 0.00019840 0.00038712 0.00038698 -0.00000000 -0.00018858 -0.00019594 -0.00019168
shell0_X0_Y0_Z0_mono0_fix1/shell2_X-2_Y2_Z1_mono0_fix1//test20tig_AVTZ// DONE 16.930395445637572 2 0.00044650 0.00068310 0.00068293 -0.00000000 -0.00023643 -0.00023224 -0.00023466
shell0_X0_Y0_Z0_mono0_fix1/shell3_X3_Y-1_Z2_mono0_fix1//test20tig_AVTZ// DONE 16.959525324251047 2 -0.00037671 -0.00029868 -0.00029881 -0.00000000 -0.00007790 -0.00005050 -0.00006634
shell0_X0_Y0_Z0_mono0_fix1/shell4_X-4_Y1_Z-2_mono1_fix1//test20tig_AVTZ// DONE 17.23159550899095 1 -0.00013783 0.00000151 0.00000145 -0.00000000 -0.00013928 -0.00012961 -0.00013520
shell0_X0_Y0_Z0_mono0_fix1/shell4_X-4_Y0_Z-2_mono1_fix1//test20tig_AVTZ// DONE 17.231595525132125 1 -0.00013733 0.00000151 0.00000144 -0.00000000 -0.00013877 -0.00012974 -0.00013496
shell0_X0_Y0_Z0_mono0_fix1/shell3_X3_Y1_Z1_mono1_fix1//test20tig_AVTZ// DONE 17.231596641369453 1 -0.00013649 0.00000150 0.00000143 -0.00000000 -0.00013792 -0.00012941 -0.00013433
shell0_X0_Y0_Z0_mono0_fix1/shell3_X3_Y0_Z1_mono1_fix1//test20tig_AVTZ// DONE 17.231596651462336 1 -0.00013714 0.00000151 0.00000144 -0.00000000 -0.00013858 -0.00012922 -0.00013463
shell0_X0_Y0_Z0_mono0_fix1/shell3_X-2_Y-1_Z3_mono0_fix1//test20tig_AVTZ// DONE 17.257440564519097 2 -0.00022215 -0.00012960 -0.00012977 -0.00000000 -0.00009238 -0.00007249 -0.00008399
shell0_X0_Y0_Z0_mono0_fix1/shell3_X2_Y-1_Z-3_mono0_fix1//test20tig_AVTZ// DONE 17.288923436234775 2 0.00017561 0.00034806 0.00034788 -0.00000000 -0.00017227 -0.00015360 -0.00016439
shell0_X0_Y0_Z0_mono0_fix1/shell4_X1_Y0_Z-4_mono0_fix1//test20tig_AVTZ// DONE 17.331446415940594 2 -0.00036283 -0.00029728 -0.00029740 -0.00000000 -0.00006542 -0.00003808 -0.00005389
shell0_X0_Y0_Z0_mono0_fix1/shell4_X-1_Y2_Z-4_mono1_fix1//test20tig_AVTZ// DONE 17.435403948809842 1 -0.00019045 -0.00011083 -0.00011088 -0.00000000 -0.00007957 -0.00008239 -0.00008076
shell0_X0_Y0_Z0_mono0_fix1/shell4_X-1_Y-1_Z-4_mono1_fix1//test20tig_AVTZ// DONE 17.435403996127395 1 -0.00018968 -0.00011081 -0.00011087 -0.00000000 -0.00007881 -0.00008226 -0.00008026
shell0_X0_Y0_Z0_mono0_fix1/shell3_X0_Y2_Z3_mono1_fix1//test20tig_AVTZ// DONE 17.43540671803995 1 -0.00018980 -0.00011081 -0.00011086 -0.00000000 -0.00007894 -0.00008212 -0.00008028
shell0_X0_Y0_Z0_mono0_fix1/shell3_X0_Y-1_Z3_mono1_fix1//test20tig_AVTZ// DONE 17.43540674830702 1 -0.00019061 -0.00011082 -0.00011087 -0.00000000 -0.00007974 -0.00008225 -0.00008080
shell0_X0_Y0_Z0_mono0_fix1/shell4_X0_Y1_Z-4_mono0_fix1//test20tig_AVTZ// DONE 17.631886911598325 2 0.00002582 0.00014735 0.00014731 -0.00000000 -0.00012148 -0.00009612 -0.00011078
shell0_X0_Y0_Z0_mono0_fix1/shell4_X0_Y-1_Z-4_mono0_fix1//test20tig_AVTZ// DONE 17.64206158009006 2 -0.00033197 -0.00028780 -0.00028775 -0.00000000 -0.00004422 -0.00003501 -0.00004033
shell0_X0_Y0_Z0_mono0_fix1/shell4_X0_Y2_Z-4_mono1_fix1//test20tig_AVTZ// DONE 17.728157860131727 1 -0.00025734 -0.00019683 -0.00019683 0.00000000 -0.00006051 -0.00005110 -0.00005654
shell0_X0_Y0_Z0_mono0_fix1/shell4_X0_Y-1_Z-4_mono1_fix1//test20tig_AVTZ// DONE 17.72815790574649 1 -0.00025393 -0.00019682 -0.00019682 -0.00000000 -0.00005710 -0.00005470 -0.00005609
shell0_X0_Y0_Z0_mono0_fix1/shell3_X-1_Y2_Z3_mono1_fix1//test20tig_AVTZ// DONE 17.728160609541657 1 -0.00025396 -0.00019681 -0.00019681 -0.00000000 -0.00005715 -0.00005464 -0.00005609
shell0_X0_Y0_Z0_mono0_fix1/shell3_X-1_Y-1_Z3_mono1_fix1//test20tig_AVTZ// DONE 17.728160640177656 1 -0.00025745 -0.00019682 -0.00019682 -0.00000000 -0.00006063 -0.00005103 -0.00005658
shell0_X0_Y0_Z0_mono0_fix1/shell3_X-1_Y3_Z-2_mono1_fix1//test20tig_AVTZ// DONE 17.798415795880207 1 0.00013740 0.00028490 0.00028488 0.00000000 -0.00014748 -0.00013595 -0.00014262
shell0_X0_Y0_Z0_mono0_fix1/shell2_X-1_Y-2_Z-2_mono1_fix1//test20tig_AVTZ// DONE 17.798415865688316 1 0.00013458 0.00028490 0.00028489 -0.00000000 -0.00015030 -0.00013201 -0.00014259
shell0_X0_Y0_Z0_mono0_fix1/shell3_X0_Y3_Z1_mono1_fix1//test20tig_AVTZ// DONE 17.798416963063172 1 0.00013511 0.00028491 0.00028489 -0.00000000 -0.00014978 -0.00013269 -0.00014257
shell0_X0_Y0_Z0_mono0_fix1/shell2_X0_Y-2_Z1_mono1_fix1//test20tig_AVTZ// DONE 17.798417019918144 1 0.00013718 0.00028491 0.00028489 0.00000000 -0.00014771 -0.00013569 -0.00014264
shell0_X0_Y0_Z0_mono0_fix1/shell2_X-2_Y-2_Z-2_mono0_fix1//test20tig_AVTZ// DONE 17.807696100392644 2 -0.00020523 -0.00010893 -0.00010898 0.00000000 -0.00009624 -0.00005884 -0.00008046
shell0_X0_Y0_Z0_mono0_fix1/shell3_X-3_Y0_Z-3_mono0_fix1//test20tig_AVTZ// DONE 17.81110250844444 2 0.00009822 0.00024130 0.00024118 -0.00000000 -0.00014296 -0.00013724 -0.00014054
shell0_X0_Y0_Z0_mono0_fix1/shell2_X2_Y-2_Z2_mono0_fix1//test20tig_AVTZ// DONE 17.84036279195925 2 -0.00029896 -0.00024431 -0.00024443 -0.00000000 -0.00005453 -0.00003324 -0.00004555
shell0_X0_Y0_Z0_mono0_fix1/shell3_X-3_Y2_Z-3_mono1_fix1//test20tig_AVTZ// DONE 17.87976960789148 1 -0.00007164 0.00002072 0.00002070 -0.00000000 -0.00009234 -0.00009081 -0.00009169
shell0_X0_Y0_Z0_mono0_fix1/shell3_X-3_Y-1_Z-3_mono1_fix1//test20tig_AVTZ// DONE 17.879769653872753 1 -0.00007422 0.00002071 0.00002069 -0.00000000 -0.00009491 -0.00009082 -0.00009318
shell0_X0_Y0_Z0_mono0_fix1/shell2_X2_Y2_Z2_mono1_fix1//test20tig_AVTZ// DONE 17.879771493198973 1 -0.00007404 0.00002071 0.00002069 0.00000000 -0.00009472 -0.00009092 -0.00009312
shell0_X0_Y0_Z0_mono0_fix1/shell2_X2_Y-1_Z2_mono1_fix1//test20tig_AVTZ// DONE 17.87977152299502 1 -0.00007151 0.00002071 0.00002070 -0.00000000 -0.00009221 -0.00009091 -0.00009166
shell0_X0_Y0_Z0_mono0_fix1/shell4_X-1_Y-1_Z-4_mono0_fix1//test20tig_AVTZ// DONE 17.9067560109396 2 -0.00030795 -0.00026049 -0.00026055 -0.00000000 -0.00004741 -0.00002761 -0.00003906
shell0_X0_Y0_Z0_mono0_fix1/shell4_X-1_Y1_Z-4_mono0_fix1//test20tig_AVTZ// DONE 17.90752430110886 2 0.00010732 0.00022765 0.00022765 -0.00000000 -0.00012033 -0.00010897 -0.00011554
shell0_X0_Y0_Z0_mono0_fix1/shell3_X0_Y3_Z-2_mono1_fix1//test20tig_AVTZ// DONE 17.921843681770326 1 -0.00001325 0.00009705 0.00009701 -0.00000000 -0.00011026 -0.00010393 -0.00010759
shell0_X0_Y0_Z0_mono0_fix1/shell2_X0_Y-2_Z-2_mono1_fix1//test20tig_AVTZ// DONE 17.92184374946378 1 -0.00001299 0.00009705 0.00009701 -0.00000000 -0.00011000 -0.00010393 -0.00010744
shell0_X0_Y0_Z0_mono0_fix1/shell3_X-1_Y3_Z1_mono1_fix1//test20tig_AVTZ// DONE 17.921844859568285 2 -0.00001289 0.00009706 0.00009702 -0.00000000 -0.00010991 -0.00010406 -0.00010744
shell0_X0_Y0_Z0_mono0_fix1/shell3_X-3_Y-1_Z2_mono0_fix1//test20tig_AVTZ// DONE 17.938737430356248 2 -0.00021446 -0.00014351 -0.00014356 0.00000000 -0.00007091 -0.00005428 -0.00006389
shell0_X0_Y0_Z0_mono0_fix1/shell3_X-3_Y1_Z2_mono0_fix1//test20tig_AVTZ// DONE 17.97478024579154 2 0.00015451 0.00027343 0.00027329 -0.00000000 -0.00011878 -0.00012295 -0.00012054
shell0_X0_Y0_Z0_mono0_fix1/shell4_X-3_Y1_Z-4_mono1_fix1//test20tig_AVTZ// DONE 17.998901006050314 1 -0.00002220 0.00008325 0.00008317 -0.00000000 -0.00010537 -0.00009584 -0.00010135
shell0_X0_Y0_Z0_mono0_fix1/shell4_X-3_Y0_Z-4_mono1_fix1//test20tig_AVTZ// DONE 17.99890102180382 1 -0.00002121 0.00008325 0.00008316 -0.00000000 -0.00010437 -0.00009603 -0.00010085
shell0_X0_Y0_Z0_mono0_fix1/shell3_X2_Y1_Z3_mono1_fix1//test20tig_AVTZ// DONE 17.99890362628945 1 -0.00002095 0.00008324 0.00008315 -0.00000000 -0.00010410 -0.00009618 -0.00010076
shell0_X0_Y0_Z0_mono0_fix1/shell3_X2_Y0_Z3_mono1_fix1//test20tig_AVTZ// DONE 17.998903635637554 1 -0.00002200 0.00008324 0.00008315 -0.00000000 -0.00010515 -0.00009598 -0.00010128
shell0_X0_Y0_Z0_mono0_fix1/shell3_X-2_Y3_Z-1_mono1_fix1//test20tig_AVTZ// DONE 18.067309350675327 2 0.00004097 0.00014588 0.00014590 -0.00000000 -0.00010493 -0.00009864 -0.00010227
shell0_X0_Y0_Z0_mono0_fix1/shell2_X-2_Y-2_Z-1_mono1_fix1//test20tig_AVTZ// DONE 18.067309417429374 2 0.00004094 0.00014588 0.00014589 -0.00000000 -0.00010495 -0.00009865 -0.00010229
shell0_X0_Y0_Z0_mono0_fix1/shell3_X0_Y-2_Z3_mono0_fix1//test20tig_AVTZ// DONE 18.068303457005015 2 0.00005935 0.00017096 0.00017098 -0.00000000 -0.00011164 -0.00009218 -0.00010343
shell0_X0_Y0_Z0_mono0_fix1/shell3_X0_Y-2_Z-3_mono0_fix1//test20tig_AVTZ// DONE 18.08257186051416 2 -0.00016633 -0.00011805 -0.00011818 -0.00000000 -0.00004815 -0.00004276 -0.00004588
shell0_X0_Y0_Z0_mono0_fix1/shell3_X3_Y1_Z-2_mono1_fix1//test20tig_AVTZ// DONE 18.10682468979288 1 0.00011307 0.00023203 0.00023199 0.00000000 -0.00011892 -0.00012418 -0.00012114
shell0_X0_Y0_Z0_mono0_fix1/shell3_X3_Y0_Z-2_mono1_fix1//test20tig_AVTZ// DONE 18.106824701906323 1 0.00011292 0.00023202 0.00023198 -0.00000000 -0.00011906 -0.00012418 -0.00012122
shell0_X0_Y0_Z0_mono0_fix1/shell4_X-4_Y1_Z1_mono1_fix1//test20tig_AVTZ// DONE 18.106825905772144 1 0.00011274 0.00023201 0.00023197 -0.00000000 -0.00011923 -0.00012403 -0.00012126
shell0_X0_Y0_Z0_mono0_fix1/shell4_X-4_Y0_Z1_mono1_fix1//test20tig_AVTZ// DONE 18.106825918564716 1 0.00011288 0.00023201 0.00023197 -0.00000000 -0.00011909 -0.00012404 -0.00012118
shell0_X0_Y0_Z0_mono0_fix1/shell4_X-2_Y0_Z-4_mono0_fix1//test20tig_AVTZ// DONE 18.143504622870825 2 0.00007527 0.00019357 0.00019353 -0.00000000 -0.00011827 -0.00010535 -0.00011282
shell0_X0_Y0_Z0_mono0_fix1/shell3_X1_Y3_Z-1_mono1_fix1//test20tig_AVTZ// DONE 18.18887037728976 2 -0.00008590 -0.00000988 -0.00000988 -0.00000000 -0.00007602 -0.00006597 -0.00007178
shell0_X0_Y0_Z0_mono0_fix1/shell2_X1_Y-2_Z-1_mono1_fix1//test20tig_AVTZ// DONE 18.1888704385797 2 -0.00008602 -0.00000989 -0.00000988 -0.00000000 -0.00007613 -0.00006592 -0.00007182
shell0_X0_Y0_Z0_mono0_fix1/shell4_X-2_Y2_Z-4_mono1_fix1//test20tig_AVTZ// DONE 18.342637662826256 1 -0.00007498 0.00000129 0.00000126 -0.00000000 -0.00007625 -0.00007005 -0.00007363
shell0_X0_Y0_Z0_mono0_fix1/shell4_X-2_Y-1_Z-4_mono1_fix1//test20tig_AVTZ// DONE 18.342637707864537 1 -0.00007266 0.00000129 0.00000127 -0.00000000 -0.00007393 -0.00007006 -0.00007229
shell0_X0_Y0_Z0_mono0_fix1/shell3_X1_Y2_Z3_mono1_fix1//test20tig_AVTZ// DONE 18.342640269440327 1 -0.00007282 0.00000129 0.00000127 -0.00000000 -0.00007409 -0.00006997 -0.00007235
shell0_X0_Y0_Z0_mono0_fix1/shell3_X1_Y-1_Z3_mono1_fix1//test20tig_AVTZ// DONE 18.342640298206202 1 -0.00007508 0.00000128 0.00000126 -0.00000000 -0.00007634 -0.00006995 -0.00007365
shell0_X0_Y0_Z0_mono0_fix1/shell3_X1_Y2_Z3_mono0_fix1//test20tig_AVTZ// DONE 18.416614944968845 2 -0.00030485 -0.00028576 -0.00028582 -0.00000000 -0.00001903 -0.00000633 -0.00001367
shell0_X0_Y0_Z0_mono0_fix1/shell3_X-1_Y2_Z-3_mono0_fix1//test20tig_AVTZ// DONE 18.42241701629805 2 -0.00004719 0.00003198 0.00003183 -0.00000000 -0.00007902 -0.00006363 -0.00007253
shell0_X0_Y0_Z0_mono0_fix1/shell2_X2_Y2_Z-2_mono0_fix1//test20tig_AVTZ// DONE 18.448130036498895 2 0.00011325 0.00023690 0.00023688 -0.00000000 -0.00012362 -0.00011018 -0.00011795
shell0_X0_Y0_Z0_mono0_fix1/shell2_X2_Y-2_Z-2_mono0_fix1//test20tig_AVTZ// DONE 18.49526349966686 2 0.00039483 0.00056775 0.00056766 0.00000000 -0.00017283 -0.00015565 -0.00016559
shell0_X0_Y0_Z0_mono0_fix1/shell4_X-1_Y-1_Z4_mono0_fix1//test20tig_AVTZ// DONE 18.54260717401357 2 -0.00008445 -0.00000986 -0.00000995 0.00000000 -0.00007450 -0.00004911 -0.00006379
shell0_X0_Y0_Z0_mono0_fix1/shell4_X-4_Y0_Z0_mono0_fix1//test20tig_AVTZ// DONE 18.55807330425707 2 -0.00029131 -0.00025881 -0.00025899 -0.00000000 -0.00003232 -0.00000071 -0.00001899
shell0_X0_Y0_Z0_mono0_fix1/shell4_X1_Y-1_Z-4_mono0_fix1//test20tig_AVTZ// DONE 18.56076474560414 2 -0.00012650 -0.00005555 -0.00005564 -0.00000000 -0.00007086 -0.00004453 -0.00005975
