18.56076474560414 -0.000253 -0.0001111 -0.00011128 0.0 -0.00014172 -8.906e-05 -0.0001195
18.55807330425707 -0.00083562 -0.00062872 -0.00062926 0.0 -0.00020636 -9.048e-05 -0.00015748
18.54260717401357 -0.00100452 -0.00064844 -0.00064916 0.0 -0.00035536 -0.0001887 -0.00028505999999999996
18.49526349966686 -0.0002148600000000001 0.00048706 0.00048616 0.0 -0.00070102 -0.0005 -0.0006162399999999999
18.448130036498895 1.1639999999999909e-05 0.00096086 0.00095992 0.0 -0.00094826 -0.00072036 -0.0008521399999999999
18.42241701629805 -8.274000000000009e-05 0.00102482 0.00102358 0.0 -0.0011063 -0.00084762 -0.0009972
18.416614944968845 -0.0006924400000000001 0.0004533000000000001 0.00045194000000000007 0.0 -0.0011443599999999999 -0.0008602799999999999 -0.00102454
18.342640298206202 -0.0007675200000000002 0.0004545800000000001 0.00045320000000000007 0.0 -0.0012207 -0.00093023 -0.00109819
18.342640269440327 -0.0008403400000000002 0.0004558700000000001 0.00045447000000000006 0.0 -0.0012947899999999999 -0.0010002 -0.0011705399999999999
18.342637707864537 -0.0009130000000000002 0.0004571600000000001 0.00045574000000000005 0.0 -0.00136872 -0.00107026 -0.0012428299999999999
18.342637662826256 -0.0009879800000000003 0.00045845000000000006 0.00045700000000000005 0.0 -0.0014449699999999998 -0.0011403099999999998 -0.00131646
18.1888704385797 -0.0011600200000000003 0.00043867000000000005 0.00043724000000000004 0.0 -0.0015972299999999998 -0.0012721499999999999 -0.0014601
18.18887037728976 -0.0013318200000000003 0.00041891000000000004 0.00041748 0.0 -0.0017492699999999998 -0.0014040899999999998 -0.00160366
18.143504622870825 -0.0011812800000000003 0.00080605 0.0008045400000000001 0.0 -0.0019858099999999997 -0.0016147899999999998 -0.0018293
18.106825918564716 -0.0010684000000000002 0.00103806 0.00103651 0.0 -0.0021049 -0.0017388299999999998 -0.00195048
18.106825905772144 -0.0009556600000000002 0.0012700699999999999 0.00126848 0.0 -0.00222413 -0.0018628599999999998 -0.0020717400000000003
18.106824701906323 -0.0008427400000000002 0.0015020899999999998 0.00150046 0.0 -0.0023431899999999998 -0.00198704 -0.0021929600000000003
18.10682468979288 -0.0007296700000000002 0.0017341199999999998 0.00173245 0.0 -0.00246211 -0.0021112199999999996 -0.0023141000000000004
18.08257186051416 -0.0010623300000000002 0.0014980199999999999 0.00149609 0.0 -0.00255841 -0.0021967399999999995 -0.0024058600000000006
18.068303457005015 -0.0009436300000000002 0.00183994 0.00183805 0.0 -0.0027816900000000003 -0.0023810999999999997 -0.0026127200000000007
18.067309417429374 -0.0008617500000000002 0.0021317 0.00212983 0.0 -0.00299159 -0.0025784 -0.002817300000000001
18.067309350675327 -0.0007798100000000002 0.0024234599999999997 0.00242163 0.0 -0.00320145 -0.00277568 -0.003021840000000001
17.998903635637554 -0.0008018100000000002 0.0025066999999999997 0.0025047800000000003 0.0 -0.0033066000000000003 -0.00287166 -0.003123120000000001
17.99890362628945 -0.0008227600000000003 0.0025899399999999998 0.0025879300000000004 0.0 -0.0034107000000000005 -0.00296784 -0.003223880000000001
17.99890102180382 -0.0008439700000000003 0.0026731899999999998 0.0026710900000000005 0.0 -0.0035150700000000003 -0.00306387 -0.003324730000000001
17.998901006050314 -0.0008661700000000003 0.0027564399999999998 0.0027542600000000006 0.0 -0.0036204400000000004 -0.0031597099999999996 -0.003426080000000001
17.97478024579154 -0.0005571500000000003 0.0033033 0.0033008400000000006 0.0 -0.0038580000000000003 -0.0034056099999999995 -0.003667160000000001
17.938737430356248 -0.0009860700000000003 0.0030162799999999997 0.0030137200000000005 0.0 -0.00399982 -0.0035141699999999996 -0.003794940000000001
17.921844859568285 -0.0010118500000000003 0.0032103999999999995 0.0032077600000000005 0.0 -0.00421964 -0.0037222899999999996 -0.004009820000000001
17.92184374946378 -0.0010248400000000004 0.0033074499999999995 0.0033047700000000003 0.0 -0.00432964 -0.0038262199999999995 -0.004117260000000001
17.921843681770326 -0.0010380900000000004 0.0034044999999999995 0.00340178 0.0 -0.0044399 -0.0039301499999999994 -0.004224850000000001
17.90752430110886 -0.0008234500000000004 0.0038597999999999996 0.00385708 0.0 -0.00468056 -0.004148089999999999 -0.004455930000000001
17.9067560109396 -0.0014393500000000003 0.0033388199999999997 0.00333598 0.0 -0.00477538 -0.004203309999999999 -0.004534050000000001
17.87977152299502 -0.0015108600000000002 0.00335953 0.00335668 0.0 -0.00486759 -0.004294219999999999 -0.004625710000000002
17.879771493198973 -0.0015849000000000002 0.00338024 0.0033773699999999998 0.0 -0.00496231 -0.004385139999999999 -0.004718830000000002
17.879769653872753 -0.0016591200000000003 0.0034009500000000002 0.0033980599999999996 0.0 -0.00505722 -0.004475959999999999 -0.004812010000000002
17.87976960789148 -0.0017307600000000002 0.0034216700000000004 0.0034187599999999994 0.0 -0.00514956 -0.0045667699999999995 -0.004903700000000002
17.84036279195925 -0.0023286800000000005 0.0029330500000000004 0.002929899999999999 0.0 -0.00525862 -0.004633249999999999 -0.004994800000000002
17.81110250844444 -0.0021322400000000005 0.0034156500000000005 0.003412259999999999 0.0 -0.005544540000000001 -0.004907729999999999 -0.005275880000000003
17.807696100392644 -0.0025427000000000006 0.0031977900000000007 0.003194299999999999 0.0 -0.005737020000000001 -0.005025409999999999 -0.005436800000000003
17.798417019918144 -0.0024055200000000004 0.003482700000000001 0.0034791899999999988 0.0 -0.00588473 -0.005161099999999999 -0.005579440000000003
17.798416963063172 -0.0022704100000000005 0.003767610000000001 0.0037640799999999986 0.0 -0.006034510000000001 -0.00529379 -0.005722010000000003
17.798415865688316 -0.0021358300000000005 0.004052510000000001 0.004048969999999999 0.0 -0.006184810000000001 -0.0054258 -0.005864600000000003
17.798415795880207 -0.0019984300000000003 0.004337410000000002 0.004333849999999999 0.0 -0.006332290000000001 -0.00556175 -0.006007220000000003
17.728160640177656 -0.00225588 0.004140590000000001 0.004137029999999999 0.0 -0.006392920000000001 -0.0056127799999999995 -0.006063800000000003
17.728160609541657 -0.00250984 0.003943780000000001 0.003940219999999999 0.0 -0.0064500700000000005 -0.005667419999999999 -0.006119890000000003
17.72815790574649 -0.00276377 0.003746960000000001 0.0037433999999999987 0.0 -0.0065071700000000005 -0.00572212 -0.006175980000000003
17.728157860131727 -0.00302111 0.003550130000000001 0.003546569999999999 0.0 -0.00656768 -0.00577322 -0.006232520000000003
17.64206158009006 -0.00368505 0.0029745300000000013 0.002971069999999999 0.0 -0.006656120000000001 -0.0058432399999999995 -0.0063131800000000024
17.631886911598325 -0.00363341 0.0032692300000000014 0.003265689999999999 0.0 -0.006899080000000001 -0.006035479999999999 -0.006534740000000002
17.43540674830702 -0.00382402 0.0031584100000000013 0.003154819999999999 0.0 -0.006978820000000001 -0.006117729999999999 -0.006615540000000002
17.43540671803995 -0.00401382 0.0030476000000000014 0.003043959999999999 0.0 -0.0070577600000000015 -0.006199849999999999 -0.0066958200000000025
17.435403996127395 -0.004203500000000001 0.0029367900000000016 0.0029330899999999993 0.0 -0.007136570000000002 -0.006282109999999999 -0.006776080000000003
17.435403948809842 -0.004393950000000001 0.0028259600000000015 0.0028222099999999995 0.0 -0.007216140000000002 -0.006364499999999999 -0.006856840000000003
17.331446415940594 -0.005119610000000001 0.0022314000000000014 0.0022274099999999995 0.0 -0.007346980000000002 -0.006440659999999998 -0.006964620000000003
17.288923436234775 -0.004768390000000001 0.0029275200000000016 0.0029231699999999997 0.0 -0.007691520000000002 -0.006747859999999998 -0.007293400000000003
17.257440564519097 -0.005212690000000001 0.002668320000000002 0.0026636299999999997 0.0 -0.007876280000000003 -0.006892839999999998 -0.007461380000000003
17.231596651462336 -0.005349830000000001 0.002669830000000002 0.00266507 0.0 -0.008014860000000002 -0.007022059999999998 -0.007596010000000003
17.231596641369453 -0.005486320000000001 0.002671330000000002 0.0026665 0.0 -0.008152780000000002 -0.007151469999999998 -0.007730340000000003
17.231595525132125 -0.005623650000000001 0.0026728400000000023 0.00266794 0.0 -0.008291550000000002 -0.007281209999999998 -0.007865300000000004
17.23159550899095 -0.005761480000000001 0.0026743500000000024 0.0026693900000000002 0.0 -0.008430830000000002 -0.007410819999999998 -0.008000500000000004
16.959525324251047 -0.006514900000000001 0.0020769900000000025 0.00207177 0.0 -0.008586630000000001 -0.007511819999999998 -0.008133180000000004
16.930395445637572 -0.005621900000000002 0.0034431900000000022 0.00343763 0.0 -0.009059490000000002 -0.007976299999999999 -0.008602500000000004
16.930265774953295 -0.005225100000000002 0.004217430000000002 0.00421159 0.0 -0.009436650000000001 -0.00836818 -0.008985860000000003
16.93026570708809 -0.004829660000000001 0.004991670000000002 0.00498555 0.0 -0.009815170000000002 -0.008758239999999999 -0.009369240000000004
16.928006948810463 -0.004498120000000001 0.005770130000000002 0.00576401 0.0 -0.010262090000000001 -0.009221739999999999 -0.009823160000000004
16.886708104536137 -0.003927160000000002 0.006764290000000002 0.00675785 0.0 -0.010684950000000002 -0.00964782 -0.010247380000000004
16.886708034604982 -0.0033548800000000015 0.007758470000000002 0.00775169 0.0 -0.011106510000000002 -0.01007428 -0.010671000000000003
16.874626764865713 -0.0030213000000000015 0.008497230000000001 0.00849009 0.0 -0.011511330000000002 -0.01050976 -0.011088760000000003
16.86524473999244 -0.0030507200000000016 0.008786330000000002 0.008779170000000001 0.0 -0.011829830000000001 -0.0108189 -0.011403320000000003
16.865244728118874 -0.0030797800000000016 0.009075430000000002 0.009068250000000002 0.0 -0.012147970000000001 -0.01112824 -0.011717740000000003
16.819854225967656 -0.003550460000000002 0.008655060000000003 0.008647980000000001 0.0 -0.012198380000000002 -0.011158719999999999 -0.011759740000000003
16.819854186560722 -0.004019890000000002 0.008234670000000003 0.008227700000000001 0.0 -0.012247530000000001 -0.011189679999999999 -0.011801220000000003
16.819852936202597 -0.004489820000000002 0.007814290000000003 0.007807420000000001 0.0 -0.012297180000000001 -0.01121965 -0.011842570000000004
16.819852895206044 -0.004959700000000002 0.0073939200000000035 0.00738715 0.0 -0.012346790000000002 -0.011249859999999999 -0.011884000000000004
16.724127744402512 -0.0048674500000000015 0.007650560000000003 0.00764377 0.0 -0.012511160000000002 -0.01142036 -0.012050960000000005
16.724127733673054 -0.004775930000000001 0.007907200000000003 0.00790039 0.0 -0.012676260000000002 -0.01159086 -0.012218340000000005
16.724124814648594 -0.004684040000000001 0.008163840000000004 0.008157010000000001 0.0 -0.012840990000000002 -0.011761589999999999 -0.012385600000000005
16.72412479845399 -0.0045914100000000015 0.008420480000000004 0.008413630000000002 0.0 -0.013004980000000001 -0.011932309999999998 -0.012552430000000005
16.692377424344517 -0.005506870000000001 0.007609500000000004 0.007602490000000002 0.0 -0.013109280000000001 -0.012007829999999999 -0.012644590000000006
16.63752219189112 -0.0057408300000000015 0.0076521200000000044 0.0076450300000000014 0.0 -0.013385780000000002 -0.012260309999999998 -0.012910950000000006
16.57343671801886 -0.006501230000000002 0.007090220000000005 0.007083070000000001 0.0 -0.013584220000000001 -0.012413969999999998 -0.013090510000000007
16.555904327484644 -0.006661040000000002 0.007095180000000005 0.007088010000000001 0.0 -0.013748970000000001 -0.012573749999999998 -0.013253160000000007
16.555904316458015 -0.006820170000000002 0.007100130000000005 0.0070929500000000015 0.0 -0.013913040000000002 -0.012734099999999998 -0.013415660000000006
16.555903983217547 -0.006981250000000002 0.007105080000000005 0.007097880000000002 0.0 -0.014079050000000001 -0.012893259999999998 -0.013578780000000006
16.555903966950844 -0.007143000000000002 0.007110030000000005 0.007102820000000002 0.0 -0.014245740000000002 -0.013052069999999999 -0.013742140000000005
16.526428084654743 -0.007429960000000002 0.007179930000000005 0.007172520000000002 0.0 -0.014602380000000002 -0.01339049 -0.014091100000000006
16.489701089274174 -0.006712740000000002 0.008336250000000005 0.008328860000000002 0.0 -0.015041500000000001 -0.01385145 -0.014539440000000006
16.45010944753709 -0.006447040000000002 0.009014770000000005 0.009007200000000002 0.0 -0.015454140000000002 -0.01424569 -0.014944320000000006
16.395681774054886 -0.006191120000000002 0.009505670000000006 0.009497980000000001 0.0 -0.015689 -0.01446728 -0.015173580000000006
16.395681761713423 -0.005935010000000002 0.009996560000000007 0.009988750000000001 0.0 -0.015923660000000003 -0.014688860000000001 -0.015402720000000005
16.395679603273454 -0.005676980000000002 0.010487470000000007 0.01047954 0.0 -0.01615642 -0.014911460000000001 -0.015631190000000007
16.39567958814046 -0.005419130000000001 0.010978390000000008 0.01097033 0.0 -0.016389360000000002 -0.015134080000000001 -0.015859780000000007
16.347790283422473 -0.006200970000000001 0.010409910000000008 0.01040171 0.0 -0.016602580000000002 -0.015299020000000002 -0.016052620000000007
16.269741392590333 -0.006037270000000001 0.010913130000000009 0.01090525 0.0 -0.016942420000000003 -0.01564884 -0.016396660000000007
16.253063649174994 -0.005981410000000001 0.011363810000000009 0.01135599 0.0 -0.017337320000000003 -0.01601964 -0.01678138000000001
16.237645889250558 -0.006529430000000001 0.01089344000000001 0.0108857 0.0 -0.017415050000000005 -0.016082150000000003 -0.01685269000000001
16.23764585352318 -0.007077680000000001 0.01042306000000001 0.0104154 0.0 -0.017493000000000005 -0.016144680000000005 -0.01692414000000001
16.237643722772045 -0.007625930000000001 0.00995267000000001 0.00994509 0.0 -0.017570940000000004 -0.016206810000000006 -0.01699541000000001
16.237643675274423 -0.008173840000000002 0.009482280000000011 0.00947479 0.0 -0.017648540000000004 -0.016268910000000004 -0.01706647000000001
16.22545885801144 -0.008201940000000001 0.009825660000000012 0.00981807 0.0 -0.018019920000000005 -0.016605910000000005 -0.01742335000000001
16.22426875876685 -0.008647300000000002 0.009725280000000011 0.00971793 0.0 -0.018365140000000005 -0.016946950000000006 -0.01776679000000001
16.20698451677515 -0.008904980000000002 0.009865560000000011 0.00985815 0.0 -0.018763040000000005 -0.017314810000000007 -0.01815201000000001
16.19657131788308 -0.008815060000000001 0.010444460000000011 0.01043727 0.0 -0.019252240000000004 -0.017810410000000006 -0.01864391000000001
16.148112566121075 -0.009067100000000002 0.010333040000000012 0.010325850000000001 0.0 -0.019392860000000005 -0.017952200000000005 -0.01878502000000001
16.148112532585934 -0.009319930000000002 0.010221620000000013 0.01021441 0.0 -0.019534250000000006 -0.018093900000000007 -0.01892654000000001
16.148111342680064 -0.009573800000000002 0.010110190000000014 0.010102980000000001 0.0 -0.019676690000000007 -0.018234880000000005 -0.01906836000000001
16.148111292290668 -0.009827120000000002 0.009998780000000014 0.009991560000000002 0.0 -0.019818580000000006 -0.018375860000000004 -0.01920987000000001
16.115286806651564 -0.010602380000000002 0.009466500000000015 0.009459140000000001 0.0 -0.020061420000000007 -0.018573380000000004 -0.01943359000000001
16.099963822708663 -0.011830660000000002 0.008354580000000014 0.008347400000000001 0.0 -0.020177960000000005 -0.018666460000000003 -0.019540230000000013
15.955869446300113 -0.012923280000000002 0.007458900000000014 0.0074516600000000014 0.0 -0.020374840000000005 -0.018828360000000002 -0.019722350000000013
15.769857234949344 -0.013088550000000003 0.007479210000000014 0.007471940000000002 0.0 -0.020560390000000005 -0.018996830000000003 -0.019900690000000013
15.769857224623605 -0.013253480000000003 0.007499530000000014 0.007492220000000002 0.0 -0.020745590000000005 -0.019165220000000004 -0.02007880000000001
15.769854229385077 -0.013418610000000003 0.007519860000000014 0.007512510000000002 0.0 -0.020931000000000005 -0.019333330000000003 -0.02025692000000001
15.769854211071495 -0.013584080000000002 0.0075401900000000134 0.007532790000000002 0.0 -0.021116760000000005 -0.019501640000000004 -0.02043532000000001
15.712660654206568 -0.014950020000000001 0.0063508900000000135 0.006343610000000002 0.0 -0.021293520000000007 -0.019620880000000004 -0.02058782000000001
15.669331298505606 -0.01463056 0.0073542700000000134 0.007346610000000002 0.0 -0.021977060000000007 -0.020323960000000002 -0.02127960000000001
15.628134422686914 -0.015352580000000001 0.006866470000000013 0.006858950000000002 0.0 -0.022211420000000006 -0.02055956 -0.02151448000000001
15.613282823897391 -0.01566814 0.006962890000000013 0.006954990000000002 0.0 -0.022623000000000008 -0.02093184 -0.02190948000000001
15.592752709922282 -0.01585046 0.007321490000000013 0.007313690000000002 0.0 -0.023164020000000007 -0.02143328 -0.02243380000000001
15.569951645390432 -0.01730574 0.006016350000000013 0.006008510000000002 0.0 -0.023314140000000007 -0.02153714 -0.022564400000000012
15.569951604743169 -0.01876124 0.004711230000000013 0.004703370000000002 0.0 -0.023464500000000006 -0.02164074 -0.022695040000000014
15.539945984331949 -0.01888891 0.004814630000000013 0.0048066800000000015 0.0 -0.023695470000000007 -0.02186339 -0.022922500000000012
15.539945950822178 -0.01901787 0.004918030000000013 0.004909990000000001 0.0 -0.023927740000000006 -0.02208597 -0.023150680000000014
15.539943806822265 -0.019147249999999998 0.005021430000000013 0.005013300000000001 0.0 -0.024160430000000007 -0.02230784 -0.023378800000000012
15.539943753169773 -0.019275439999999998 0.005124830000000013 0.005116610000000001 0.0 -0.024391930000000006 -0.022529829999999997 -0.023606290000000012
15.468774368084398 -0.020059419999999998 0.004620370000000013 0.00461219 0.0 -0.024671470000000008 -0.022793769999999998 -0.02387925000000001
15.419560287236694 -0.02015916 0.005162670000000013 0.005154570000000001 0.0 -0.025313590000000007 -0.02342343 -0.02451611000000001
15.330219381175105 -0.02075015 0.004702770000000013 0.0046946900000000005 0.0 -0.025444700000000008 -0.02353686 -0.02463976000000001
15.330219343675227 -0.021342109999999997 0.004242850000000013 0.0042348 0.0 -0.02557677000000001 -0.02365005 -0.02476386000000001
15.330218987860805 -0.021934879999999997 0.0037829300000000133 0.0037749100000000002 0.0 -0.025709650000000007 -0.02376292 -0.02488830000000001
15.330218936991185 -0.022526879999999996 0.0033230200000000133 0.00331503 0.0 -0.025841770000000007 -0.023876 -0.02501239000000001
15.225571136058868 -0.022641499999999995 0.0035154400000000133 0.0035074900000000003 0.0 -0.026148850000000008 -0.024168600000000002 -0.02531336000000001
15.225571125474277 -0.022751659999999996 0.0037078500000000134 0.00369994 0.0 -0.02645145000000001 -0.02446668 -0.02561405000000001
15.225568944359074 -0.022861999999999997 0.0039002900000000133 0.00389242 0.0 -0.026754270000000007 -0.02476464 -0.02591482000000001
15.225568925229839 -0.022976739999999996 0.004092740000000013 0.0040849 0.0 -0.027061490000000007 -0.02505715 -0.02621583000000001
15.056586226714083 -0.023428379999999995 0.0040868400000000134 0.0040787 0.0 -0.027506930000000006 -0.02549123 -0.02665647000000001
15.056582997603156 -0.023872919999999995 0.004080900000000013 0.00407246 0.0 -0.027945230000000005 -0.025931430000000002 -0.02709557000000001
15.032015891296195 -0.023877759999999994 0.004655280000000013 0.00464666 0.0 -0.028524250000000004 -0.02651701 -0.02767737000000001
15.001851744848004 -0.024189359999999993 0.004887400000000013 0.004878960000000001 0.0 -0.029068150000000004 -0.02701007 -0.02819983000000001
14.836365077938146 -0.026065899999999993 0.003228440000000013 0.003220560000000001 0.0 -0.029286310000000003 -0.02716367 -0.02839075000000001
14.810869609804305 -0.025444799999999993 0.004556060000000013 0.004548320000000001 0.0 -0.029992950000000004 -0.02791093 -0.02911453000000001
14.79948159907602 -0.02484101999999999 0.005973840000000013 0.005966180000000001 0.0 -0.030807030000000006 -0.028759490000000002 -0.02994315000000001
14.764799907068557 -0.025116059999999992 0.0063761600000000135 0.0063684200000000005 0.0 -0.03148431000000001 -0.029422310000000004 -0.03061433000000001
14.707872277066322 -0.025548469999999993 0.0061649800000000135 0.0061573700000000006 0.0 -0.031705670000000005 -0.029627270000000004 -0.03082877000000001
14.707872266198896 -0.025980599999999993 0.005953800000000013 0.0059463400000000005 0.0 -0.03192677000000001 -0.029831950000000003 -0.03104294000000001
14.707869020585198 -0.02641251999999999 0.005742620000000013 0.0057353000000000005 0.0 -0.03214765000000001 -0.030036410000000003 -0.03125689000000001
14.707869000789374 -0.026844679999999992 0.0055314200000000134 0.0055242500000000005 0.0 -0.03236875000000001 -0.030241180000000003 -0.03147110000000001
14.614834715053357 -0.02845259999999999 0.004346300000000013 0.004339270000000001 0.0 -0.032791690000000005 -0.030622160000000002 -0.03187634000000001
14.614832315906765 -0.030055379999999993 0.003161120000000013 0.003154190000000001 0.0 -0.033209390000000005 -0.03100978 -0.03228136000000001
14.600754609128417 -0.031877079999999995 0.001700020000000013 0.001692830000000001 0.0 -0.033569730000000006 -0.03131388 -0.03261798000000001
14.571058685783044 -0.033843899999999996 8.014000000001304e-05 7.3550000000001e-05 0.0 -0.033917270000000006 -0.031613100000000005 -0.03294514000000001
14.508945052929375 -0.032082019999999996 0.002876480000000013 0.0028701100000000012 0.0 -0.034951970000000006 -0.03271086000000001 -0.03400644000000001
14.460065059886931 -0.032906719999999993 0.0026957000000000127 0.0026897100000000014 0.0 -0.035596270000000006 -0.03334416000000001 -0.03464610000000001
14.414839975025055 -0.032416759999999996 0.003998980000000013 0.003993150000000001 0.0 -0.036409750000000005 -0.034156420000000014 -0.035459060000000014
14.408746943252993 -0.034431899999999994 0.002393340000000013 0.002387570000000001 0.0 -0.036819330000000004 -0.03449484000000001 -0.035838620000000015
14.358583971060447 -0.03483885 0.002317800000000013 0.002312280000000001 0.0 -0.03715099 -0.03482025000000001 -0.036167640000000015
14.358583934969959 -0.03524339 0.002242270000000013 0.002237010000000001 0.0 -0.03748025 -0.03514812000000001 -0.03649632000000001
14.35858158144169 -0.03564797 0.0021667300000000134 0.002161720000000001 0.0 -0.03780953 -0.03547598000000001 -0.03682500000000001
14.358581523304705 -0.03605489 0.0020911700000000133 0.002086410000000001 0.0 -0.038141140000000004 -0.03580134000000001 -0.03715397000000001
14.221424004532233 -0.037653229999999996 0.0011409700000000133 0.0011371300000000012 0.0 -0.03879018000000001 -0.03635936000000001 -0.03776461000000001
14.134034187848806 -0.03874469 0.0006807300000000133 0.0006773500000000011 0.0 -0.03942184000000001 -0.036960620000000007 -0.03838345000000001
14.091118059605131 -0.04038697 -0.0003082099999999867 -0.0003110699999999989 0.0 -0.040075700000000006 -0.037583620000000005 -0.03902429000000001
13.981812193654894 -0.04250405 -0.0019511699999999867 -0.001953669999999999 0.0 -0.04055016000000001 -0.0379943 -0.03947185000000001
13.973775668235369 -0.04222204 -0.0011326999999999867 -0.001134769999999999 0.0 -0.04108705000000001 -0.03852758 -0.04000721000000001
13.973775652525275 -0.04194057 -0.00031424999999998674 -0.0003158899999999989 0.0 -0.04162446000000001 -0.039060609999999996 -0.040542770000000006
13.973774114765796 -0.041658570000000006 0.0005042400000000132 0.0005030300000000011 0.0 -0.04216139000000001 -0.03959437 -0.04107836000000001
13.973774098217433 -0.041376420000000004 0.0013227500000000132 0.001321970000000001 0.0 -0.04269818000000001 -0.04012772 -0.04161370000000001
13.96639031723012 -0.0409269 0.002735790000000013 0.002735190000000001 0.0 -0.04366190000000001 -0.04107656 -0.04257114000000001
13.95033872608004 -0.04351232 0.0005769900000000129 0.0005771300000000012 0.0 -0.04408928000000001 -0.041428599999999996 -0.04296672000000001
13.947039752824194 -0.04548626 -0.0009585499999999871 -0.0009576299999999988 0.0 -0.04452848000000001 -0.041823759999999995 -0.04338734000000001
13.936494404007645 -0.04754392 -0.0024651299999999873 -0.0024642299999999987 0.0 -0.04507954000000001 -0.042329599999999995 -0.04391932000000001
13.895302745331305 -0.049070340000000004 -0.0038188199999999875 -0.0038175999999999987 0.0 -0.04525259000000001 -0.04246364999999999 -0.04407592000000001
13.895302701389518 -0.05059654 -0.005172529999999988 -0.005170989999999999 0.0 -0.04542539000000001 -0.04259783999999999 -0.04423244000000001
13.895301207361287 -0.0521232 -0.006526269999999988 -0.006524399999999999 0.0 -0.04559864000000001 -0.04273149999999999 -0.04438899000000001
13.895301154027159 -0.05365007 -0.007879979999999988 -0.007877789999999999 0.0 -0.04577211000000001 -0.04286501999999999 -0.04454561000000001
13.655137237801833 -0.05541899 -0.008944999999999988 -0.008942329999999998 0.0 -0.04647649000000001 -0.04356253999999999 -0.04524709000000001
13.618504014059653 -0.05551781 -0.0076691399999999875 -0.007666069999999999 0.0 -0.04785157000000001 -0.04495761999999999 -0.04663061000000001
13.481495287436344 -0.05825185 -0.009772139999999988 -0.009768969999999998 0.0 -0.04848271000000001 -0.04550637999999999 -0.04722699000000001
13.403537592330627 -0.05852599 -0.009461219999999989 -0.009457459999999999 0.0 -0.04906835000000001 -0.04606169999999999 -0.04779984000000001
13.403537552718758 -0.05879826 -0.00915031999999999 -0.00914597 0.0 -0.04965210000000001 -0.04661938999999999 -0.04837260000000001
13.40353608509439 -0.05906935 -0.00883940999999999 -0.00883449 0.0 -0.05023467000000001 -0.04717693999999999 -0.04894462000000001
13.403536023604476 -0.0593423 -0.008528489999999991 -0.008522980000000001 0.0 -0.05081913000000001 -0.047732129999999984 -0.04951673000000001
13.33517811851783 -0.062751 -0.011398829999999992 -0.01139208 0.0 -0.05135873000000001 -0.048191909999999984 -0.05002265000000001
13.270956808138601 -0.06251904 -0.010494989999999992 -0.01048804 0.0 -0.05203081000000001 -0.04887239999999998 -0.05069828000000001
13.270956795149358 -0.06228741 -0.009591159999999993 -0.00958402 0.0 -0.05270320000000001 -0.049553039999999986 -0.051374150000000014
13.270954148813216 -0.06205708 -0.008687329999999993 -0.00867998 0.0 -0.053376920000000015 -0.050233689999999984 -0.05205079000000001
13.270954127893539 -0.06182634 -0.007783479999999993 -0.00777593 0.0 -0.05405022000000002 -0.050914189999999984 -0.05272713000000001
13.146760513950442 -0.06250384 -0.007743459999999993 -0.00773597 0.0 -0.05476768000000002 -0.051614909999999986 -0.05343753000000001
13.146760502226227 -0.06318065 -0.007703479999999993 -0.00769604 0.0 -0.05548442000000002 -0.05231546999999999 -0.05414744000000001
13.146759008149798 -0.06385758000000001 -0.007663459999999993 -0.00765607 0.0 -0.05620132000000002 -0.053016039999999987 -0.05485745000000001
13.146758985415401 -0.06453493 -0.007623409999999993 -0.00761607 0.0 -0.05691866000000002 -0.05371676999999998 -0.05556778000000001
12.885391568406023 -0.06805257 -0.010372789999999993 -0.01036467 0.0 -0.05768768000000002 -0.054408789999999985 -0.05630432000000001
12.79837182131102 -0.06860773 -0.009433689999999993 -0.009424769999999999 0.0 -0.05918274000000002 -0.05592204999999999 -0.057807060000000014
12.470205602821212 -0.07087239000000001 -0.011238159999999994 -0.01122926 0.0 -0.05964290000000002 -0.056315309999999986 -0.05823900000000001
12.470205547868273 -0.07313744000000001 -0.013042639999999994 -0.01303378 0.0 -0.06010343000000002 -0.05670858999999999 -0.058671160000000014
12.470205005668651 -0.07540241000000002 -0.014847149999999995 -0.01483831 0.0 -0.06056387000000002 -0.057101959999999986 -0.05910330000000001
12.470204952125625 -0.07766699000000002 -0.016651629999999994 -0.01664281 0.0 -0.06102394000000002 -0.05749530999999999 -0.059535220000000014
12.453271462979721 -0.07418631000000002 -0.010780429999999994 -0.010770830000000002 0.0 -0.06341522000000002 -0.060010189999999984 -0.06197866000000001
12.436584791502533 -0.07467505000000002 -0.010339039999999994 -0.010329330000000003 0.0 -0.06434546000000002 -0.06094318999999999 -0.06291007000000001
12.436584770825997 -0.07516404000000002 -0.009897659999999994 -0.009887840000000004 0.0 -0.06527594000000002 -0.06187609999999999 -0.06384157000000001
12.436584171531699 -0.07565300000000001 -0.009456219999999994 -0.009446290000000003 0.0 -0.06620645000000001 -0.06280902999999999 -0.06477310000000001
12.43658415588797 -0.07614324000000001 -0.009014759999999995 -0.009004730000000002 0.0 -0.06713825000000001 -0.06373992999999999 -0.06570452000000002
12.3947006712363 -0.07670373000000001 -0.008639589999999996 -0.008629570000000003 0.0 -0.0680739 -0.06466288999999999 -0.06663482000000001
12.394700658765307 -0.07726406000000001 -0.008264409999999996 -0.008254420000000004 -1e-08 -0.06900937 -0.06558572999999998 -0.06756496000000001
12.394697956586858 -0.07782465000000001 -0.007889199999999996 -0.007879240000000004 -1e-08 -0.06994514 -0.06650856999999998 -0.06849528
12.394697932541886 -0.07838532000000001 -0.007513979999999996 -0.007504040000000004 -1e-08 -0.070881 -0.06743154999999998 -0.06942571
12.382809884255245 -0.07904882 -0.005945479999999996 -0.005935840000000005 -3.0000000000000004e-08 -0.07311268 -0.06973052999999999 -0.07168579
12.307337373733754 -0.08273166000000001 -0.008356759999999996 -0.008346620000000004 -3.0000000000000004e-08 -0.07438474 -0.07092330999999999 -0.07292441
12.288126088308935 -0.08378804000000001 -0.008630829999999996 -0.008620640000000004 -3.0000000000000004e-08 -0.0751671 -0.07168743999999999 -0.07369908
12.28812604120356 -0.08484424 -0.008904889999999995 -0.008894680000000004 -3.0000000000000004e-08 -0.07594926 -0.07245151999999999 -0.07447361
12.288125561514361 -0.08590039000000001 -0.009178959999999995 -0.009168730000000003 -3.0000000000000004e-08 -0.07673136 -0.07321562 -0.07524812
12.288125498378834 -0.08695679 -0.009453019999999994 -0.009442760000000003 -3.0000000000000004e-08 -0.07751373 -0.07397977 -0.0760228
12.129643778001537 -0.08835881000000001 -0.009790949999999994 -0.009780830000000003 -4e-08 -0.07857768 -0.07501819 -0.07707598
12.12964376486562 -0.08975697 -0.010128909999999994 -0.010118930000000002 -5e-08 -0.07963773 -0.07605669 -0.07812694
12.129643268335899 -0.09115540000000001 -0.010466879999999994 -0.01045704 -6e-08 -0.08069804 -0.07709507 -0.07917800000000001
12.129643244138835 -0.09255722000000001 -0.010804809999999995 -0.01079511 -6.999999999999999e-08 -0.08176177999999999 -0.07813356 -0.08023109000000002
12.081058340631005 -0.09449783 -0.011904319999999994 -0.01189451 -6.999999999999999e-08 -0.08260298999999999 -0.07894121000000001 -0.08105814000000001
12.081058295088953 -0.09643950000000001 -0.013003819999999994 -0.012993900000000001 -6.999999999999999e-08 -0.08344526 -0.07974887000000001 -0.08188581000000002
12.081056597548143 -0.09838115000000001 -0.014103359999999994 -0.014093350000000001 -6.999999999999999e-08 -0.08428745 -0.08055654000000001 -0.08271344000000001
12.081056531222636 -0.10032176000000001 -0.015202909999999993 -0.015192810000000001 -6.999999999999999e-08 -0.0851286 -0.08136426000000001 -0.08354048000000001
11.9543527609583 -0.10609866000000001 -0.019713149999999992 -0.01970287 -6.999999999999999e-08 -0.08639542 -0.08251516 -0.08475840000000001
11.9138079772099 -0.10524894000000001 -0.01577652999999999 -0.01576777 -8.999999999999999e-08 -0.08948078 -0.08573232 -0.08789936000000001
11.892730055033091 -0.10537478000000002 -0.01457865999999999 -0.01456968 -8.999999999999999e-08 -0.09080471 -0.08707823 -0.08923256000000002
11.892730010336884 -0.10550026000000001 -0.01338075999999999 -0.01337157 -8.999999999999999e-08 -0.09212829 -0.08842414000000001 -0.09056556000000002
11.8927283170759 -0.10562581000000001 -0.01218288999999999 -0.012173489999999999 -8.999999999999999e-08 -0.09345191 -0.08977006000000001 -0.09189859000000002
11.892728247980974 -0.10575167000000002 -0.01098505999999999 -0.01097544 -8.999999999999999e-08 -0.09477582 -0.09111596000000001 -0.09323177000000002
11.891151656917735 -0.10505407000000001 -0.0066607599999999895 -0.00665028 -1.0999999999999998e-07 -0.09840338 -0.09483648000000001 -0.09689855000000001
11.854553024155814 -0.10142101000000002 9.878000000001011e-05 0.00010950000000000022 -1.0999999999999998e-07 -0.1015301 -0.09809824000000002 -0.10008223000000001
11.801089846871273 -0.10154857000000002 0.0026406000000000103 0.00265122 -1.0999999999999998e-07 -0.1041994 -0.10081464000000001 -0.10277139
11.511985300913397 -0.10315285000000002 0.0035600400000000104 0.0035695400000000004 -1.0999999999999998e-07 -0.106722 -0.10335868000000001 -0.10530303
11.431705900717049 -0.10251239000000002 0.00876674000000001 0.0087752 -1.2999999999999997e-07 -0.1112872 -0.10804624000000002 -0.10991985
11.31644354548893 -0.10424291000000002 0.009964000000000011 0.00997336 -1.2999999999999997e-07 -0.11421586 -0.11097960000000001 -0.11285049
11.29424631152965 -0.11170071000000002 0.004926980000000011 0.0049353800000000005 -1.2999999999999997e-07 -0.11663568 -0.11326108000000001 -0.11521195
11.227189480441503 -0.11470095000000002 0.004685060000000012 0.00469414 -1.4999999999999997e-07 -0.11939466 -0.11600408000000001 -0.11796419
11.227186363707679 -0.11770415000000002 0.004443020000000012 0.00445276 -1.6999999999999996e-07 -0.12215648 -0.11874706000000002 -0.12071807
10.884057758513 -0.12035662000000003 0.003375240000000012 0.00338507 -1.6999999999999996e-07 -0.12374125999999999 -0.12028281000000002 -0.12228217
10.884057744900195 -0.12300712000000003 0.002307620000000012 0.00231745 -1.7999999999999997e-07 -0.12532412999999998 -0.12181848000000002 -0.12384513
10.88405462313503 -0.12565742000000002 0.0012399000000000119 0.00124982 -1.7999999999999997e-07 -0.12690679 -0.12335412000000003 -0.12540795999999999
10.88405459527898 -0.12830967000000001 0.00017212000000001192 0.00018211000000000008 -1.8999999999999998e-07 -0.12849133 -0.12488981000000003 -0.12697188999999998
10.621615668329172 -0.13593873 -0.004221219999999988 -0.00421249 -1.8999999999999998e-07 -0.13172578999999998 -0.12800211000000003 -0.13015480999999998
10.597767900119495 -0.13449441 0.0024073000000000115 0.0024158699999999996 -2.0999999999999997e-07 -0.13690982999999998 -0.13331469000000004 -0.13539306999999998
10.552271056865091 -0.13531464 0.004260880000000012 0.00426906 -2.1999999999999998e-07 -0.13958323999999997 -0.13600759000000004 -0.13807469999999997
10.55227099737296 -0.13613497000000002 0.0061144700000000125 0.00612224 -2.3e-07 -0.14225673999999996 -0.13870049000000004 -0.14075638999999995
10.552270378746124 -0.13695532000000002 0.007967980000000013 0.00797537 -2.4e-07 -0.14493021999999997 -0.14139339000000004 -0.14343805999999995
10.55227031009794 -0.13777561000000002 0.009821560000000014 0.00982851 -2.5e-07 -0.14760363999999998 -0.14408628000000004 -0.14611969999999996
10.506825541052299 -0.14957629000000003 0.0009709800000000136 0.0009765499999999996 -2.7e-07 -0.15055233999999998 -0.14682578000000004 -0.14898013999999996
10.479836843290183 -0.14791143000000004 0.0059033900000000136 0.005908399999999999 -2.8e-07 -0.15381932999999998 -0.15019107000000004 -0.15228859999999997
10.47983678588932 -0.14624657000000005 0.010835770000000014 0.010840329999999999 -2.9000000000000003e-07 -0.15708638999999996 -0.15355625000000003 -0.15559705999999998
10.479836186966653 -0.14458168000000005 0.015768160000000014 0.01577216 -3.0000000000000004e-07 -0.16035332999999996 -0.15692159000000003 -0.15890550999999997
10.479836115247128 -0.14291676000000006 0.020700490000000016 0.02070406 -3.0000000000000004e-07 -0.16362030999999996 -0.16028688000000002 -0.16221395999999996
10.27246457253201 -0.14377655000000006 0.022864360000000014 0.0228678 -3.1000000000000005e-07 -0.16664382999999997 -0.16333546000000002 -0.16524805999999997
10.272464555493372 -0.14462760000000005 0.025028160000000015 0.02503145 -3.2000000000000006e-07 -0.16965851999999995 -0.16638404 -0.16827704999999998
10.27246247983005 -0.14547882000000006 0.027191990000000013 0.02719516 -3.3000000000000007e-07 -0.17267343999999996 -0.16943263 -0.17130617999999997
10.272462453065987 -0.14633846000000006 0.029355920000000015 0.02935896 -3.400000000000001e-07 -0.17569686999999995 -0.17248125 -0.17434023999999998
9.903259070833585 -0.15623576000000006 0.027642780000000016 0.02764538 -3.600000000000001e-07 -0.18388056999999994 -0.18058105 -0.18248853999999998
9.80780491502408 -0.17172944000000007 0.017333180000000017 0.01733598 -3.800000000000001e-07 -0.18906482999999993 -0.18553129 -0.18757407999999998
9.573572643884125 -0.17601491000000008 0.018350270000000016 0.01835274 -3.9000000000000013e-07 -0.19436704999999993 -0.19084108 -0.19287949
9.573572628954876 -0.18030136000000008 0.019367260000000015 0.01936936 -4.0000000000000014e-07 -0.19967010999999993 -0.19614945 -0.19818479
9.573570545117207 -0.18458663000000008 0.020384420000000014 0.02038615 -4.1000000000000015e-07 -0.20497215999999993 -0.20145923 -0.2034901
9.573570512557703 -0.1888723200000001 0.021401750000000015 0.021403079999999998 -4.2000000000000016e-07 -0.21027475999999992 -0.20676852999999998 -0.20879553
9.387373487374097 -0.1697574400000001 0.05472603000000001 0.054726659999999996 -4.2000000000000016e-07 -0.22448343999999992 -0.22160391 -0.22326861
9.361506889970096 -0.1935078200000001 0.03886787000000001 0.038868639999999996 -4.400000000000002e-07 -0.2323757999999999 -0.22909415 -0.23099133
9.295490539077504 -0.19053406000000012 0.05720059000000001 0.05720127999999999 -4.800000000000002e-07 -0.24773463999999992 -0.24496321 -0.24656543
9.153763844015145 -0.1914502800000001 0.07103277000000001 0.07103232 -5.200000000000002e-07 -0.26248187999999995 -0.26004961 -0.26145575
9.035177165497887 -0.2152458400000001 0.05636529000000001 0.056365519999999995 -5.400000000000002e-07 -0.27161061999999997 -0.26885947 -0.27044997
8.971985427673124 -0.2376216600000001 0.04902411000000001 0.049023479999999994 -5.600000000000002e-07 -0.28664438 -0.28367222999999997 -0.28539049
8.293258355384793 -0.2735910400000001 0.03043873000000001 0.030438779999999995 -6.200000000000002e-07 -0.30402902 -0.30051129 -0.30254497
8.27527950048686 -0.28003292000000013 0.04655763000000001 0.04655693999999999 -6.400000000000002e-07 -0.32658902 -0.32331098999999996 -0.32520609
8.232859518875284 -0.29507354000000013 0.04338845000000001 0.04338779999999999 -6.500000000000002e-07 -0.33846049 -0.33500868999999994 -0.33700425
8.232859489005401 -0.31011449000000013 0.04021904000000001 0.04021833999999999 -6.600000000000002e-07 -0.35033197 -0.34670632999999995 -0.34880239
8.232858625612328 -0.32515532000000014 0.03704979000000001 0.037049099999999995 -6.700000000000003e-07 -0.36220355 -0.35840408999999995 -0.36060064000000003
8.232858600601466 -0.3401958900000001 0.033880870000000014 0.033880179999999996 -6.800000000000003e-07 -0.37407519 -0.37010176999999994 -0.37239889000000004
8.165893982210708 -0.3605296500000001 0.051548570000000016 0.051548479999999994 -7.400000000000002e-07 -0.41207719 -0.40838726999999997 -0.41052049
7.94785401225415 -0.3954287700000001 0.04126369000000002 0.04126371999999999 -7.800000000000003e-07 -0.43669153 -0.43249663 -0.43492179000000003
7.937059665509641 -0.4190555400000001 0.03444306000000002 0.03444281999999999 -8.000000000000003e-07 -0.45349738 -0.44906253 -0.45162641000000003
7.937059651198265 -0.4426840300000001 0.027621890000000017 0.027621389999999992 -8.200000000000003e-07 -0.47030442 -0.46562832000000004 -0.46833167000000003
7.937058818163156 -0.4663120000000001 0.02080078000000002 0.020799979999999992 -8.400000000000003e-07 -0.48711095 -0.48219449000000003 -0.48503680000000005
7.9370587750867125 -0.48993865000000014 0.013980150000000018 0.013979099999999993 -8.600000000000003e-07 -0.5039167 -0.49876029000000005 -0.50174132
7.918115177639053 -0.5203589500000001 0.013169890000000017 0.013167739999999992 -8.800000000000004e-07 -0.53352564 -0.52801065 -0.5311989800000001
7.646692981710969 -0.5432427100000001 0.006841790000000018 0.006839949999999992 -9.000000000000004e-07 -0.55008159 -0.54433655 -0.54765788
7.64669296991229 -0.5661260000000001 0.000513700000000018 0.000512369999999992 -9.200000000000004e-07 -0.56663728 -0.56066288 -0.56411681
7.646690203091246 -0.5890096300000002 -0.005814529999999982 -0.005815520000000008 -9.400000000000004e-07 -0.5831930000000001 -0.57698922 -0.58057576
7.64669015623292 -0.6118934000000001 -0.012142959999999982 -0.012143610000000008 -9.600000000000003e-07 -0.5997486700000001 -0.59331549 -0.59703465
7.3245467079324795 -0.6434689800000002 -0.018285889999999982 -0.01828686000000001 -9.800000000000004e-07 -0.6251809800000001 -0.61833533 -0.62229295
7.324546685996958 -0.6750442400000002 -0.02442853999999998 -0.02442966000000001 -1.0000000000000004e-06 -0.6506134200000001 -0.64335526 -0.6475513599999999
7.324543907536211 -0.7066147300000002 -0.03057103999999998 -0.030572490000000008 -1.0200000000000004e-06 -0.6760410700000001 -0.66838161 -0.6728097099999999
7.324543867648097 -0.7381855100000002 -0.03671401999999998 -0.03671577000000001 -1.0400000000000004e-06 -0.7014685500000001 -0.69340788 -0.6980679299999999
6.810811507043177 -0.9098465100000002 -0.13573506 -0.13573619 -1.0800000000000005e-06 -0.77410909 -0.76205686 -0.7690245299999999
6.602802553139406 -1.08270455 -0.21942466 -0.21942671000000002 -1.0800000000000005e-06 -0.86327659 -0.8472966999999999 -0.85653505
6.064820747978854 -1.19167711 0.08580414000000003 0.08580068999999996 -1.1000000000000005e-06 -1.27747653 -1.2583129 -1.2693918499999999
4.879876784204481 -1.7366337 0.24646724000000003 0.24646348999999995 -1.1100000000000004e-06 -1.9830959199999998 -1.8991418 -1.94767775
4.879876783261088 -2.2815862 0.40712944000000006 0.40712549 -1.1200000000000003e-06 -2.6887104099999997 -2.5399665000000002 -2.62595905
4.879875284071528 -2.82654489 0.5677957400000001 0.56779129 -1.1300000000000002e-06 -3.3943348899999997 -3.1807998000000004 -3.3042497500000003
4.879875191366439 -3.37149956 0.7284608400000001 0.7284564899999999 -1.14e-06 -4.099954749999999 -3.8216290000000006 -3.98253605
4.8542918473850225 -4.293127220000001 1.38913624 1.3891288899999998 -1.14e-06 -5.682254809999999 -5.285372000000001 -5.51481985
4.689720404504576 -4.650631010000001 1.9472185400000002 1.94721069 -1.14e-06 -6.597840399999999 -6.141110500000001 -6.40515745
4.689720349898126 -5.008136650000001 2.5053005400000004 2.50529179 -1.14e-06 -7.513427139999999 -6.996849800000001 -7.29549605
4.689718793492955 -5.365642640000001 3.0633795400000006 3.06337059 -1.14e-06 -8.42901193 -7.8525875 -8.18583285
4.689718751012225 -5.723146960000001 3.6214597400000006 3.62145019 -1.14e-06 -9.34459585 -8.7083245 -9.07616885
4.38165304261412 -7.044299980000001 4.485657540000001 4.48564419 -1.14e-06 -11.52994287 -10.734740500000001 -11.19446685
