18.56076474560414 -0.00027136 -0.00011752 -0.0001294 1.598e-05 -0.00015794 -0.00013354 -0.00014766
18.55807330425707 -0.0007875 -0.00045734 -0.0006084199999999999 -1.832e-05 -0.00016076 -0.00015604 -0.00015878
18.54260717401357 -0.0010336 -0.0004681 -0.0006882599999999999 4.834e-05 -0.00039368 -0.0003214 -0.0003632
18.49526349966686 -0.00038796 0.00035018 0.0004713800000000001 1.2440000000000003e-05 -0.00087176 -0.00081856 -0.00084934
18.448130036498895 -0.00026478000000000005 0.00069736 0.0009582600000000001 -3.5999999999999655e-07 -0.00122266 -0.00116902 -0.00120006
18.42241701629805 -0.00034574000000000003 0.00075192 0.0011021400000000002 -8.856e-05 -0.0013593 -0.00136086 -0.00135998
18.416614944968845 -0.0009155599999999999 0.00037684 0.0005341000000000001 -8.562000000000001e-05 -0.0013640199999999999 -0.00136934 -0.00136628
18.342640298206202 -0.00102214 0.00037694 0.0005285500000000001 -7.515000000000001e-05 -0.00147552 -0.0014704499999999999 -0.0014734000000000001
18.342640269440327 -0.0011291399999999998 0.00037704 0.0005247900000000001 -6.756000000000001e-05 -0.0015863499999999998 -0.00156961 -0.0015793
18.342637707864537 -0.0012380499999999999 0.00037714 0.0005189200000000001 -5.670000000000001e-05 -0.0017002399999999998 -0.001668 -0.00168665
18.342637662826256 -0.00134987 0.00037724 0.00051407 -4.751000000000001e-05 -0.0018163999999999997 -0.001762 -0.00179346
18.1888704385797 -0.00156949 0.00038244 0.00047515000000000003 -1.845000000000001e-05 -0.0020261599999999995 -0.00196744 -0.0020014
18.18887037728976 -0.00180817 0.00038764 0.00043813 8.00999999999999e-06 -0.0022542799999999996 -0.00214422 -0.00220786
18.143504622870825 -0.00175679 0.00068294 0.00083739 -5.430000000000011e-06 -0.0025887399999999995 -0.00247508 -0.0025407999999999997
18.106825918564716 -0.00169732 0.0008548200000000001 0.00107726 -1.515000000000001e-05 -0.0027594199999999994 -0.0026501600000000004 -0.00271334
18.106825905772144 -0.00164053 0.0010267 0.00131066 -1.613000000000001e-05 -0.0029350499999999994 -0.0028299600000000003 -0.0028907299999999998
18.106824701906323 -0.00158948 0.0011985799999999999 0.00154236 -1.506000000000001e-05 -0.003116769999999999 -0.0030050000000000003 -0.00306963
18.10682468979288 -0.00154191 0.00137047 0.00176663 -3.54000000000001e-06 -0.003304989999999999 -0.00318394 -0.00325393
18.08257186051416 -0.00190825 0.00124023 0.00151167 2.431999999999999e-05 -0.003444229999999999 -0.00329138 -0.00337977
18.068303457005015 -0.00187351 0.00151601 0.0018597899999999998 1.759999999999999e-05 -0.003750889999999999 -0.00359598 -0.0036855499999999997
18.067309417429374 -0.00189491 0.00175301 0.00214805 2.645999999999999e-05 -0.004069409999999999 -0.00387668 -0.00398811
18.067309350675327 -0.00190869 0.00199003 0.0024363699999999998 3.5999999999999994e-05 -0.004381049999999999 -0.00416536 -0.004290049999999999
17.998903635637554 -0.00198864 0.00205349 0.00250776 5.294999999999999e-05 -0.004549329999999999 -0.00430455 -0.004446059999999999
17.99890362628945 -0.00205795 0.00211695 0.00258754 5.8129999999999994e-05 -0.004703599999999999 -0.00444845 -0.004595959999999999
17.99890102180382 -0.00213046 0.0021804199999999998 0.00266145 7.162999999999999e-05 -0.004863519999999999 -0.00459477 -0.004750139999999999
17.998901006050314 -0.00220572 0.0022438899999999997 0.00273388 8.722999999999999e-05 -0.005026809999999999 -0.00473916 -0.004905449999999999
17.97478024579154 -0.00194594 0.0026596099999999998 0.00337206 -1.4090000000000009e-05 -0.0053039099999999985 -0.00508604 -0.005211989999999999
17.938737430356248 -0.00240236 0.00245467 0.0030777 -9.900000000000092e-07 -0.005479069999999998 -0.00524162 -0.005378889999999999
17.921844859568285 -0.0025038400000000002 0.00257021 0.0032745400000000003 -1.207000000000001e-05 -0.0057663099999999985 -0.00552636 -0.005665069999999999
17.92184374946378 -0.0025628900000000004 0.00262798 0.00336409 -5.52000000000001e-06 -0.005921459999999998 -0.0056688500000000005 -0.005814879999999999
17.921843681770326 -0.0026215500000000003 0.0026857499999999998 0.00345385 6.999999999999899e-07 -0.006076109999999998 -0.00581155 -0.0059644899999999985
17.90752430110886 -0.00249919 0.00305195 0.00393871 -3.510000000000001e-05 -0.006402809999999998 -0.00615307 -0.006297429999999999
17.9067560109396 -0.00312085 0.00267403 0.00338905 1.0799999999999985e-05 -0.006520689999999998 -0.00621973 -0.006393709999999999
17.87977152299502 -0.0032305000000000003 0.00269008 0.00340451 1.9419999999999987e-05 -0.0066544199999999986 -0.0063579199999999995 -0.006529319999999999
17.879771493198973 -0.0033429600000000003 0.00270613 0.00342252 2.4489999999999987e-05 -0.0067899599999999985 -0.00648886 -0.006662919999999999
17.879769653872753 -0.0034544000000000003 0.0027221800000000003 0.00344401 2.504999999999999e-05 -0.006923439999999999 -0.00661685 -0.006794079999999999
17.87976960789148 -0.0035593300000000003 0.0027382400000000003 0.0034722999999999998 1.593999999999999e-05 -0.007047559999999999 -0.0067448099999999995 -0.006919819999999999
17.84036279195925 -0.00415205 0.00234348 0.00296068 3.773999999999999e-05 -0.007150479999999999 -0.006821369999999999 -0.00701162
17.81110250844444 -0.00408489 0.0026893000000000004 0.0034546399999999997 2.455999999999999e-05 -0.007564099999999999 -0.007236369999999999 -0.00742582
17.807696100392644 -0.00455893 0.0025378 0.0031846999999999995 9.817999999999998e-05 -0.00784184 -0.007439529999999999 -0.007672099999999999
17.798417019918144 -0.00448926 0.00273454 0.0034667899999999995 9.916999999999999e-05 -0.00805525 -0.007644319999999999 -0.00788187
17.798416963063172 -0.00441541 0.00293128 0.0037523599999999997 9.556999999999998e-05 -0.008263369999999999 -0.007849309999999998 -0.00808867
17.798415865688316 -0.0043509199999999994 0.00312802 0.00402652 0.00010756999999999997 -0.00848504 -0.008056189999999998 -0.0083041
17.798415795880207 -0.004278109999999999 0.00332476 0.00431111 0.00010555999999999997 -0.008694809999999999 -0.008260939999999998 -0.00851176
17.728160640177656 -0.004544439999999999 0.00316444 0.0041034999999999995 0.00011735999999999997 -0.008765319999999998 -0.008321189999999997 -0.008577940000000001
17.728160609541657 -0.0048124199999999995 0.0030041300000000003 0.0038920199999999995 0.00013458999999999997 -0.008839049999999998 -0.008384059999999997 -0.008647090000000001
17.72815790574649 -0.0050865599999999995 0.0028438100000000004 0.0036752099999999995 0.00015894999999999996 -0.008920739999999998 -0.008445309999999998 -0.008720160000000001
17.728157860131727 -0.005360429999999999 0.0026834800000000002 0.0034608099999999995 0.00017989999999999995 -0.009001159999999998 -0.008503939999999998 -0.008791390000000001
17.64206158009006 -0.006015929999999999 0.0022432600000000004 0.0028680899999999994 0.00020091999999999994 -0.009084979999999998 -0.008569119999999998 -0.008867350000000001
17.631886911598325 -0.006045689999999999 0.00248282 0.0031706699999999996 0.00018953999999999995 -0.009405939999999998 -0.008883039999999998 -0.009185350000000002
17.43540674830702 -0.006275719999999999 0.00239146 0.0030420099999999995 0.00021256999999999995 -0.009530339999999998 -0.008981019999999998 -0.009298600000000002
17.43540671803995 -0.006508879999999999 0.0023001000000000002 0.0029129699999999995 0.00023614999999999997 -0.009658039999999998 -0.009075189999999997 -0.009412160000000003
17.435403996127395 -0.006728649999999999 0.0022087400000000003 0.0027962699999999996 0.00024280999999999996 -0.009767759999999999 -0.009172809999999997 -0.009516780000000002
17.435403948809842 -0.006957809999999999 0.0021173700000000004 0.0026669999999999997 0.00026662999999999996 -0.00989147 -0.009272699999999997 -0.009630440000000002
17.331446415940594 -0.007670649999999999 0.0016309300000000005 0.0020486 0.00028711 -0.010006369999999999 -0.009359399999999997 -0.009733440000000003
17.288923436234775 -0.00744683 0.0020990500000000003 0.00274656 0.00027381 -0.01046721 -0.009817239999999996 -0.010193020000000002
17.257440564519097 -0.007920729999999999 0.0019099900000000003 0.00248108 0.00028121 -0.01068303 -0.010025519999999996 -0.010405660000000002
17.231596651462336 -0.00811869 0.0018812700000000002 0.0024632300000000003 0.00029981 -0.010881739999999999 -0.010197279999999996 -0.010593000000000002
17.231596641369453 -0.00832053 0.0018525400000000002 0.0024428600000000003 0.0003219 -0.01108531 -0.010367029999999996 -0.010782300000000002
17.231595525132125 -0.00851977 0.00182382 0.00241879 0.00034901 -0.01128759 -0.010545269999999995 -0.010974440000000002
17.23159550899095 -0.00870163 0.0017951 0.00241705 0.00034558 -0.01146427 -0.010719899999999996 -0.011150250000000002
16.959525324251047 -0.00946615 0.00135552 0.00180227 0.00037088 -0.01163931 -0.010849259999999996 -0.011306030000000002
16.930395445637572 -0.00868641 0.0023205400000000003 0.0032679299999999996 0.00024262000000000003 -0.01219697 -0.011590879999999996 -0.011941290000000002
16.930265774953295 -0.00848871 0.00287598 0.00402397 0.00026126000000000003 -0.01277395 -0.012151159999999996 -0.012511230000000002
16.93026570708809 -0.00830277 0.0034314000000000002 0.00476067 0.00029224000000000003 -0.01335569 -0.012710519999999996 -0.013083530000000001
16.928006948810463 -0.00821799 0.003943100000000001 0.00551429 0.000317 -0.014049269999999999 -0.013367399999999996 -0.01376163
16.886708104536137 -0.00787187 0.0046616 0.00649265 0.0003328 -0.01469731 -0.013998419999999996 -0.01440249
16.886708034604982 -0.007531189999999999 0.0053801000000000005 0.00747113 0.00034844 -0.01535073 -0.014621859999999995 -0.015043270000000001
16.874626764865713 -0.007399429999999999 0.005896500000000001 0.008229470000000001 0.00032464 -0.01595353 -0.015254439999999996 -0.01565863
16.86524473999244 -0.00756615 0.006103140000000001 0.008509510000000001 0.00033372 -0.01640937 -0.015688499999999994 -0.01610529
16.865244728118874 -0.00775587 0.006309780000000001 0.008769050000000002 0.00037128000000000004 -0.01689621 -0.016115179999999993 -0.01656675
16.819854225967656 -0.00822695 0.006021190000000001 0.008328250000000002 0.00040376 -0.016958969999999997 -0.016141809999999993 -0.01661427
16.819854186560722 -0.00869558 0.005732590000000001 0.007889200000000002 0.00043378000000000004 -0.017018569999999997 -0.01616950999999999 -0.01666041
16.819852936202597 -0.00916932 0.005443990000000001 0.007444830000000002 0.00047102000000000005 -0.01708518 -0.01619719999999999 -0.0167106
16.819852895206044 -0.00964343 0.005155400000000001 0.007004550000000002 0.00050285 -0.017150839999999997 -0.01621908999999999 -0.016757789999999998
16.724127744402512 -0.00961281 0.005335310000000001 0.007276570000000001 0.00048009 -0.017369469999999998 -0.01645553999999999 -0.01698394
16.724127733673054 -0.00961192 0.005515220000000001 0.0075274600000000014 0.00048333 -0.017622709999999996 -0.01667718999999999 -0.01722385
16.724124814648594 -0.00959084 0.005695130000000001 0.007798300000000001 0.00046399 -0.017853129999999995 -0.01690286999999999 -0.01745227
16.72412479845399 -0.00958124 0.0058750400000000015 0.00804751 0.00047274000000000003 -0.018101489999999994 -0.01713939999999999 -0.01769564
16.692377424344517 -0.010442719999999999 0.005326720000000002 0.007272830000000001 0.00045276 -0.018168289999999993 -0.017219099999999987 -0.01776788
16.63752219189112 -0.010787419999999999 0.005369340000000002 0.007305150000000001 0.00047046 -0.018563009999999994 -0.017581179999999988 -0.01814882
16.57343671801886 -0.01156166 0.004881440000000002 0.0067126500000000006 0.00049618 -0.018770469999999994 -0.017761979999999986 -0.01834502
16.555904327484644 -0.01179767 0.004863890000000002 0.006696820000000001 0.00051791 -0.019012379999999995 -0.017969259999999987 -0.01857232
16.555904316458015 -0.01203915 0.004846340000000002 0.006675990000000001 0.00054634 -0.019261469999999996 -0.018175459999999987 -0.01880331
16.555903983217547 -0.01226945 0.004828780000000002 0.00666697 0.00055866 -0.019495059999999995 -0.018381839999999986 -0.01902542
16.555903966950844 -0.01248764 0.004811220000000002 0.00666294 0.00056429 -0.019714849999999996 -0.018598389999999985 -0.01924384
16.526428084654743 -0.0129234 0.004843680000000002 0.00671156 0.0005846499999999999 -0.020219589999999996 -0.019071569999999986 -0.01973528
16.489701089274174 -0.01245882 0.005712540000000002 0.00783718 0.0006115099999999999 -0.020907489999999994 -0.019730229999999984 -0.02041084
16.45010944753709 -0.01240714 0.006233740000000002 0.0084917 0.0006421299999999999 -0.021540949999999993 -0.020337049999999985 -0.02103306
16.395681774054886 -0.012271220000000001 0.006587630000000002 0.008975809999999999 0.0006462699999999999 -0.021893289999999992 -0.020657699999999984 -0.02137203
16.395681761713423 -0.0121355 0.006941520000000002 0.00946357 0.0006510599999999999 -0.02225011999999999 -0.020975979999999984 -0.0217126
16.395679603273454 -0.0119933 0.007295420000000002 0.00995155 0.0006555899999999998 -0.022600419999999993 -0.021302899999999986 -0.02205304
16.39567958814046 -0.011857050000000001 0.007649320000000002 0.0104359 0.0006595299999999999 -0.022952449999999992 -0.021623779999999985 -0.02239193
16.347790283422473 -0.01270917 0.007200880000000002 0.00979874 0.0007477899999999999 -0.023255669999999992 -0.021834139999999985 -0.02265597
16.269741392590333 -0.012695330000000001 0.007626840000000003 0.0103083 0.00074771 -0.02375132999999999 -0.022326099999999984 -0.023150070000000002
16.253063649174994 -0.01270069 0.007883460000000004 0.010847359999999999 0.0006371699999999999 -0.02418522999999999 -0.022839599999999984 -0.02361755
16.237645889250558 -0.013256500000000001 0.007521670000000004 0.010350459999999999 0.0006704199999999999 -0.024277389999999992 -0.022898739999999983 -0.02369578
16.23764585352318 -0.013794260000000001 0.007159880000000004 0.00987452 0.0006760599999999999 -0.024344839999999993 -0.022955709999999983 -0.023758809999999998
16.237643722772045 -0.014348590000000001 0.006798080000000004 0.00937965 0.0007074799999999999 -0.024435719999999994 -0.023014449999999985 -0.023836129999999997
16.237643675274423 -0.0148865 0.006436280000000004 0.00890244 0.0007137999999999999 -0.024502749999999993 -0.023073609999999984 -0.02389984
16.22545885801144 -0.01506504 0.006714500000000004 0.00924878 0.0007141999999999999 -0.025028029999999993 -0.023582269999999985 -0.024418119999999998
16.22426875876685 -0.0156573 0.006632520000000005 0.0091328 0.0007337599999999999 -0.025523869999999994 -0.024028889999999983 -0.024893199999999997
16.20698451677515 -0.01607156 0.006720220000000004 0.00926412 0.0007458599999999999 -0.026081529999999995 -0.024563069999999982 -0.02544096
16.19657131788308 -0.01620468 0.007100580000000004 0.00984314 0.0007334599999999999 -0.026781269999999996 -0.02526494999999998 -0.026141599999999997
16.148112566121075 -0.016514309999999997 0.007036170000000004 0.00972728 0.0007449099999999999 -0.026986489999999995 -0.02545442999999998 -0.026340179999999998
16.148112532585934 -0.01682317 0.006971750000000004 0.00961149 0.0007564899999999999 -0.027191129999999994 -0.025643889999999978 -0.026538419999999997
16.148111342680064 -0.01713172 0.006907330000000004 0.00949386 0.0007705999999999999 -0.027396149999999994 -0.02583613999999998 -0.026738049999999996
16.148111292290668 -0.01743355 0.006842920000000004 0.00938149 0.0007774199999999999 -0.027592429999999994 -0.02603072999999998 -0.026933619999999995
16.115286806651564 -0.01820073 0.0064210600000000045 0.00887349 0.0007429199999999999 -0.027817109999999996 -0.02630604999999998 -0.027179659999999994
16.099963822708663 -0.01942221 0.005700660000000005 0.007746329999999999 0.0007804599999999999 -0.027948969999999997 -0.02639214999999998 -0.027292219999999996
15.955869446300113 -0.020470949999999998 0.004997200000000005 0.006914289999999999 0.0007059799999999998 -0.028091169999999995 -0.026521549999999977 -0.027429019999999995
15.769857234949344 -0.02071482 0.005047210000000004 0.006929289999999999 0.0007205299999999998 -0.028364599999999997 -0.026771989999999978 -0.027692749999999995
15.769857224623605 -0.020956299999999997 0.005097220000000004 0.006951249999999999 0.0007256099999999998 -0.028633129999999996 -0.027016829999999978 -0.027951279999999995
15.769854229385077 -0.021202459999999996 0.0051472400000000034 0.006968449999999999 0.0007370799999999998 -0.028907959999999996 -0.027261399999999977 -0.028213339999999996
15.769854211071495 -0.021450339999999995 0.005197250000000003 0.006983239999999999 0.0007519299999999997 -0.029185479999999996 -0.027506609999999976 -0.028477229999999996
15.712660654206568 -0.022762139999999993 0.004344210000000003 0.005780039999999999 0.0007812699999999997 -0.029323419999999996 -0.027664449999999976 -0.028623549999999994
15.669331298505606 -0.022742739999999994 0.004992310000000003 0.00678408 0.0007506099999999998 -0.030277379999999996 -0.028678189999999975 -0.029602729999999994
15.628134422686914 -0.023521239999999995 0.004753650000000003 0.00629884 0.0007733299999999998 -0.030593359999999997 -0.028981269999999976 -0.029913269999999995
15.613282823897391 -0.024027499999999997 0.004843950000000003 0.00634292 0.0008360099999999998 -0.031206379999999995 -0.029523709999999977 -0.030496509999999994
15.592752709922282 -0.024441939999999995 0.005084410000000003 0.00669596 0.0008441699999999998 -0.031982 -0.030243389999999978 -0.031248529999999993
15.569951645390432 -0.025873999999999994 0.004232730000000003 0.0053665399999999995 0.0008996499999999998 -0.032140119999999994 -0.030369769999999977 -0.03139324999999999
15.569951604743169 -0.027275559999999994 0.0033810700000000034 0.0040780799999999996 0.0009018899999999998 -0.03225545999999999 -0.030487309999999976 -0.031509529999999994
15.539945984331949 -0.027518439999999995 0.0034503400000000036 0.00415416 0.0009337299999999998 -0.03260626999999999 -0.030793709999999974 -0.03184159999999999
15.539945950822178 -0.027740419999999995 0.0035196100000000037 0.004247099999999999 0.0009425799999999998 -0.032930039999999994 -0.031106849999999974 -0.03216087999999999
15.539943806822265 -0.027989059999999996 0.003588880000000004 0.004316769999999999 0.0009820799999999998 -0.033287849999999994 -0.031416269999999975 -0.03249826999999999
15.539943753169773 -0.028220449999999998 0.003658150000000004 0.0044037699999999996 0.0009989599999999997 -0.03362311999999999 -0.031724579999999974 -0.03282216999999999
15.468774368084398 -0.028974129999999997 0.003354530000000004 0.003996169999999999 0.0009077399999999997 -0.03387795999999999 -0.03208589999999997 -0.033121929999999994
15.419560287236694 -0.029339469999999996 0.003695290000000004 0.00451619 0.0009171199999999997 -0.03477267999999999 -0.032997059999999974 -0.03402358999999999
15.330219381175105 -0.029969949999999995 0.0034105100000000037 0.00403683 0.0009552399999999997 -0.034961919999999994 -0.03315025999999997 -0.03419762999999999
15.330219343675227 -0.030596859999999997 0.0031257200000000037 0.0035614 0.0009881399999999998 -0.03514629999999999 -0.033303229999999975 -0.03436875999999999
15.330218987860805 -0.031222879999999998 0.0028409300000000037 0.00308684 0.0010197599999999998 -0.035329379999999994 -0.033456189999999976 -0.03453913999999999
15.330218936991185 -0.03184412 0.0025561400000000036 0.00261993 0.0010408999999999998 -0.03550484999999999 -0.033607439999999975 -0.03470438999999999
15.225571136058868 -0.032097839999999996 0.0026715100000000037 0.00279205 0.0010639099999999997 -0.03595369999999999 -0.034032259999999974 -0.03514309999999999
15.225571125474277 -0.032337069999999996 0.002786870000000004 0.00297677 0.0010697999999999997 -0.03638353999999999 -0.03446087999999997 -0.03557242999999999
15.225568944359074 -0.03258605999999999 0.0029022600000000037 0.0031511200000000003 0.0010898899999999996 -0.036826979999999995 -0.03488954999999997 -0.03600963999999999
15.225568925229839 -0.03283077999999999 0.0030176600000000036 0.0033286200000000004 0.0011058499999999996 -0.03726515 -0.03531993999999997 -0.03644452999999999
15.056586226714083 -0.03341579999999999 0.0030362200000000035 0.0033177600000000003 0.0011134099999999996 -0.037846889999999994 -0.035944779999999975 -0.037044449999999986
15.056582997603156 -0.03403761999999999 0.0030547600000000036 0.00329172 0.0011423299999999996 -0.038471609999999996 -0.03653769999999997 -0.03765574999999999
15.032015891296195 -0.034207699999999994 0.0033870600000000034 0.00391394 0.0010679699999999995 -0.03918955 -0.03731763999999997 -0.038399849999999985
15.001851744848004 -0.034575999999999996 0.0035870600000000035 0.004325900000000001 0.0008703099999999995 -0.039772169999999996 -0.03804711999999997 -0.039044429999999984
14.836365077938146 -0.0364168 0.0025195400000000033 0.0026710000000000006 0.0008978499999999995 -0.039985629999999994 -0.038224579999999966 -0.03924268999999998
14.810869609804305 -0.03613848 0.0034922200000000033 0.0039831400000000005 0.0009053299999999995 -0.041026929999999996 -0.03925449999999996 -0.040279189999999986
14.79948159907602 -0.03598582 0.004551320000000004 0.0054156000000000004 0.0008955699999999995 -0.042296969999999996 -0.040492699999999965 -0.04153578999999999
14.764799907068557 -0.03654516 0.004848060000000004 0.00582154 0.0008963699999999995 -0.043263069999999994 -0.04145071999999996 -0.042498489999999986
14.707872277066322 -0.03705033 0.004745280000000004 0.00560132 0.0009170399999999995 -0.04356867999999999 -0.04174203999999996 -0.04279806999999999
14.707872266198896 -0.037549 0.004642510000000003 0.00537831 0.0009418499999999995 -0.04386914999999999 -0.04204607999999996 -0.04310004999999999
14.707869020585198 -0.03804911 0.004539730000000003 0.0051749 0.0009393399999999996 -0.04416333999999999 -0.04232382999999996 -0.04338729999999999
14.707869000789374 -0.03855127 0.004436940000000003 0.00494909 0.0009673699999999995 -0.04446772999999999 -0.04262629999999996 -0.04369087999999999
14.614834715053357 -0.04025509 0.003452340000000003 0.00366775 0.0010677099999999995 -0.04499054999999999 -0.043075759999999956 -0.04418275999999999
14.614832315906765 -0.04194117 0.002467680000000003 0.00240493 0.0011412299999999996 -0.04548732999999999 -0.04352721999999996 -0.044660419999999985
14.600754609128417 -0.043830469999999996 0.0012853400000000029 0.00076045 0.0013300099999999995 -0.04592092999999999 -0.043921799999999955 -0.04507755999999999
14.571058685783044 -0.04584823 0.0002010600000000029 -0.00089737 0.0013914299999999995 -0.04634226999999999 -0.04428111999999996 -0.04547273999999999
14.508945052929375 -0.044642949999999994 0.002203760000000003 0.0018700899999999998 0.0013998899999999996 -0.04791290999999999 -0.04583629999999996 -0.04703685999999999
14.460065059886931 -0.04579646999999999 0.002077080000000003 0.0015904099999999998 0.0015183099999999995 -0.04890516999999999 -0.04669761999999996 -0.04797387999999999
14.414839975025055 -0.04558066999999999 0.003124360000000003 0.0030088899999999997 0.0013898899999999995 -0.04997940999999999 -0.04797047999999996 -0.04913191999999999
14.408746943252993 -0.04759760999999999 0.0019828000000000033 0.0013896899999999998 0.0014256099999999995 -0.050412869999999985 -0.04842747999999996 -0.049575319999999985
14.358583971060447 -0.04809733999999999 0.0018785400000000034 0.00132914 0.0014021799999999994 -0.050828629999999986 -0.04886255999999996 -0.049999229999999985
14.358583934969959 -0.04860846999999999 0.0017743000000000034 0.0012575899999999998 0.0013938599999999994 -0.05125988999999999 -0.04929625999999996 -0.05043151999999999
14.35858158144169 -0.049109699999999985 0.0016700400000000035 0.0011965399999999998 0.0013714499999999993 -0.051677659999999986 -0.04972993999999996 -0.050855999999999985
14.358581523304705 -0.04961314999999999 0.0015657700000000034 0.0011319899999999998 0.0013535699999999993 -0.05209868999999999 -0.05016502999999996 -0.05128295999999998
14.221424004532233 -0.05144364999999999 0.0008998100000000035 7.550999999999977e-05 0.0014817899999999993 -0.05300092999999999 -0.05095454999999996 -0.05213765999999998
14.134034187848806 -0.05268258999999999 0.0004642500000000035 -0.0004031700000000002 0.0014890299999999993 -0.05376844999999999 -0.05171720999999996 -0.052903119999999984
14.091118059605131 -0.05454920999999999 -0.00024592999999999653 -0.0014533300000000003 0.0015701499999999993 -0.05466602999999999 -0.052548869999999956 -0.053772899999999985
13.981812193654894 -0.05674440999999999 -0.0014603899999999967 -0.00319891 0.0016954299999999993 -0.055240929999999994 -0.053040829999999956 -0.05431279999999999
13.973775668235369 -0.05665371999999999 -0.0008520099999999967 -0.00233444 0.0016444199999999993 -0.05596369999999999 -0.05382083999999995 -0.05505970999999999
13.973775652525275 -0.05662211999999999 -0.00024364999999999673 -0.0015342300000000001 0.0016647599999999993 -0.05675263999999999 -0.05458957999999995 -0.05584012999999999
13.973774114765796 -0.05659092999999999 0.00036474000000000326 -0.0007346300000000001 0.0016857999999999992 -0.05754208999999999 -0.05535832999999995 -0.056620849999999986
13.973774098217433 -0.05655042999999999 0.0009731500000000032 6.662999999999992e-05 0.0017050899999999992 -0.05832212999999999 -0.05613822999999995 -0.057400829999999986
13.96639031723012 -0.05649116999999999 0.0021119100000000033 0.0015670099999999998 0.001605569999999999 -0.059663749999999995 -0.05756262999999995 -0.05877736999999999
13.95033872608004 -0.05915726999999999 0.0007008900000000033 -0.0006718100000000001 0.001731809999999999 -0.060217269999999996 -0.05799866999999995 -0.059281329999999986
13.947039752824194 -0.061121369999999994 -0.00025598999999999674 -0.00215747 0.001718049999999999 -0.060681929999999995 -0.058522889999999946 -0.05977110999999999
13.936494404007645 -0.06340056999999999 -0.0013817699999999968 -0.00385117 0.0019341099999999989 -0.06148351 -0.05914716999999994 -0.06049788999999999
13.895302745331305 -0.06490903999999999 -0.0023668699999999966 -0.00525354 0.002001559999999999 -0.06165705 -0.05927653999999994 -0.06065279999999999
13.895302701389518 -0.06640943999999999 -0.0033519799999999966 -0.00664172 0.002050989999999999 -0.0618187 -0.05939977999999994 -0.06079824999999999
13.895301207361287 -0.06791093999999999 -0.0043371099999999965 -0.00803851 0.002112209999999999 -0.06198462 -0.05953272999999994 -0.06095025999999999
13.895301154027159 -0.06941937 -0.005322219999999996 -0.009440480000000001 0.002179169999999999 -0.062158029999999996 -0.059661699999999936 -0.061104929999999995
13.655137237801833 -0.07149137 -0.006120699999999996 -0.01066626 0.002362389999999999 -0.06318747 -0.060565219999999934 -0.06208125
13.618504014059653 -0.07222376999999999 -0.005296459999999996 -0.009430280000000001 0.002387409999999999 -0.06518085 -0.06256879999999994 -0.06407892999999999
13.481495287436344 -0.07507386999999999 -0.007021819999999996 -0.011681460000000001 0.0025351899999999992 -0.06592753 -0.06318825999999994 -0.06477195
13.403537592330627 -0.07558263999999999 -0.006769399999999997 -0.01139418 0.0025689999999999992 -0.06675738 -0.06398523999999994 -0.06558792999999999
13.403537552718758 -0.07608846 -0.006516989999999997 -0.011106930000000001 0.0026027999999999993 -0.06758425 -0.06478622999999994 -0.06640387999999998
13.40353608509439 -0.07661567 -0.006264579999999997 -0.010837270000000001 0.0026558699999999994 -0.06843418999999999 -0.06557682999999995 -0.06722878999999998
13.403536023604476 -0.07714040999999999 -0.006012159999999997 -0.01056803 0.0027099399999999992 -0.06928224999999999 -0.06637370999999995 -0.06805524999999998
13.33517811851783 -0.08058375 -0.008075339999999997 -0.013576910000000001 0.0028957799999999993 -0.06990256999999998 -0.06694010999999994 -0.06865280999999998
13.270956808138601 -0.0806464 -0.007446409999999997 -0.012688890000000001 0.0029040899999999994 -0.07086154999999998 -0.06789328999999994 -0.06960933999999998
13.270956795149358 -0.08074799999999999 -0.006817489999999997 -0.011844110000000001 0.0029615299999999995 -0.07186537999999998 -0.06884158999999994 -0.07058973999999998
13.270954148813216 -0.08084968 -0.006188569999999997 -0.010999370000000001 0.0030190299999999994 -0.07286928999999998 -0.06978985999999994 -0.07157017999999998
13.270954127893539 -0.08091103999999999 -0.005559639999999998 -0.010107030000000001 0.0030215599999999995 -0.07382551999999998 -0.07073919999999995 -0.07252349999999998
13.146760513950442 -0.08192587999999999 -0.005631329999999998 -0.010177620000000002 0.0031269799999999997 -0.07487518999999998 -0.07170670999999995 -0.07353850999999997
13.146760502226227 -0.08293160999999999 -0.005703049999999998 -0.010241200000000002 0.00322167 -0.07591201999999998 -0.07267638999999995 -0.07454700999999997
13.146759008149798 -0.08394280999999999 -0.005774729999999998 -0.010309710000000003 0.00332331 -0.07695633999999998 -0.07364493999999995 -0.07555936999999997
13.146758985415401 -0.08495594 -0.005846389999999998 -0.010379980000000004 0.00342844 -0.07800432999999998 -0.07461446999999995 -0.07657425999999998
12.885391568406023 -0.08865244 -0.007846329999999999 -0.013304980000000004 0.00365384 -0.07900122999999998 -0.07542708999999995 -0.07749341999999998
12.79837182131102 -0.08996596 -0.007084309999999998 -0.012483640000000004 0.00379618 -0.08127842999999998 -0.07759932999999995 -0.07972633999999998
12.470205602821212 -0.09222382999999999 -0.008276179999999998 -0.014246720000000004 0.00378063 -0.08175767999999999 -0.07809358999999995 -0.08021191999999998
12.470205547868273 -0.09447430999999999 -0.009468069999999997 -0.015991840000000004 0.00374572 -0.08222811999999999 -0.07857132999999995 -0.08068543999999998
12.470205005668651 -0.09672309 -0.010659969999999998 -0.017737410000000002 0.0037112900000000003 -0.08269688999999998 -0.07905189999999995 -0.08115918999999998
12.470204952125625 -0.09896181 -0.011851849999999997 -0.019485560000000002 0.0036797500000000003 -0.08315591999999998 -0.07954909999999996 -0.08163432999999998
12.453271462979721 -0.09668055 -0.007536929999999997 -0.013588320000000003 0.00362005 -0.08671219999999998 -0.08311639999999995 -0.08519524999999997
12.436584791502533 -0.09756969 -0.007191409999999997 -0.013194480000000003 0.00367229 -0.08804741999999997 -0.08441109999999995 -0.08651337999999997
12.436584770825997 -0.09845687 -0.006845899999999997 -0.012800410000000003 0.00372429 -0.08938066999999997 -0.08570825999999995 -0.08783140999999997
12.436584171531699 -0.09934002 -0.006500339999999997 -0.012400780000000004 0.00377006 -0.09070921999999997 -0.08700498999999995 -0.08914653999999997
12.43658415588797 -0.10022225 -0.006154769999999997 -0.012001380000000004 0.00381608 -0.09203686999999997 -0.08830320999999995 -0.09046176999999997
12.3947006712363 -0.10121239 -0.005826019999999997 -0.011663380000000004 0.00386845 -0.09341737999999997 -0.08964754999999995 -0.09182701999999997
12.394700658765307 -0.10220037 -0.005497259999999997 -0.011329840000000004 0.00392654 -0.09479698999999997 -0.09100040999999995 -0.09319534999999997
12.394697956586858 -0.10318698999999999 -0.005168489999999997 -0.010985730000000004 0.00396907 -0.09617024999999997 -0.09234143999999994 -0.09455500999999997
12.394697932541886 -0.10416213999999999 -0.004839699999999997 -0.010628810000000004 0.00400067 -0.09753392999999998 -0.09368568999999995 -0.09591048999999997
12.382809884255245 -0.10581103999999998 -0.0037970199999999973 -0.008993630000000004 0.00391957 -0.10073690999999997 -0.09698478999999995 -0.09915402999999998
12.307337373733754 -0.10980515999999998 -0.005701659999999997 -0.011544190000000005 0.0040579299999999995 -0.10231880999999997 -0.09854690999999995 -0.10072758999999998
12.288126088308935 -0.11119274999999998 -0.005746209999999997 -0.011869420000000004 0.00414361 -0.10346685999999997 -0.09962078999999995 -0.10184434999999997
12.28812604120356 -0.11257780999999997 -0.005790769999999997 -0.012194670000000005 0.00422932 -0.10461237999999996 -0.10069820999999994 -0.10296113999999998
12.288125561514361 -0.11396558999999998 -0.005835339999999997 -0.012520630000000005 0.00431579 -0.10576067999999997 -0.10177263999999994 -0.10407826999999997
12.288125498378834 -0.11530000999999998 -0.005879899999999997 -0.012780720000000004 0.00433062 -0.10684982999999997 -0.10284839999999994 -0.10516176999999997
12.129643778001537 -0.11709897999999998 -0.006208219999999997 -0.013196180000000004 0.00440132 -0.10830403999999996 -0.10425241999999994 -0.10659480999999997
12.12964376486562 -0.11890408999999998 -0.006536559999999997 -0.013614970000000004 0.00447352 -0.10976254999999996 -0.10565168999999994 -0.10802832999999996
12.129643268335899 -0.12070858999999998 -0.006864909999999997 -0.014032980000000004 0.0045448599999999995 -0.11122038999999996 -0.10705097999999993 -0.10946146999999996
12.129643244138835 -0.12252311999999997 -0.007193239999999997 -0.014456560000000004 0.004625099999999999 -0.11269156999999996 -0.10844575999999993 -0.11090041999999996
12.081058340631005 -0.12467673999999997 -0.008140189999999997 -0.015610030000000004 0.0046684299999999995 -0.11373504999999996 -0.10945689999999993 -0.11193024999999995
12.081058295088953 -0.12682592999999998 -0.009087129999999997 -0.016752340000000004 0.00470166 -0.11477516999999997 -0.11046428999999992 -0.11295655999999996
12.081056597548143 -0.12898090999999998 -0.010034119999999997 -0.017906110000000003 0.00474326 -0.11581797999999997 -0.11147192999999993 -0.11398452999999996
12.081056531222636 -0.13113508 -0.010981109999999997 -0.01905951 0.00478632 -0.11686180999999997 -0.11248212999999993 -0.11501416999999996
11.9543527609583 -0.13697272 -0.014423489999999997 -0.02358081 0.00480898 -0.11820078999999997 -0.11380324999999993 -0.11634560999999996
11.9138079772099 -0.13769572 -0.011591569999999997 -0.019603970000000002 0.00475906 -0.12285070999999997 -0.11851286999999992 -0.12102070999999996
11.892730055033091 -0.13841003999999998 -0.010838679999999996 -0.018459020000000003 0.00479633 -0.12474725999999997 -0.12037695999999992 -0.12290356999999996
11.892730010336884 -0.13911678 -0.010085769999999996 -0.017305390000000004 0.00482481 -0.12663610999999997 -0.12224090999999992 -0.12478190999999997
11.8927283170759 -0.13982788999999998 -0.009332889999999996 -0.016157620000000004 0.004859029999999999 -0.12852921999999997 -0.12410646999999993 -0.12666339999999998
11.892728247980974 -0.14054101 -0.008580019999999997 -0.015011070000000005 0.00489448 -0.13042433999999997 -0.12597054999999993 -0.12854543
11.891151656917735 -0.14155375 -0.005760639999999997 -0.010694130000000005 0.00480374 -0.13566327999999997 -0.13127578999999992 -0.13381235
11.854553024155814 -0.13921275 -0.001020359999999997 -0.003737150000000005 0.00451486 -0.13999037999999997 -0.13586270999999991 -0.13824904999999998
11.801089846871273 -0.14055501 0.001003240000000003 -0.001146010000000005 0.00447566 -0.14388459999999997 -0.13985584999999992 -0.14218498999999998
11.511985300913397 -0.14302383000000002 0.0016572000000000028 -0.00021579000000000498 0.00447052 -0.14727847999999996 -0.14324480999999992 -0.14557680999999997
11.431705900717049 -0.14455549 0.005060160000000003 0.005016309999999995 0.004331560000000001 -0.15390325999999996 -0.1499020899999999 -0.15221530999999996
11.31644354548893 -0.14751733 0.0060403400000000025 0.006168689999999995 0.004368240000000001 -0.15805413999999995 -0.15407186999999992 -0.15637416999999998
11.29424631152965 -0.15557417 0.0025190400000000023 0.001095929999999995 0.00446674 -0.16113671999999996 -0.1570735699999999 -0.15942262999999998
11.227189480441503 -0.15949899 0.002314600000000002 0.0008721499999999949 0.00443538 -0.16480639999999996 -0.1607713699999999 -0.16310417
11.227186363707679 -0.16340913 0.002110060000000002 0.0006546699999999949 0.0043933 -0.16845697999999995 -0.16447932999999992 -0.16677894999999998
10.884057758513 -0.16660009 0.0015091900000000023 -0.0004204800000000051 0.00443249 -0.17061197999999994 -0.16659733999999993 -0.16891833999999997
10.884057744900195 -0.16979370000000002 0.0009083800000000022 -0.001498000000000005 0.00447673 -0.17277229999999993 -0.16871649999999994 -0.17106129999999997
10.88405462313503 -0.17298978 0.00030755000000000224 -0.002577010000000005 0.00452213 -0.17493476999999993 -0.17083414999999993 -0.17320485999999996
10.88405459527898 -0.17618064 -0.0002933299999999978 -0.003652150000000005 0.00456038 -0.17708874999999993 -0.17295199999999994 -0.17534359999999996
10.621615668329172 -0.1845305 -0.0031576099999999978 -0.008019170000000006 0.00464482 -0.18115602999999994 -0.17699141999999993 -0.17939911999999997
10.597767900119495 -0.18563416 0.002146050000000002 -0.0013228700000000064 0.00456714 -0.18887830999999994 -0.18476931999999993 -0.18714485999999997
10.552271056865091 -0.18750577999999998 0.0034372700000000023 0.0005619299999999937 0.00450481 -0.19257238999999993 -0.18849427999999993 -0.19085196999999998
10.55227099737296 -0.18937669999999998 0.004728500000000002 0.0024452399999999935 0.004444 -0.19626580999999993 -0.19222150999999993 -0.19455964999999997
10.552270378746124 -0.1912515 0.006019690000000002 0.004322499999999993 0.00439138 -0.19996525999999992 -0.19594875999999992 -0.19827082999999998
10.55227031009794 -0.19312654999999998 0.007310880000000002 0.006200959999999993 0.0043352600000000005 -0.20366263999999992 -0.19967613999999992 -0.20198086999999998
10.506825541052299 -0.20540582999999998 0.0015094000000000019 -0.002661920000000007 0.004539840000000001 -0.20728363999999994 -0.20310843999999992 -0.20552225
10.479836843290183 -0.20519779999999999 0.005099960000000002 0.0023923999999999933 0.004373180000000001 -0.21196326999999993 -0.20790916999999992 -0.21025296999999998
10.47983678588932 -0.20497463999999999 0.008690510000000002 0.007447059999999993 0.004206180000000001 -0.21662777999999994 -0.2127303399999999 -0.21498356999999998
10.479836186966653 -0.20475242 0.012281040000000002 0.012500699999999993 0.004040830000000001 -0.22129385999999993 -0.2175516499999999 -0.21971513999999998
10.479836115247128 -0.20454324999999998 0.015871580000000003 0.017553239999999994 0.003876910000000001 -0.22597330999999993 -0.2223560399999999 -0.2244473
10.27246457253201 -0.20653032999999998 0.017391010000000002 0.019801939999999994 0.003786310000000001 -0.23011848999999993 -0.22656503999999988 -0.2286194
10.272464555493372 -0.20852073999999998 0.018910350000000003 0.022050429999999992 0.003695920000000001 -0.23426698999999993 -0.23076974999999988 -0.23279162
10.27246247983005 -0.21053942999999997 0.020429730000000004 0.024277159999999992 0.003630200000000001 -0.23844668999999993 -0.23496255999999988 -0.23697685000000002
10.272462453065987 -0.21253370999999996 0.021949190000000004 0.02652554999999999 0.003540280000000001 -0.24259943999999994 -0.23916169999999987 -0.24114917000000002
9.903259070833585 -0.22562296999999995 0.020361010000000002 0.024888389999999993 0.003523060000000001 -0.25403433999999997 -0.2504816599999999 -0.25253557000000004
9.80780491502408 -0.24209132999999994 0.011940430000000002 0.014381009999999993 0.003698780000000001 -0.26017103999999996 -0.2564640199999999 -0.25860715000000006
9.573572643884125 -0.24855787999999993 0.012396180000000001 0.015508809999999993 0.003607200000000001 -0.26767381999999995 -0.2640085299999999 -0.26612753000000006
9.573572628954876 -0.2550372999999999 0.012851820000000002 0.01662013999999999 0.003531170000000001 -0.2751885399999999 -0.2715522499999999 -0.2736544900000001
9.573570545117207 -0.2615117699999999 0.013307590000000001 0.017740709999999993 0.003446890000000001 -0.28269929999999993 -0.27909395999999986 -0.2811783100000001
9.573570512557703 -0.2679795199999999 0.013763480000000002 0.018861939999999994 0.003361980000000001 -0.2902033699999999 -0.28664426999999987 -0.28870189000000007
9.387373487374097 -0.25507807999999993 0.0373059 0.05275885999999999 0.002412780000000001 -0.31024964999999993 -0.3072554099999999 -0.30898647000000007
9.361506889970096 -0.2807774599999999 0.026771600000000003 0.036964159999999996 0.002701600000000001 -0.32044316999999994 -0.3171456499999999 -0.3190520500000001
9.295490539077504 -0.2853706399999999 0.03993486 0.056547139999999996 0.001650380000000001 -0.3435681099999999 -0.34095188999999987 -0.3424644100000001
9.153763844015145 -0.2932010599999999 0.05023474 0.07140402 0.000870060000000001 -0.36547508999999995 -0.36335478999999987 -0.3645806100000001
9.035177165497887 -0.3193769799999999 0.03811414 0.0562845 0.0013126200000000009 -0.37697404999999995 -0.37443720999999985 -0.3759038300000001
8.971985427673124 -0.3472698799999999 0.03251286 0.049126260000000005 0.001358320000000001 -0.39775440999999995 -0.3949334099999999 -0.3965643100000001
8.293258355384793 -0.3882366599999999 0.016829399999999998 0.030612860000000006 0.001480100000000001 -0.42032956999999993 -0.41706928999999987 -0.4189541500000001
8.27527950048686 -0.4017461599999999 0.0249449 0.04709872000000001 0.0007822400000000009 -0.4496270699999999 -0.4466582099999999 -0.4483745900000001
8.232859518875284 -0.4203704099999999 0.021745689999999998 0.04479960000000001 0.00036235000000000087 -0.4655323199999999 -0.46248720999999987 -0.46424767000000006
8.232859489005401 -0.4389952899999999 0.0185462 0.04249946000000001 -5.660999999999915e-05 -0.48143809999999987 -0.4783161699999999 -0.48012104000000005
8.232858625612328 -0.4576117799999999 0.015346859999999999 0.04020037000000001 -0.00047690999999999917 -0.49733519999999987 -0.49415537999999987 -0.4959937200000001
8.232858600601466 -0.4762278999999999 0.012147809999999998 0.037901730000000015 -0.0008973599999999992 -0.5132322299999998 -0.5099946399999998 -0.5118663800000001
8.165893982210708 -0.5128862599999999 0.018167709999999997 0.05969235000000002 -0.003686319999999999 -0.5688922499999999 -0.5661542999999998 -0.5677371800000001
7.94785401225415 -0.55336166 0.011040609999999996 0.05157733000000002 -0.004504339999999999 -0.6004346099999999 -0.5975510799999998 -0.5992181200000001
7.937059665509641 -0.5825613 0.003458089999999996 0.046364620000000016 -0.005378209999999999 -0.6235476699999999 -0.6206345999999998 -0.6223187200000001
7.937059651198265 -0.61175958 -0.004124840000000004 0.04115513000000002 -0.0062558699999999984 -0.6466587899999999 -0.6437177199999998 -0.6454180300000001
7.937058818163156 -0.64096875 -0.011707740000000005 0.03594607000000002 -0.007132629999999998 -0.66978213 -0.6667847399999999 -0.6685176100000001
7.9370587750867125 -0.67018243 -0.019290240000000004 0.030732010000000018 -0.008005469999999999 -0.69290891 -0.6898508599999998 -0.6916188000000001
7.918115177639053 -0.71149323 -0.022294480000000005 0.03225881000000002 -0.009449689999999998 -0.73430227 -0.7312367199999998 -0.7330090000000001
7.646692981710969 -0.73892687 -0.030240880000000005 0.02702057000000002 -0.010082109999999998 -0.75586525 -0.7527447999999999 -0.7545488200000001
7.64669296991229 -0.7663558 -0.038187160000000005 0.02179362000000002 -0.010725889999999998 -0.77742345 -0.7742483599999999 -0.7760839700000001
7.646690203091246 -0.79380158 -0.04613371000000001 0.01655481000000002 -0.011357549999999998 -0.79899876 -0.7957407799999998 -0.7976243100000001
7.64669015623292 -0.82124397 -0.05408037000000001 0.01131607000000002 -0.011989899999999998 -0.82057007 -0.8172376399999998 -0.8191642100000001
7.3245467079324795 -0.86124362 -0.06411212000000001 0.00872959000000002 -0.014023339999999999 -0.8559498000000001 -0.8526414799999997 -0.85455411
7.324546685996958 -0.901242 -0.07414353000000001 0.00614354000000002 -0.01605678 -0.8913286900000001 -0.8880453999999998 -0.8899435600000001
7.324543907536211 -0.94124388 -0.08417489000000002 0.0035521500000000204 -0.01808635 -0.9267096100000002 -0.9234499299999998 -0.9253344400000001
7.324543867648097 -0.98124584 -0.09420659000000002 0.0009603500000000204 -0.020115940000000002 -0.9620901800000001 -0.9588543699999997 -0.9607250800000001
6.810811507043177 -1.16175512 -0.20461699000000003 -0.08597476999999998 -0.02572324 -1.0500570400000002 -1.0448123899999997 -1.04784446
6.602802553139406 -1.34552208 -0.31272275000000005 -0.15715574999999998 -0.0319556 -1.1564106600000001 -1.1493802699999998 -1.15344472
6.064820747978854 -1.65212566 -0.4579872100000001 0.32138805000000004 -0.14660854 -1.8269051000000003 -1.8275332699999998 -1.82717012
4.879876784204481 -2.31321268 -0.89393641 0.59654205 -0.22294867000000002 -2.6868059900000003 -2.6370417699999997 -2.6658117199999998
4.879876783261088 -2.9742938399999996 -1.3298808100000001 0.87169955 -0.29929224 -3.54670108 -3.44654897 -3.50444942
4.879875284071528 -3.6353944099999995 -1.76583141 1.14684365 -0.37561959 -4.4066184 -4.25606197 -4.34310242
4.879875191366439 -4.29649362 -2.20177711 1.42198745 -0.45194596 -5.26653504 -5.06557307 -5.18175422
4.8542918473850225 -5.61790088 -2.68370091 2.45598165 -0.69778856 -7.3760939 -7.0681550699999995 -7.24618222
4.689720404504576 -6.258243149999999 -2.82273881 3.21148795 -0.83009786 -8.63963317 -8.27659207 -8.486475219999999
4.689720349898126 -6.898588449999999 -2.9617782100000003 3.96699275 -0.96240596 -9.903175169999999 -9.485030069999999 -9.726770219999999
4.689718793492955 -7.538936049999999 -3.10081701 4.72249135 -1.0947111600000001 -11.166716169999999 -10.693467069999999 -10.96706422
4.689718751012225 -8.179284339999999 -3.2398542100000003 5.47799185 -1.22701576 -12.430260359999998 -11.901902069999998 -12.207359219999999
4.38165304261412 -10.107307819999999 -4.09686681 6.798029850000001 -1.53256816 -15.372769439999999 -14.701314069999999 -15.089499219999999
