10.272462453065987 -0.00085964 0.00216393 0.0021638 -1e-08 -0.00302343 -0.00304862 -0.00303406
10.27246247983005 -0.0017108599999999998 0.00432776 0.00432751 -2e-08 -0.00603835 -0.0060972100000000005 -0.0060631899999999996
10.272464555493372 -0.0025619099999999997 0.00649156 0.006491159999999999 -3.0000000000000004e-08 -0.00905304 -0.00914579 -0.00909218
10.27246457253201 -0.0034216999999999997 0.00865543 0.0086549 -4e-08 -0.01207656 -0.012194370000000001 -0.01212628
10.479836115247128 -0.0017567799999999997 0.01358776 0.0135868 -4e-08 -0.01534354 -0.015559660000000001 -0.01543473
10.479836186966653 -9.188999999999964e-05 0.01852015 0.01851863 -5e-08 -0.01861048 -0.018925 -0.01874318
10.47983678588932 0.0015729700000000004 0.02345253 0.023450560000000002 -6e-08 -0.021877539999999997 -0.02229018 -0.02205164
10.479836843290183 0.0032378300000000006 0.028384939999999997 0.028382410000000004 -6.999999999999999e-08 -0.02514453 -0.02565547 -0.0253601
10.506825541052299 -0.008562849999999999 0.019534359999999997 0.019530450000000005 -8.999999999999999e-08 -0.028093229999999997 -0.02839497 -0.02822054
10.55227031009794 -0.009383139999999998 0.021387939999999998 0.021383590000000004 -9.999999999999998e-08 -0.030766649999999996 -0.03108786 -0.030902179999999998
10.552270378746124 -0.010203489999999997 0.023241449999999997 0.023236720000000006 -1.0999999999999998e-07 -0.03344013 -0.03378076 -0.03358385
10.55227099737296 -0.011023819999999997 0.025095039999999996 0.025089900000000005 -1.2e-07 -0.03611363 -0.03647366 -0.03626554
10.552271056865091 -0.011844049999999997 0.026948619999999996 0.026943090000000006 -1.3e-07 -0.03878704 -0.039166559999999996 -0.038947169999999996
10.597767900119495 -0.010399729999999996 0.03357714 0.03357145 -1.5e-07 -0.04397108 -0.04447913999999999 -0.04418543
10.621615668329172 -0.018028789999999996 0.0291838 0.029176850000000004 -1.5e-07 -0.047205540000000004 -0.04759143999999999 -0.04736835
10.88405459527898 -0.020681039999999998 0.02811602 0.028109140000000005 -1.6e-07 -0.048790080000000006 -0.04912712999999999 -0.048932279999999995
10.88405462313503 -0.02333134 0.027048299999999997 0.027041510000000005 -1.6e-07 -0.050372740000000006 -0.05066276999999999 -0.050495109999999996
10.884057744900195 -0.02598184 0.02598068 0.025973890000000006 -1.7000000000000001e-07 -0.051955610000000006 -0.05219843999999999 -0.05205807
10.884057758513 -0.02863431 0.024912899999999998 0.024906200000000007 -1.7000000000000001e-07 -0.05354039000000001 -0.053734189999999994 -0.05362217
11.227186363707679 -0.03163751 0.02467086 0.024664820000000007 -1.9e-07 -0.056302210000000005 -0.05647716999999999 -0.05637605
11.227189480441503 -0.03463775 0.02442894 0.024423580000000007 -2.1e-07 -0.059061190000000006 -0.059220169999999996 -0.05912829
11.29424631152965 -0.04209555 0.01939192 0.019385600000000006 -2.1e-07 -0.06148101000000001 -0.06150165 -0.06148975
11.31644354548893 -0.04382607 0.02058918 0.020583760000000006 -2.1e-07 -0.06440967000000002 -0.06443501 -0.06442039000000001
11.431705900717049 -0.04318561 0.02579588 0.025789420000000007 -2.3e-07 -0.06897487000000002 -0.06912257 -0.06903721
11.511985300913397 -0.04478989 0.02671532 0.026707740000000008 -2.3e-07 -0.07149747000000002 -0.07166660999999999 -0.07156885
11.801089846871273 -0.04491745 0.02925714 0.02924946000000001 -2.3e-07 -0.07416677000000002 -0.07438300999999999 -0.07425801
11.854553024155814 -0.04128439 0.03601668 0.03600924000000001 -2.3e-07 -0.07729349000000002 -0.07764476999999999 -0.07744169
11.891151656917735 -0.04058679 0.04034098 0.04033440000000001 -2.5e-07 -0.08092105000000002 -0.08136528999999999 -0.08110846999999999
11.892728247980974 -0.040712649999999996 0.041538809999999995 0.04153245000000001 -2.5e-07 -0.08224496000000002 -0.08271118999999999 -0.08244164999999999
11.8927283170759 -0.0408382 0.04273667999999999 0.04273053000000001 -2.5e-07 -0.08356858000000002 -0.08405710999999999 -0.08377467999999999
11.892730010336884 -0.040963679999999995 0.043934579999999994 0.04392864000000001 -2.5e-07 -0.08489216000000002 -0.08540302 -0.08510767999999999
11.892730055033091 -0.04108952 0.04513244999999999 0.04512673000000001 -2.5e-07 -0.08621609000000002 -0.08674893 -0.08644088
11.9138079772099 -0.0402398 0.04906906999999999 0.049061830000000015 -2.7e-07 -0.08930145000000002 -0.08996609 -0.08958184
11.9543527609583 -0.0460167 0.044558829999999994 0.04455177000000002 -2.7e-07 -0.09056827000000002 -0.09111699 -0.09079976
12.081056531222636 -0.04795731 0.043459279999999996 0.04345231000000002 -2.7e-07 -0.09140942000000002 -0.09192470999999999 -0.0916268
12.081056597548143 -0.049898960000000006 0.04235973999999999 0.04235286000000002 -2.7e-07 -0.09225161000000003 -0.09273237999999999 -0.09245442999999999
12.081058295088953 -0.051840630000000006 0.04126023999999999 0.04125347000000002 -2.7e-07 -0.09309388000000003 -0.09354003999999999 -0.09328209999999999
12.081058340631005 -0.05378124000000001 0.04016072999999999 0.04015407000000002 -2.7e-07 -0.09393509000000003 -0.09434768999999998 -0.09410914999999999
12.129643244138835 -0.055183060000000006 0.03982279999999999 0.03981600000000002 -2.8e-07 -0.09499883000000002 -0.09538617999999999 -0.09516224
12.129643268335899 -0.056581490000000005 0.03948482999999999 0.039477890000000015 -2.9000000000000003e-07 -0.09605914000000002 -0.09642455999999999 -0.0962133
12.12964376486562 -0.05797965000000001 0.03914686999999999 0.039139790000000015 -3.0000000000000004e-07 -0.09711919000000002 -0.09746305999999999 -0.09726426
12.129643778001537 -0.059381670000000004 0.03880893999999999 0.03880172000000001 -3.1000000000000005e-07 -0.09818314000000002 -0.09850147999999999 -0.09831744
12.288125498378834 -0.06043807 0.038534879999999994 0.03852769000000001 -3.1000000000000005e-07 -0.09896551000000002 -0.09926563 -0.09909212
12.288125561514361 -0.06149422 0.03826080999999999 0.03825364000000001 -3.1000000000000005e-07 -0.09974761000000001 -0.10002973 -0.09986663000000001
12.28812604120356 -0.06255042 0.03798674999999999 0.03797960000000001 -3.1000000000000005e-07 -0.10052977000000002 -0.10079381 -0.10064116000000001
12.288126088308935 -0.06360679999999999 0.03771267999999999 0.03770558000000001 -3.1000000000000005e-07 -0.10131213000000001 -0.10155794 -0.10141583000000001
12.307337373733754 -0.06728964 0.03530139999999999 0.03529480000000001 -3.1000000000000005e-07 -0.10258419000000002 -0.10275072 -0.10265445000000001
12.382809884255245 -0.06795314 0.03686989999999999 0.03686300000000001 -3.3000000000000007e-07 -0.10481587000000002 -0.10504970000000001 -0.10491453
12.394697932541886 -0.06851381 0.03724511999999999 0.037238200000000006 -3.3000000000000007e-07 -0.10575173000000002 -0.10597268000000001 -0.10584496
12.394697956586858 -0.0690744 0.037620329999999993 0.03761338000000001 -3.3000000000000007e-07 -0.10668750000000002 -0.10689552000000001 -0.10677528
12.394700658765307 -0.06963472999999999 0.037995509999999996 0.037988530000000006 -3.400000000000001e-07 -0.10762297000000001 -0.10781836 -0.10770542
12.3947006712363 -0.07019521999999999 0.03837068 0.038363690000000006 -3.400000000000001e-07 -0.10855862000000001 -0.10874132 -0.10863571999999999
12.43658415588797 -0.07068545999999999 0.038812139999999995 0.038805250000000006 -3.400000000000001e-07 -0.10949042 -0.10967222 -0.10956714
12.436584171531699 -0.07117441999999999 0.039253579999999996 0.039246800000000005 -3.400000000000001e-07 -0.11042093 -0.11060515 -0.11049867
12.436584770825997 -0.07166340999999998 0.039694959999999994 0.03968829000000001 -3.400000000000001e-07 -0.11135141 -0.11153806 -0.11143017
12.436584791502533 -0.07215214999999998 0.040136349999999994 0.040129790000000005 -3.400000000000001e-07 -0.11228165 -0.11247106 -0.11236157999999999
12.453271462979721 -0.06867146999999998 0.046007549999999994 0.046001770000000004 -3.400000000000001e-07 -0.11467292999999999 -0.11498594 -0.11480502
12.470204952125625 -0.07093604999999999 0.04420307 0.044197270000000004 -3.400000000000001e-07 -0.115133 -0.11537929 -0.11523694
12.470205005668651 -0.07320101999999999 0.042398559999999995 0.042392740000000005 -3.400000000000001e-07 -0.11559344 -0.11577266 -0.11566908
12.470205547868273 -0.07546607 0.04059408 0.04058822000000001 -3.400000000000001e-07 -0.11605397 -0.11616594 -0.11610124
12.470205602821212 -0.07773073 0.038789609999999995 0.03878373000000001 -3.400000000000001e-07 -0.11651413000000001 -0.1165592 -0.11653318
12.79837182131102 -0.07828589 0.039728709999999993 0.03972363000000001 -3.400000000000001e-07 -0.11800919000000001 -0.11807246 -0.11803592
12.885391568406023 -0.08180353 0.03697932999999999 0.03697503000000001 -3.400000000000001e-07 -0.11877821000000001 -0.11876448 -0.11877246
13.146758985415401 -0.08248087999999999 0.03701937999999999 0.03701503000000001 -3.400000000000001e-07 -0.11949555 -0.11946521 -0.11948278999999999
13.146759008149798 -0.08315781 0.03705939999999999 0.03705500000000001 -3.400000000000001e-07 -0.12021245000000001 -0.12016578 -0.12019279999999999
13.146760502226227 -0.08383462 0.037099379999999994 0.03709493000000001 -3.400000000000001e-07 -0.12092919 -0.12086634 -0.12090270999999998
13.146760513950442 -0.08451212 0.037139399999999996 0.03713489000000001 -3.400000000000001e-07 -0.12164665000000001 -0.12156706 -0.12161310999999998
13.270954127893539 -0.08428138 0.038043249999999994 0.03803894000000001 -3.400000000000001e-07 -0.12231995000000001 -0.12224756 -0.12228944999999998
13.270954148813216 -0.08405105 0.038947079999999995 0.03894298000000001 -3.400000000000001e-07 -0.12299367000000001 -0.12292821000000001 -0.12296608999999999
13.270956795149358 -0.08381942 0.039850909999999996 0.03984700000000001 -3.400000000000001e-07 -0.12366606000000001 -0.12360885 -0.12364195999999998
13.270956808138601 -0.08358746 0.04075475 0.04075104000000001 -3.400000000000001e-07 -0.12433814000000001 -0.12428934000000001 -0.12431758999999998
13.33517811851783 -0.08699616 0.03788441 0.03788194000000001 -3.400000000000001e-07 -0.12487774000000001 -0.12474912000000002 -0.12482350999999997
13.403536023604476 -0.08726911 0.03819533 0.03819345000000001 -3.400000000000001e-07 -0.12546220000000002 -0.12530431000000003 -0.12539561999999996
13.40353608509439 -0.0875402 0.03850624 0.038504930000000014 -3.400000000000001e-07 -0.12604477000000003 -0.12586186000000002 -0.12596763999999996
13.403537552718758 -0.08781247 0.03881714 0.03881642000000001 -3.400000000000001e-07 -0.12662852000000002 -0.12641955000000002 -0.12654039999999997
13.403537592330627 -0.08808661000000001 0.03912806 0.03912793000000001 -3.400000000000001e-07 -0.12721416000000002 -0.12697487000000002 -0.12711324999999998
13.481495287436344 -0.09082065 0.03702506 0.037025030000000014 -3.400000000000001e-07 -0.12784530000000002 -0.12752363000000003 -0.12770963
13.618504014059653 -0.09091947 0.038300919999999995 0.038301290000000016 -3.400000000000001e-07 -0.12922038000000002 -0.12891871000000002 -0.12909315
13.655137237801833 -0.09268839 0.037235899999999995 0.03723675000000001 -3.400000000000001e-07 -0.12992476000000003 -0.12961623000000003 -0.12979463
13.895301154027159 -0.09421526 0.035882189999999994 0.03588336000000001 -3.400000000000001e-07 -0.13009823000000004 -0.12974975000000002 -0.12995125
13.895301207361287 -0.09574192 0.034528449999999995 0.03452995000000001 -3.400000000000001e-07 -0.13027148000000005 -0.12988341000000003 -0.1301078
13.895302701389518 -0.09726812 0.033174739999999994 0.03317656000000001 -3.400000000000001e-07 -0.13044428000000005 -0.13001760000000004 -0.13026432
13.895302745331305 -0.09879454 0.03182105 0.03182319000000001 -3.400000000000001e-07 -0.13061733000000006 -0.13015165000000004 -0.13042092
13.936494404007645 -0.1008522 0.030314469999999996 0.030316590000000008 -3.400000000000001e-07 -0.13116839000000005 -0.13065749000000004 -0.13095289999999998
13.947039752824194 -0.10282614 0.028778929999999998 0.028781830000000008 -3.400000000000001e-07 -0.13160759000000005 -0.13105265000000005 -0.13137352
13.95033872608004 -0.10541156 0.02662013 0.02662377000000001 -3.400000000000001e-07 -0.13203497000000006 -0.13140469000000005 -0.1317691
13.96639031723012 -0.10496204 0.02803317 0.028036990000000008 -3.400000000000001e-07 -0.13299869000000006 -0.13235353000000005 -0.13272654
13.973774098217433 -0.10467989000000001 0.02885168 0.02885593000000001 -3.400000000000001e-07 -0.13353548000000007 -0.13288688000000004 -0.13326188
13.973774114765796 -0.10439789000000001 0.029670170000000003 0.02967485000000001 -3.400000000000001e-07 -0.13407241000000006 -0.13342064000000003 -0.13379747
13.973775652525275 -0.10411642 0.03048862 0.03049373000000001 -3.400000000000001e-07 -0.13460982000000005 -0.13395367000000002 -0.13433303
13.973775668235369 -0.10383441 0.03130709 0.03131263000000001 -3.400000000000001e-07 -0.13514671000000006 -0.13448695000000002 -0.13486839
13.981812193654894 -0.10595149 0.029664130000000004 0.029670030000000007 -3.400000000000001e-07 -0.13562117000000007 -0.13489763000000002 -0.13531595000000002
14.091118059605131 -0.10759376999999999 0.028675190000000003 0.028681610000000007 -3.400000000000001e-07 -0.13627503000000007 -0.13552063000000003 -0.13595679000000002
14.134034187848806 -0.10868523 0.028214950000000003 0.028221830000000007 -3.400000000000001e-07 -0.13690669000000008 -0.13612189000000002 -0.13657563000000003
14.221424004532233 -0.11028357 0.027264750000000004 0.027272550000000007 -3.400000000000001e-07 -0.13755573000000007 -0.13667991000000002 -0.13718627000000003
14.358581523304705 -0.11069049 0.027189190000000005 0.027197240000000008 -3.400000000000001e-07 -0.13788734000000008 -0.13700527 -0.13751524000000004
14.35858158144169 -0.11109507 0.027113650000000006 0.02712195000000001 -3.400000000000001e-07 -0.13821662000000007 -0.13733313000000003 -0.13784392000000004
14.358583934969959 -0.11149961 0.027038120000000006 0.02704668000000001 -3.400000000000001e-07 -0.13854588000000007 -0.13766100000000003 -0.13817260000000003
14.358583971060447 -0.11190656 0.026962580000000007 0.026971390000000012 -3.400000000000001e-07 -0.13887754000000008 -0.13798641000000003 -0.13850162000000005
14.408746943252993 -0.1139217 0.02535694000000001 0.025365810000000013 -3.400000000000001e-07 -0.13928712000000007 -0.13832483000000004 -0.13888118000000005
14.414839975025055 -0.11343174 0.02666022000000001 0.026669250000000012 -3.400000000000001e-07 -0.14010060000000008 -0.13913709000000005 -0.13969414000000005
14.460065059886931 -0.11425644 0.02647944000000001 0.02648885000000001 -3.400000000000001e-07 -0.14074490000000006 -0.13977039000000005 -0.14033380000000004
14.508945052929375 -0.11249456000000001 0.02927578000000001 0.02928541000000001 -3.400000000000001e-07 -0.14177960000000006 -0.14086815000000005 -0.14139510000000002
14.571058685783044 -0.11446138 0.02765590000000001 0.02766613000000001 -3.400000000000001e-07 -0.14212714000000007 -0.14116737000000004 -0.14172226000000002
14.600754609128417 -0.11628308 0.02619480000000001 0.02620477000000001 -3.400000000000001e-07 -0.14248748000000006 -0.14147147000000004 -0.14205888000000003
14.614832315906765 -0.11788586 0.02500962000000001 0.025019690000000008 -3.400000000000001e-07 -0.14290518000000005 -0.14185909000000005 -0.14246390000000003
14.614834715053357 -0.11949378 0.02382450000000001 0.02383471000000001 -3.400000000000001e-07 -0.14332812000000006 -0.14224007000000005 -0.14286914000000003
14.707869000789374 -0.11992594 0.023613300000000007 0.023623660000000008 -3.400000000000001e-07 -0.14354922000000006 -0.14244484000000004 -0.14308335000000003
14.707869020585198 -0.12035786 0.02340212000000001 0.02341262000000001 -3.400000000000001e-07 -0.14377010000000007 -0.14264930000000003 -0.14329730000000002
14.707872266198896 -0.12078999 0.02319094000000001 0.023201590000000008 -3.400000000000001e-07 -0.14399120000000007 -0.14285398000000005 -0.14351147000000003
14.707872277066322 -0.1212224 0.022979760000000012 0.022990540000000007 -3.400000000000001e-07 -0.14421256000000007 -0.14305894000000005 -0.14372591000000004
14.764799907068557 -0.12149744 0.023382080000000013 0.02339278000000001 -3.400000000000001e-07 -0.14488984000000008 -0.14372176000000006 -0.14439709000000003
14.79948159907602 -0.12089366 0.024799860000000014 0.02481064000000001 -3.400000000000001e-07 -0.14570392000000007 -0.14457032000000006 -0.14522571000000004
14.810869609804305 -0.12027256 0.026127480000000015 0.02613840000000001 -3.400000000000001e-07 -0.14641056000000008 -0.14531758000000006 -0.14594949000000004
14.836365077938146 -0.1221491 0.024468520000000014 0.02448000000000001 -3.400000000000001e-07 -0.14662872000000007 -0.14547118000000006 -0.14614041000000005
15.001851744848004 -0.12246069999999999 0.024700640000000013 0.02471230000000001 -3.400000000000001e-07 -0.1471726200000001 -0.14596424000000005 -0.14666287000000006
15.032015891296195 -0.12246554 0.025275020000000013 0.02528650000000001 -3.400000000000001e-07 -0.1477516400000001 -0.14654982000000005 -0.14724467000000005
15.056582997603156 -0.12291007999999999 0.025269080000000013 0.02528026000000001 -3.400000000000001e-07 -0.1481899400000001 -0.14699002000000005 -0.14768377000000005
15.056586226714083 -0.12336172 0.025263180000000014 0.025274060000000008 -3.400000000000001e-07 -0.1486353800000001 -0.14742410000000006 -0.14812441000000004
15.225568925229839 -0.12347646 0.025455630000000014 0.025466540000000006 -3.400000000000001e-07 -0.1489426000000001 -0.14771661000000005 -0.14842542000000003
15.225568944359074 -0.1235868 0.025648070000000012 0.025659020000000005 -3.400000000000001e-07 -0.1492454200000001 -0.14801457000000007 -0.14872619000000004
15.225571125474277 -0.12369696 0.025840480000000013 0.025851470000000005 -3.400000000000001e-07 -0.1495480200000001 -0.14831265000000007 -0.14902688000000003
15.225571136058868 -0.12381157999999999 0.02603290000000001 0.026043930000000003 -3.400000000000001e-07 -0.14985510000000007 -0.14860525000000008 -0.14932785000000004
15.330218936991185 -0.12440357999999999 0.02557299000000001 0.025584050000000004 -3.400000000000001e-07 -0.1499872200000001 -0.14871833000000007 -0.14945194000000003
15.330218987860805 -0.12499634999999999 0.02511307000000001 0.025124160000000003 -3.400000000000001e-07 -0.1501201000000001 -0.14883120000000005 -0.14957638000000004
15.330219343675227 -0.12558830999999998 0.024653150000000013 0.024664270000000002 -3.400000000000001e-07 -0.1502521700000001 -0.14894439000000007 -0.14970048000000002
15.330219381175105 -0.1261793 0.024193250000000013 0.024204390000000003 -3.400000000000001e-07 -0.1503832800000001 -0.14905782000000006 -0.14982413000000003
15.419560287236694 -0.12627903999999998 0.024735550000000012 0.02474677 -3.400000000000001e-07 -0.1510254000000001 -0.14968748000000007 -0.15046099000000002
15.468774368084398 -0.12706301999999997 0.02423109000000001 0.024242350000000003 -3.400000000000001e-07 -0.15130494000000008 -0.14995142000000006 -0.15073395
15.539943753169773 -0.12719120999999997 0.02433449000000001 0.02434566 -3.400000000000001e-07 -0.15153644000000008 -0.15017341000000006 -0.15096144
15.539943806822265 -0.12732058999999998 0.02443789000000001 0.02444897 -3.400000000000001e-07 -0.15176913000000009 -0.15039528000000008 -0.15118956
15.539945950822178 -0.12744955 0.02454129000000001 0.02455228 -3.400000000000001e-07 -0.1520014000000001 -0.15061786000000008 -0.15141774
15.539945984331949 -0.12757722 0.02464469000000001 0.024655589999999998 -3.400000000000001e-07 -0.1522323700000001 -0.15084051000000007 -0.1516452
15.569951604743169 -0.12903272 0.02333957000000001 0.02335045 -3.400000000000001e-07 -0.15238273000000008 -0.15094411000000008 -0.15177584
15.569951645390432 -0.130488 0.02203443000000001 0.02204527 -3.400000000000001e-07 -0.15253285000000008 -0.1510479700000001 -0.15190644
15.592752709922282 -0.13067032 0.02239303000000001 0.02240397 -3.400000000000001e-07 -0.15307387000000008 -0.15154941000000008 -0.15243076
15.613282823897391 -0.13098588 0.02248945000000001 0.022500009999999997 -3.400000000000001e-07 -0.15348545000000008 -0.15192169000000008 -0.15282576
15.628134422686914 -0.1317079 0.02200165000000001 0.022012349999999997 -3.400000000000001e-07 -0.15371981000000007 -0.15215729000000008 -0.15306064
15.669331298505606 -0.13138844 0.02300503000000001 0.023015349999999997 -3.400000000000001e-07 -0.15440335000000008 -0.15286037000000008 -0.15375242
15.712660654206568 -0.13275438 0.02181573000000001 0.021826169999999995 -3.400000000000001e-07 -0.15458011000000008 -0.15297961000000007 -0.15390492
15.769854211071495 -0.13291985 0.021836060000000008 0.021846449999999996 -3.400000000000001e-07 -0.15476587000000008 -0.15314792000000008 -0.15408332
15.769854229385077 -0.13308498000000002 0.021856390000000007 0.021866739999999996 -3.400000000000001e-07 -0.15495128000000008 -0.15331603000000008 -0.15426144
15.769857224623605 -0.13324991000000003 0.021876710000000008 0.021887019999999997 -3.400000000000001e-07 -0.15513648000000008 -0.15348442000000007 -0.15443955
15.769857234949344 -0.13341518000000002 0.021897020000000007 0.021907299999999998 -3.400000000000001e-07 -0.15532203000000008 -0.15365289000000007 -0.15461789
15.955869446300113 -0.1345078 0.021001340000000007 0.02101156 -3.400000000000001e-07 -0.1555189100000001 -0.15381479000000006 -0.15480001000000002
16.099963822708663 -0.13573608 0.01988942000000001 0.01989982 -3.400000000000001e-07 -0.1556354500000001 -0.15390787000000006 -0.15490665
16.115286806651564 -0.13651134 0.01935714000000001 0.0193674 -3.400000000000001e-07 -0.15587829000000009 -0.15410539000000006 -0.15513037000000002
16.148111292290668 -0.13676466 0.01924573000000001 0.01925598 -3.400000000000001e-07 -0.1560201800000001 -0.15424637000000008 -0.15527188000000003
16.148111342680064 -0.13701853 0.01913430000000001 0.01914455 -3.400000000000001e-07 -0.15616262000000009 -0.1543873500000001 -0.15541370000000002
16.148112532585934 -0.13727136 0.01902288000000001 0.01903311 -3.400000000000001e-07 -0.15630401000000008 -0.15452905000000008 -0.15555522000000002
16.148112566121075 -0.13752340000000002 0.01891146000000001 0.018921689999999998 -3.400000000000001e-07 -0.15644463000000008 -0.1546708400000001 -0.15569633000000002
16.19657131788308 -0.13743348000000002 0.01949036000000001 0.019500809999999997 -3.400000000000001e-07 -0.15693383000000008 -0.1551664400000001 -0.15618823
16.20698451677515 -0.13769116000000003 0.019630640000000008 0.019641029999999997 -3.400000000000001e-07 -0.1573317300000001 -0.1555343000000001 -0.15657345
16.22426875876685 -0.13813652000000004 0.019530260000000008 0.019540889999999998 -3.400000000000001e-07 -0.1576769500000001 -0.15587534000000008 -0.15691689
16.22545885801144 -0.13816462000000004 0.01987364000000001 0.01988417 -3.400000000000001e-07 -0.1580483300000001 -0.1562123400000001 -0.15727377
16.237643675274423 -0.13871253000000006 0.019403250000000007 0.01941387 -3.400000000000001e-07 -0.1581259300000001 -0.1562744400000001 -0.15734483000000002
16.237643722772045 -0.13926078000000006 0.018932860000000006 0.018943559999999998 -3.400000000000001e-07 -0.1582038700000001 -0.1563365700000001 -0.15741610000000003
16.23764585352318 -0.13980903000000006 0.018462480000000007 0.01847326 -3.400000000000001e-07 -0.1582818200000001 -0.1563991000000001 -0.15748755000000003
16.237645889250558 -0.14035705000000007 0.017992110000000006 0.018002969999999997 -3.400000000000001e-07 -0.1583595500000001 -0.15646161000000008 -0.15755886000000002
16.253063649174994 -0.14030119000000008 0.018442790000000004 0.018453709999999998 -3.400000000000001e-07 -0.1587544500000001 -0.1568324100000001 -0.15794358000000003
16.269741392590333 -0.1401374900000001 0.018946010000000003 0.01895725 -3.400000000000001e-07 -0.1590942900000001 -0.1571822300000001 -0.15828762000000002
16.347790283422473 -0.1409193300000001 0.018377530000000003 0.01838863 -3.400000000000001e-07 -0.1593075100000001 -0.1573471700000001 -0.15848046000000002
16.39567958814046 -0.1406614800000001 0.018868450000000002 0.01887942 -3.400000000000001e-07 -0.15954045000000008 -0.1575697900000001 -0.15870905000000002
16.395679603273454 -0.1404034500000001 0.019359360000000003 0.019370210000000002 -3.400000000000001e-07 -0.15977321000000008 -0.1577923900000001 -0.15893752000000003
16.395681761713423 -0.1401473400000001 0.019850250000000003 0.019860980000000004 -3.400000000000001e-07 -0.16000787000000008 -0.1580139700000001 -0.15916666000000002
16.395681774054886 -0.1398914200000001 0.020341150000000002 0.020351760000000003 -3.400000000000001e-07 -0.16024273000000008 -0.15823556000000008 -0.15939592000000002
16.45010944753709 -0.1396257200000001 0.02101967 0.021030100000000003 -3.400000000000001e-07 -0.16065537000000008 -0.15862980000000007 -0.15980080000000002
16.489701089274174 -0.1389085000000001 0.02217599 0.02218644 -3.400000000000001e-07 -0.16109449000000006 -0.15909076000000008 -0.16024914
16.526428084654743 -0.1391954600000001 0.02224589 0.02225614 -3.400000000000001e-07 -0.16145113000000005 -0.1594291800000001 -0.16059810000000002
16.555903966950844 -0.1393572100000001 0.02225084 0.02226108 -3.400000000000001e-07 -0.16161782000000005 -0.1595879900000001 -0.16076146000000002
16.555903983217547 -0.1395182900000001 0.02225579 0.02226601 -3.400000000000001e-07 -0.16178383000000005 -0.1597471500000001 -0.16092458
16.555904316458015 -0.1396774200000001 0.02226074 0.022270949999999998 -3.400000000000001e-07 -0.16194790000000003 -0.1599075000000001 -0.16108708000000002
16.555904327484644 -0.13983723000000012 0.0222657 0.022275889999999996 -3.400000000000001e-07 -0.16211265000000002 -0.1600672800000001 -0.16124973
16.57343671801886 -0.1405976300000001 0.0217038 0.021713929999999996 -3.400000000000001e-07 -0.16231109000000002 -0.1602209400000001 -0.16142929
16.63752219189112 -0.14083159000000012 0.02174642 0.021756469999999997 -3.400000000000001e-07 -0.16258759000000003 -0.1604734200000001 -0.16169565
16.692377424344517 -0.14174705000000012 0.02093544 0.020945329999999998 -3.400000000000001e-07 -0.16269189000000003 -0.16054894000000008 -0.16178781
16.72412479845399 -0.14165442000000011 0.02119208 0.021201949999999997 -3.400000000000001e-07 -0.16285588000000004 -0.1607196600000001 -0.16195464
16.724124814648594 -0.1415625300000001 0.021448719999999998 0.021458569999999996 -3.400000000000001e-07 -0.16302061000000004 -0.1608903900000001 -0.1621219
16.724127733673054 -0.1414710100000001 0.021705359999999996 0.021715189999999995 -3.400000000000001e-07 -0.16318571000000004 -0.1610608900000001 -0.16228928
16.724127744402512 -0.1413787600000001 0.021961999999999995 0.021971809999999994 -3.400000000000001e-07 -0.16335008000000004 -0.16123139000000009 -0.16245624
16.819852895206044 -0.1418486400000001 0.021541629999999996 0.021551539999999994 -3.400000000000001e-07 -0.16339969000000004 -0.1612616000000001 -0.16249767
16.819852936202597 -0.14231857000000012 0.021121249999999994 0.021131259999999995 -3.400000000000001e-07 -0.16344934000000005 -0.16129157000000008 -0.16253902
16.819854186560722 -0.1427880000000001 0.020700859999999995 0.020710979999999997 -3.400000000000001e-07 -0.16349849000000005 -0.16132253000000008 -0.16258050000000002
16.819854225967656 -0.1432586800000001 0.020280489999999995 0.020290709999999997 -3.400000000000001e-07 -0.16354890000000005 -0.16135301000000007 -0.1626225
16.865244728118874 -0.1432877400000001 0.020569589999999995 0.020579789999999997 -3.400000000000001e-07 -0.16386704000000005 -0.16166235000000007 -0.16293692
16.86524473999244 -0.1433171600000001 0.020858689999999996 0.020868869999999998 -3.400000000000001e-07 -0.16418554000000005 -0.16197149000000008 -0.16325148
16.874626764865713 -0.1429835800000001 0.021597449999999997 0.021607269999999998 -3.400000000000001e-07 -0.16459036000000005 -0.16240697000000007 -0.16366924
16.886708034604982 -0.1424113000000001 0.022591629999999998 0.022601109999999997 -3.400000000000001e-07 -0.16501192000000003 -0.16283343000000006 -0.16409286
16.886708104536137 -0.1418403400000001 0.02358579 0.023594949999999996 -3.400000000000001e-07 -0.16543478000000003 -0.16325951000000005 -0.16451708
16.928006948810463 -0.1415088000000001 0.02436425 0.024373409999999998 -3.400000000000001e-07 -0.16588170000000002 -0.16372301000000006 -0.164971
16.93026570708809 -0.1411133600000001 0.02513849 0.02514737 -3.400000000000001e-07 -0.16626022000000001 -0.16411307000000006 -0.16535438
16.930265774953295 -0.1407165600000001 0.02591273 0.02592133 -3.400000000000001e-07 -0.16663738 -0.16450495000000007 -0.16573774
16.930395445637572 -0.1398235600000001 0.02727893 0.02728719 -3.400000000000001e-07 -0.16711024 -0.16496943000000006 -0.16620706
16.959525324251047 -0.1405769800000001 0.026681569999999998 0.02668957 -3.400000000000001e-07 -0.16726604 -0.16507043000000005 -0.16633973999999999
17.23159550899095 -0.1407148100000001 0.026683079999999998 0.02669102 -3.400000000000001e-07 -0.16740532 -0.16520004000000005 -0.16647494
17.231595525132125 -0.1408521400000001 0.026684589999999998 0.026692459999999998 -3.400000000000001e-07 -0.16754409 -0.16532978000000004 -0.16660989999999998
17.231596641369453 -0.1409886300000001 0.02668609 0.026693889999999998 -3.400000000000001e-07 -0.16768201000000002 -0.16545919000000003 -0.16674422999999997
17.231596651462336 -0.1411257700000001 0.0266876 0.026695329999999996 -3.400000000000001e-07 -0.16782059000000002 -0.16558841000000005 -0.16687885999999996
17.257440564519097 -0.1415700700000001 0.026428399999999998 0.026435789999999997 -3.400000000000001e-07 -0.16800535000000003 -0.16573339000000004 -0.16704683999999997
17.288923436234775 -0.1412188500000001 0.02712452 0.027131549999999997 -3.400000000000001e-07 -0.16834989000000003 -0.16604059000000004 -0.16737561999999997
17.331446415940594 -0.14194451000000008 0.02652996 0.026536749999999998 -3.400000000000001e-07 -0.16848073000000002 -0.16611675000000004 -0.16748339999999998
17.435403948809842 -0.1421349600000001 0.02641913 0.026425869999999997 -3.400000000000001e-07 -0.16856030000000002 -0.16619914000000002 -0.16756416
17.435403996127395 -0.14232464000000009 0.02630832 0.026314999999999998 -3.400000000000001e-07 -0.16863911000000004 -0.16628140000000002 -0.16764442
17.43540671803995 -0.14251444000000008 0.02619751 0.026204139999999997 -3.400000000000001e-07 -0.16871805000000004 -0.16636352000000001 -0.16772469999999998
17.43540674830702 -0.14270505000000008 0.02608669 0.02609327 -3.400000000000001e-07 -0.16879779000000003 -0.16644577000000002 -0.16780549999999997
17.631886911598325 -0.1426534100000001 0.026381389999999998 0.026387889999999997 -3.400000000000001e-07 -0.16904075000000002 -0.16663801000000003 -0.16802705999999998
17.64206158009006 -0.1433173500000001 0.02580579 0.025812389999999998 -3.400000000000001e-07 -0.16912919 -0.16670803000000003 -0.16810772
17.728157860131727 -0.1435746900000001 0.02560896 0.02561556 -3.400000000000001e-07 -0.16918970000000003 -0.16675913000000003 -0.16816425999999998
17.72815790574649 -0.1438286200000001 0.02541214 0.02541874 -3.400000000000001e-07 -0.16924680000000003 -0.16681383000000002 -0.16822035
17.728160609541657 -0.1440825800000001 0.02521533 0.02522193 -3.400000000000001e-07 -0.16930395000000004 -0.16686847000000002 -0.16827644
17.728160640177656 -0.1443400300000001 0.02501851 0.02502511 -3.400000000000001e-07 -0.16936458000000004 -0.16691950000000003 -0.16833302
17.798415795880207 -0.14420263000000008 0.025303410000000002 0.02530999 -3.400000000000001e-07 -0.16951206000000005 -0.16705545000000002 -0.16847564
17.798415865688316 -0.1440680500000001 0.025588310000000003 0.02559488 -3.400000000000001e-07 -0.16966236000000004 -0.16718746 -0.16861823
17.798416963063172 -0.1439329400000001 0.025873220000000002 0.02587977 -3.400000000000001e-07 -0.16981214000000003 -0.16732015 -0.16876080000000002
17.798417019918144 -0.1437957600000001 0.02615813 0.02616466 -3.400000000000001e-07 -0.16995985000000002 -0.16745584 -0.16890344000000002
17.807696100392644 -0.1442062200000001 0.02594027 0.0259467 -3.400000000000001e-07 -0.17015233000000002 -0.16757352 -0.16906436000000002
17.81110250844444 -0.14400978000000011 0.02642287 0.02642906 -3.400000000000001e-07 -0.17043825 -0.167848 -0.16934544
17.84036279195925 -0.14460770000000012 0.025934250000000002 0.0259402 -3.400000000000001e-07 -0.17054731 -0.16791448 -0.16943654000000002
17.87976960789148 -0.14467934000000013 0.02595497 0.0259609 -3.400000000000001e-07 -0.17063965 -0.16800529 -0.16952823000000003
17.879769653872753 -0.14475356000000014 0.02597568 0.02598159 -3.400000000000001e-07 -0.17073456 -0.16809611 -0.16962141000000003
17.879771493198973 -0.14482760000000014 0.02599639 0.02600228 -3.400000000000001e-07 -0.17082928 -0.16818703 -0.16971453000000003
17.87977152299502 -0.14489911000000014 0.0260171 0.026022979999999998 -3.400000000000001e-07 -0.17092149 -0.16827794 -0.16980619000000002
17.9067560109396 -0.14551501000000014 0.02549612 0.025501879999999998 -3.400000000000001e-07 -0.17101631 -0.16833315999999998 -0.16988431
17.90752430110886 -0.14530037000000015 0.02595142 0.025957179999999996 -3.400000000000001e-07 -0.17125697 -0.16855109999999998 -0.17011539
17.921843681770326 -0.14531362000000014 0.02604847 0.026054189999999998 -3.400000000000001e-07 -0.17136723 -0.16865502999999998 -0.17022298
17.92184374946378 -0.14532661000000013 0.026145520000000002 0.0261512 -3.400000000000001e-07 -0.17147723 -0.16875895999999999 -0.17033041999999998
17.921844859568285 -0.14535239000000014 0.02633964 0.02634524 -3.400000000000001e-07 -0.17169705000000002 -0.16896708 -0.17054529999999998
17.938737430356248 -0.14578131000000014 0.026052620000000002 0.02605812 -3.400000000000001e-07 -0.17183887 -0.16907564 -0.17067307999999998
17.97478024579154 -0.14547229000000014 0.02659948 0.026604700000000002 -3.400000000000001e-07 -0.17207643 -0.16932154 -0.17091415999999998
17.998901006050314 -0.14549449000000014 0.02668273 0.026687870000000002 -3.400000000000001e-07 -0.1721818 -0.16941738 -0.17101550999999998
17.99890102180382 -0.14551570000000014 0.02676598 0.02677103 -3.400000000000001e-07 -0.17228617 -0.16951341 -0.17111636
17.99890362628945 -0.14553665000000013 0.02684922 0.026854180000000002 -3.400000000000001e-07 -0.17239026999999998 -0.16960959 -0.17121712
17.998903635637554 -0.14555865000000012 0.02693246 0.026937330000000002 -3.400000000000001e-07 -0.17249541999999998 -0.16970557 -0.1713184
18.067309350675327 -0.14547671000000012 0.027224219999999997 0.02722913 -3.400000000000001e-07 -0.17270528 -0.16990285 -0.17152294
18.067309417429374 -0.1453948300000001 0.027515979999999995 0.02752091 -3.400000000000001e-07 -0.17291518 -0.17010015 -0.17172752000000002
18.068303457005015 -0.14527613000000011 0.027857899999999994 0.027862869999999998 -3.400000000000001e-07 -0.17313846 -0.17028451 -0.17193438000000003
18.08257186051416 -0.14560879000000013 0.027621799999999995 0.027626509999999996 -3.400000000000001e-07 -0.17323476 -0.17037003 -0.17202614000000002
18.10682468979288 -0.14549572000000013 0.027853829999999996 0.027858499999999998 -3.400000000000001e-07 -0.17335367999999998 -0.17049421 -0.17214728
18.106824701906323 -0.14538280000000015 0.028085849999999996 0.028090479999999998 -3.400000000000001e-07 -0.17347274 -0.17061839 -0.17226850000000002
18.106825905772144 -0.14527006000000015 0.028317859999999997 0.02832245 -3.400000000000001e-07 -0.17359196999999998 -0.17074242 -0.17238976000000003
18.106825918564716 -0.14515718000000014 0.028549869999999998 0.02855442 -3.400000000000001e-07 -0.17371105999999997 -0.17086646 -0.17251094000000003
18.143504622870825 -0.14500664000000013 0.02893701 0.028941480000000002 -3.400000000000001e-07 -0.17394759999999998 -0.17107716 -0.17273658000000003
18.18887037728976 -0.14517844000000013 0.02891725 0.02892172 -3.400000000000001e-07 -0.17409963999999997 -0.1712091 -0.17288014000000002
18.1888704385797 -0.14535048000000014 0.028897469999999998 0.02890196 -3.400000000000001e-07 -0.17425189999999996 -0.17134094 -0.17302378000000002
18.342637662826256 -0.14542546000000015 0.02889876 0.02890322 -3.400000000000001e-07 -0.17432814999999996 -0.17141098999999999 -0.17309741
18.342637707864537 -0.14549812000000015 0.02890005 0.02890449 -3.400000000000001e-07 -0.17440207999999996 -0.17148105 -0.1731697
18.342640269440327 -0.14557094000000015 0.02890134 0.028905760000000003 -3.400000000000001e-07 -0.17447616999999996 -0.17155102 -0.17324205
18.342640298206202 -0.14564602000000015 0.02890262 0.028907020000000002 -3.400000000000001e-07 -0.17455250999999997 -0.17162097 -0.17331570000000002
18.416614944968845 -0.14625572000000014 0.0283311 0.02833538 -3.400000000000001e-07 -0.17459056999999997 -0.17163363 -0.17334304
18.42241701629805 -0.14635010000000015 0.02839506 0.02839904 -3.400000000000001e-07 -0.17474860999999997 -0.17176089 -0.1734881
18.448130036498895 -0.14612360000000016 0.02886886 0.0288728 -3.400000000000001e-07 -0.17499584999999998 -0.17198125 -0.17372400000000002
18.49526349966686 -0.14533394000000016 0.03000436 0.03000812 -3.400000000000001e-07 -0.17534150999999998 -0.17229255 -0.17405518
18.54260717401357 -0.14550284000000016 0.02998464 0.02998822 -3.400000000000001e-07 -0.17549051 -0.17239077 -0.17418276
18.55807330425707 -0.14608546000000017 0.02946702 0.029470239999999998 -3.400000000000001e-07 -0.17555515 -0.17239219 -0.17422073999999999
18.56076474560414 -0.14633846000000017 0.02935592 0.02935896 -3.400000000000001e-07 -0.17569687 -0.17248125 -0.17434023999999998
