shell0_X0_Y0_Z0_mono0_fix1/shell1_X-1_Y0_Z-1_mono0_fix1/shell1_X-1_Y0_Z1_mono0_fix1//test20tig_AVDZ// DONE 6.064820747978854 6.602802553139408 8.293258355384795 20.960881656503055 6	0.00022466 0.00031515 0.00025416 0.00001770 -0.00004720 0.00000747 -0.00002414
shell0_X0_Y0_Z0_mono0_fix1/shell2_X-1_Y0_Z-2_mono1_fix1/shell2_X-1_Y1_Z-2_mono1_fix1//test20tig_AVDZ// DONE 7.324543907536211 7.3245438676480985 6.810810873136547 21.459898648320856 2	0.00074939 0.00072578 0.00067479 0.00001652 0.00005808 0.00007790 0.00006644
shell0_X0_Y0_Z0_mono0_fix1/shell1_X0_Y1_Z0_mono0_fix1/shell2_X-1_Y1_Z-2_mono1_fix1//test20tig_AVDZ// DONE 6.810811507043177 7.3245438676480985 7.324543907536211 21.459899282227486 4	0.00074149 0.00072578 0.00066627 0.00002387 0.00005135 0.00007916 0.00006308
shell0_X0_Y0_Z0_mono0_fix1/shell1_X-1_Y-1_Z-1_mono0_fix1/shell1_X-1_Y0_Z-1_mono0_fix1//test20tig_AVDZ// DONE 8.971985427673124 6.064820747978854 6.810811507043177 21.847617682695155 6	-0.00023719 -0.00025259 -0.00051636 0.00001260 0.00026656 0.00032174 0.00028984
shell0_X0_Y0_Z0_mono0_fix1/shell2_X-1_Y1_Z-2_mono1_fix1/shell2_X-2_Y1_Z-1_mono1_fix1//test20tig_AVDZ// DONE 7.3245438676480985 7.9370587750867125 6.602801743528848 21.864404386263658 2	0.00028812 0.00028824 0.00006607 0.00008627 0.00013578 0.00021158 0.00016776
shell0_X0_Y0_Z0_mono0_fix1/shell2_X-1_Y0_Z-2_mono1_fix1/shell2_X-2_Y0_Z-1_mono1_fix1//test20tig_AVDZ// DONE 7.324543907536211 7.937058818163156 6.602801743528848 21.864404469228216 2	0.00085873 0.00076375 0.00079376 0.00002388 0.00004109 0.00007822 0.00005675
shell0_X0_Y0_Z0_mono0_fix1/shell1_X1_Y0_Z-1_mono0_fix1/shell2_X-1_Y1_Z-2_mono1_fix1//test20tig_AVDZ// DONE 6.602802553139408 7.3245438676480985 7.9370587750867125 21.86440519587422 4	0.00083691 0.00076375 0.00077010 0.00004797 0.00001884 0.00007803 0.00004381
shell0_X0_Y0_Z0_mono0_fix1/shell1_X1_Y0_Z-1_mono0_fix1/shell2_X-1_Y0_Z-2_mono1_fix1//test20tig_AVDZ// DONE 6.602802553139408 7.324543907536211 7.937058818163156 21.864405278838774 4	0.00029468 0.00028824 0.00006659 0.00008123 0.00014686 0.00021425 0.00017529
shell0_X0_Y0_Z0_mono0_fix1/shell1_X-1_Y0_Z-1_mono0_fix1/shell1_X-1_Y1_Z-1_mono0_fix1//test20tig_AVDZ// DONE 6.064820747978854 9.035177165497888 6.810811507043177 21.910809420519918 6	0.00010177 0.00024699 0.00021109 0.00001635 -0.00012567 -0.00009971 -0.00011472
shell0_X0_Y0_Z0_mono0_fix1/shell1_X1_Y1_Z-1_mono1_fix1/shell2_X0_Y1_Z-2_mono1_fix1//test20tig_AVDZ// DONE 8.232858600601466 7.646690156232921 6.064820740141162 21.944369496975547 2	-0.00002847 -0.00004731 -0.00034387 0.00001108 0.00030432 0.00033086 0.00031552
shell0_X0_Y0_Z0_mono0_fix1/shell1_X-1_Y0_Z-1_mono0_fix1/shell2_X0_Y1_Z-2_mono1_fix1//test20tig_AVDZ// DONE 6.064820747978854 7.646690156232921 8.232858600601466 21.94436950481324 4	0.00107957 0.00117391 0.00096163 0.00011002 0.00000792 -0.00001612 -0.00000222
shell0_X0_Y0_Z0_mono0_fix1/shell1_X1_Y0_Z-1_mono1_fix1/shell2_X0_Y0_Z-2_mono1_fix1//test20tig_AVDZ// DONE 8.232858625612332 7.646690203091247 6.064820740141162 21.944369568844742 2	0.00108877 0.00117389 0.00095677 0.00011025 0.00002176 -0.00002741 0.00000101
shell0_X0_Y0_Z0_mono0_fix1/shell1_X-1_Y0_Z-1_mono0_fix1/shell2_X0_Y0_Z-2_mono1_fix1//test20tig_AVDZ// DONE 6.064820747978854 7.646690203091247 8.232858625612332 21.944369576682433 4	-0.00004514 -0.00004734 -0.00036383 0.00003055 0.00028813 0.00033200 0.00030664
shell0_X0_Y0_Z0_mono0_fix1/shell1_X-1_Y0_Z-1_mono0_fix1/shell1_X1_Y0_Z-1_mono0_fix1//test20tig_AVDZ// DONE 6.064820747978854 6.602802553139408 9.361506889970098 22.02913019108836 6	-0.00025700 -0.00010360 -0.00045847 0.00008189 0.00011959 0.00021385 0.00015935
shell0_X0_Y0_Z0_mono0_fix1/shell2_X0_Y0_Z-2_mono1_fix1/shell2_X0_Y1_Z-2_mono1_fix1//test20tig_AVDZ// DONE 7.646690203091247 7.646690156232921 6.810810873136547 22.104191232460714 2	-0.00009988 -0.00014377 -0.00042655 0.00006314 0.00026354 0.00032467 0.00028933
shell0_X0_Y0_Z0_mono0_fix1/shell1_X0_Y1_Z0_mono0_fix1/shell2_X0_Y1_Z-2_mono1_fix1//test20tig_AVDZ// DONE 6.810811507043177 7.646690156232921 7.646690203091247 22.104191866367344 4	-0.00010401 -0.00014378 -0.00042943 0.00006666 0.00025875 0.00032432 0.00028642
shell0_X0_Y0_Z0_mono0_fix1/shell1_X-1_Y0_Z-1_mono0_fix1/shell1_X0_Y1_Z-1_mono0_fix1//test20tig_AVDZ// DONE 6.064820747978854 7.918115177639053 8.165893982210706 22.148829907828613 6	-0.00018689 -0.00030936 -0.00050573 0.00002667 0.00029217 0.00032840 0.00030745
shell0_X0_Y0_Z0_mono0_fix1/shell1_X-1_Y0_Z-1_mono0_fix1/shell1_X0_Y-1_Z-1_mono0_fix1//test20tig_AVDZ// DONE 6.064820747978854 7.94785401225415 8.27527950048686 22.287954260719864 6	0.00096251 0.00102918 0.00087138 0.00006378 0.00002735 -0.00002101 0.00000695
shell0_X0_Y0_Z0_mono0_fix1/shell2_X-2_Y0_Z-1_mono1_fix1/shell2_X-2_Y1_Z-1_mono1_fix1//test20tig_AVDZ// DONE 7.937058818163156 7.9370587750867125 6.810810873136547 22.684928466386417 2	0.00031240 0.00019208 0.00002328 0.00004765 0.00024147 0.00014201 0.00019951
shell0_X0_Y0_Z0_mono0_fix1/shell1_X0_Y-1_Z0_mono0_fix1/shell2_X-2_Y0_Z-1_mono1_fix1//test20tig_AVDZ// DONE 6.81081150704318 7.937058818163156 7.9370587750867125 22.684929100293047 4	0.00023901 0.00019208 0.00001537 0.00005496 0.00016869 0.00023485 0.00019660
shell0_X0_Y0_Z0_mono0_fix1/shell1_X1_Y0_Z-1_mono0_fix1/shell1_X1_Y1_Z-1_mono0_fix1//test20tig_AVDZ// DONE 6.602802553139408 9.295490539077504 6.810811507043177 22.709104599260087 6	0.00091484 0.00075368 0.00118008 -0.00004177 -0.00022347 -0.00017566 -0.00020330
shell0_X0_Y0_Z0_mono0_fix1/shell1_X0_Y-1_Z-1_mono0_fix1/shell1_X1_Y0_Z-1_mono0_fix1//test20tig_AVDZ// DONE 7.94785401225415 6.602802553139408 8.165893982210706 22.716550547604264 6	0.00092184 0.00084981 0.00106257 -0.00001285 -0.00012789 -0.00012126 -0.00012509
shell0_X0_Y0_Z0_mono0_fix1/shell1_X0_Y1_Z-1_mono0_fix1/shell1_X1_Y0_Z-1_mono0_fix1//test20tig_AVDZ// DONE 7.918115177639053 6.602802553139408 8.27527950048686 22.79619723126532 6	0.00054722 0.00054212 0.00053238 0.00000755 0.00000728 0.00005088 0.00002568
shell0_X0_Y0_Z0_mono0_fix1/shell1_X1_Y-1_Z-1_mono0_fix1/shell1_X1_Y0_Z-1_mono0_fix1//test20tig_AVDZ// DONE 9.3873734873741 6.602802553139408 6.810811507043177 22.800987547556684 6	-0.00049019 -0.00036126 -0.00088148 0.00011644 0.00027485 0.00038803 0.00032260
shell0_X0_Y0_Z0_mono0_fix1/shell2_X-1_Y1_Z-2_mono1_fix1/shell2_X0_Y0_Z-2_mono1_fix1//test20tig_AVDZ// DONE 7.3245438676480985 7.646690203091247 8.16589350495135 23.137127575690698 2	-0.00004058 -0.00021768 -0.00037395 0.00003199 0.00030138 0.00032117 0.00030973
shell0_X0_Y0_Z0_mono0_fix1/shell1_X-1_Y-1_Z0_mono0_fix1/shell2_X-1_Y0_Z-2_mono1_fix1//test20tig_AVDZ// DONE 8.165893982210706 7.324543907536211 7.646690156232921 23.13712804597984 4	-0.00004064 -0.00021768 -0.00037407 0.00003207 0.00030135 0.00032113 0.00030970
shell0_X0_Y0_Z0_mono0_fix1/shell2_X-1_Y0_Z-2_mono1_fix1/shell2_X0_Y1_Z-2_mono1_fix1//test20tig_AVDZ// DONE 7.324543907536211 7.646690156232921 8.275279052957368 23.246513116726497 2	0.00022302 0.00017344 0.00013933 -0.00003499 0.00011867 0.00010893 0.00011456
shell0_X0_Y0_Z0_mono0_fix1/shell1_X-1_Y1_Z0_mono0_fix1/shell2_X-1_Y1_Z-2_mono1_fix1//test20tig_AVDZ// DONE 8.27527950048686 7.3245438676480985 7.646690203091247 23.246513571226206 4	0.00022736 0.00017343 0.00014352 -0.00003599 0.00011983 0.00010792 0.00011480
shell0_X0_Y0_Z0_mono0_fix1/shell1_X1_Y0_Z-1_mono1_fix1/shell1_X1_Y1_Z-1_mono1_fix1//test20tig_AVDZ// DONE 8.232858625612332 8.232858600601466 6.810810873136547 23.276528099350344 2	-0.00021958 -0.00025886 -0.00056980 0.00008084 0.00026938 0.00032446 0.00029262
shell0_X0_Y0_Z0_mono0_fix1/shell1_X1_Y1_Z-1_mono1_fix1/shell1_X0_Y1_Z0_mono0_fix1//test20tig_AVDZ// DONE 8.232858600601466 6.810811507043177 8.232858625612332 23.276528733256974 4	-0.00022164 -0.00025886 -0.00055857 0.00007440 0.00026253 0.00033361 0.00029252
shell0_X0_Y0_Z0_mono0_fix1/shell1_X-1_Y0_Z-1_mono0_fix1/shell1_X1_Y0_Z1_mono0_fix1//test20tig_AVDZ// DONE 6.064820747978854 6.064820747978854 11.9138079772099 24.04344947316761 3	0.00022992 0.00140796 0.00099396 0.00020763 -0.00097166 -0.00098232 -0.00097616
shell0_X0_Y0_Z0_mono0_fix1/shell1_X1_Y0_Z-1_mono1_fix1/shell1_X1_Y1_Z0_mono1_fix1//test20tig_AVDZ// DONE 8.232858625612332 7.937059651198265 7.9181146796042725 24.08803295641487 2	-0.00001916 -0.00009868 -0.00020128 0.00000982 0.00017230 0.00021012 0.00018826
shell0_X0_Y0_Z0_mono0_fix1/shell1_X0_Y1_Z-1_mono0_fix1/shell1_X1_Y1_Z-1_mono1_fix1//test20tig_AVDZ// DONE 7.918115177639053 8.232858600601466 7.937059665509641 24.08803344375016 4	-0.00002037 -0.00009868 -0.00020480 0.00001345 0.00017098 0.00020826 0.00018671
shell0_X0_Y0_Z0_mono0_fix1/shell1_X1_Y1_Z-1_mono1_fix1/shell1_X1_Y0_Z0_mono1_fix1//test20tig_AVDZ// DONE 8.232858600601466 7.937059665509641 7.947853458977189 24.117771725088296 2	0.00007770 0.00001219 -0.00006984 0.00003755 0.00010999 0.00011901 0.00011379
shell0_X0_Y0_Z0_mono0_fix1/shell1_X0_Y-1_Z-1_mono0_fix1/shell1_X1_Y0_Z-1_mono1_fix1//test20tig_AVDZ// DONE 7.94785401225415 8.232858625612332 7.937059651198265 24.117772289064746 4	0.00008181 0.00001219 -0.00006891 0.00003669 0.00011403 0.00011802 0.00011571
shell0_X0_Y0_Z0_mono0_fix1/shell1_X0_Y-1_Z-1_mono0_fix1/shell2_X0_Y0_Z-2_mono0_fix1//test20tig_AVDZ// DONE 7.94785401225415 8.293258355384793 7.918115177639053 24.159227545277997 6	0.00018061 0.00014944 0.00011735 0.00001866 0.00004461 0.00011166 0.00007289
shell0_X0_Y0_Z0_mono0_fix1/shell2_X-1_Y0_Z-2_mono1_fix1/shell2_X-2_Y1_Z-1_mono1_fix1//test20tig_AVDZ// DONE 7.324543907536211 7.9370587750867125 9.29549001807212 24.557092700695044 2	-0.00007878 -0.00020193 -0.00029526 0.00000589 0.00021058 0.00022933 0.00021849
shell0_X0_Y0_Z0_mono0_fix1/shell1_X1_Y1_Z-1_mono0_fix1/shell2_X-1_Y1_Z-2_mono1_fix1//test20tig_AVDZ// DONE 9.295490539077504 7.3245438676480985 7.937058818163156 24.557093224888757 4	-0.00006899 -0.00020191 -0.00030783 0.00001642 0.00022242 0.00019953 0.00021276
shell0_X0_Y0_Z0_mono0_fix1/shell2_X0_Y1_Z-2_mono1_fix1/shell3_X-1_Y1_Z-3_mono1_fix1//test20tig_AVDZ// DONE 7.646690156232921 10.88405459527898 6.064820740141162 24.595565491653065 2	-0.00012612 -0.00003333 -0.00006911 0.00003815 -0.00009516 -0.00004516 -0.00007407
shell0_X0_Y0_Z0_mono0_fix1/shell1_X1_Y0_Z1_mono0_fix1/shell2_X0_Y1_Z-2_mono1_fix1//test20tig_AVDZ// DONE 6.064820747978854 7.646690156232921 10.88405459527898 24.595565499490753 4	-0.00043984 -0.00043392 -0.00041813 -0.00002236 0.00000066 0.00001603 0.00000714
shell0_X0_Y0_Z0_mono0_fix1/shell2_X0_Y0_Z-2_mono1_fix1/shell3_X-1_Y0_Z-3_mono1_fix1//test20tig_AVDZ// DONE 7.646690203091247 10.88405462313503 6.064820740141162 24.59556556636744 2	-0.00041294 -0.00043393 -0.00038261 -0.00006129 0.00003096 0.00001741 0.00002524
shell0_X0_Y0_Z0_mono0_fix1/shell1_X-1_Y0_Z-1_mono0_fix1/shell3_X-1_Y0_Z-3_mono1_fix1//test20tig_AVDZ// DONE 6.064820747978854 10.88405462313503 7.646690203091247 24.595565574205132 4	-0.00012185 -0.00003329 -0.00005900 0.00002622 -0.00008908 -0.00004465 -0.00007033
shell0_X0_Y0_Z0_mono0_fix1/shell2_X-1_Y1_Z-2_mono1_fix1/shell2_X-2_Y0_Z-1_mono1_fix1//test20tig_AVDZ// DONE 7.3245438676480985 7.937058818163156 9.38737296522935 24.648975651040605 2	0.00006148 0.00006560 -0.00001761 0.00004276 0.00003634 0.00005641 0.00004480
shell0_X0_Y0_Z0_mono0_fix1/shell1_X1_Y-1_Z-1_mono0_fix1/shell2_X-1_Y0_Z-2_mono1_fix1//test20tig_AVDZ// DONE 9.3873734873741 7.324543907536211 7.9370587750867125 24.648976169997024 4	0.00005965 0.00006561 -0.00002128 0.00004671 0.00003422 0.00005619 0.00004349
shell0_X0_Y0_Z0_mono0_fix1/shell1_X1_Y1_Z0_mono1_fix1/shell2_X0_Y1_Z-2_mono1_fix1//test20tig_AVDZ// DONE 7.937059651198265 7.646690156232921 9.153763740124077 24.737513547555263 2	0.00021361 0.00012668 0.00014610 0.00001594 0.00005157 0.00008084 0.00006392
shell0_X0_Y0_Z0_mono0_fix1/shell1_X1_Y0_Z0_mono1_fix1/shell2_X0_Y0_Z-2_mono1_fix1//test20tig_AVDZ// DONE 7.937059665509641 7.646690203091247 9.153763740124077 24.737513608724967 2	0.00018440 0.00016555 0.00018751 0.00000087 -0.00000399 0.00004981 0.00001871
shell0_X0_Y0_Z0_mono0_fix1/shell1_X1_Y1_Z0_mono1_fix1/shell2_X1_Y0_Z2_mono0_fix1//test20tig_AVDZ// DONE 7.937059651198265 9.153763844015145 7.646690156232921 24.73751365144633 4	0.00019770 0.00016555 0.00019954 -0.00001244 0.00001061 0.00004603 0.00002555
shell0_X0_Y0_Z0_mono0_fix1/shell1_X1_Y0_Z0_mono1_fix1/shell2_X1_Y0_Z2_mono0_fix1//test20tig_AVDZ// DONE 7.937059665509641 9.153763844015145 7.646690203091246 24.737513712616032 4	0.00021885 0.00012667 0.00014809 0.00001548 0.00005528 0.00007548 0.00006380
shell0_X0_Y0_Z0_mono0_fix1/shell1_X1_Y0_Z-1_mono1_fix1/shell2_X0_Y1_Z-2_mono1_fix1//test20tig_AVDZ// DONE 8.232858625612332 7.646690156232921 8.971985126694959 24.851533908540212 2	0.00003586 -0.00002282 -0.00008334 0.00006726 0.00005194 0.00013081 0.00008521
shell0_X0_Y0_Z0_mono0_fix1/shell1_X1_Y1_Z-1_mono1_fix1/shell1_X1_Y1_Z1_mono0_fix1//test20tig_AVDZ// DONE 8.232858600601466 8.971985427673124 7.646690203091246 24.851534231365836 4	0.00004021 -0.00002281 -0.00008478 0.00006821 0.00005678 0.00012792 0.00008679
shell0_X0_Y0_Z0_mono0_fix1/shell1_X1_Y1_Z-1_mono1_fix1/shell2_X0_Y0_Z-2_mono1_fix1//test20tig_AVDZ// DONE 8.232858600601466 7.646690203091247 9.035176903288958 24.91472570698167 2	0.00001668 -0.00002336 -0.00007221 0.00002376 0.00006514 0.00007921 0.00007107
shell0_X0_Y0_Z0_mono0_fix1/shell1_X-1_Y1_Z-1_mono0_fix1/shell2_X0_Y1_Z-2_mono1_fix1//test20tig_AVDZ// DONE 9.035177165497888 7.646690156232921 8.232858625612332 24.914725947343143 4	0.00002584 -0.00002336 -0.00006591 0.00001704 0.00007471 0.00007488 0.00007478
shell0_X0_Y0_Z0_mono0_fix1/shell2_X-2_Y1_Z-2_mono1_fix1/shell2_X-1_Y0_Z-2_mono1_fix1//test20tig_AVDZ// DONE 9.573570512557703 7.324543907536211 8.16589350495135 25.064007925045267 2	-0.00009498 -0.00019818 -0.00028044 -0.00000087 0.00018634 0.00020365 0.00019364
shell0_X0_Y0_Z0_mono0_fix1/shell1_X-1_Y-1_Z0_mono0_fix1/shell2_X-2_Y0_Z-2_mono1_fix1//test20tig_AVDZ// DONE 8.165893982210706 9.573570545117207 7.3245438676480985 25.06400839497601 4	-0.00009573 -0.00019818 -0.00028121 0.00000079 0.00018469 0.00020286 0.00019236
shell0_X0_Y0_Z0_mono0_fix1/shell2_X-1_Y1_Z-2_mono1_fix1/shell3_X0_Y1_Z-3_mono1_fix1//test20tig_AVDZ// DONE 7.3245438676480985 11.227186363707675 6.602801743528848 25.15453197488462 2	0.00011466 0.00009700 0.00016699 -0.00002748 -0.00002485 -0.00004773 -0.00003450
shell0_X0_Y0_Z0_mono0_fix1/shell2_X-1_Y0_Z-2_mono1_fix1/shell3_X0_Y0_Z-3_mono1_fix1//test20tig_AVDZ// DONE 7.324543907536211 11.22718639110945 6.602801743528848 25.15453204217451 2	-0.00024937 -0.00022276 -0.00031313 -0.00002933 0.00009308 0.00013057 0.00010890
shell0_X0_Y0_Z0_mono0_fix1/shell1_X1_Y0_Z-1_mono0_fix1/shell3_X0_Y1_Z-3_mono1_fix1//test20tig_AVDZ// DONE 6.602802553139408 11.227186363707675 7.3245438676480985 25.15453278449518 4	-0.00023807 -0.00022275 -0.00029335 -0.00004841 0.00010369 0.00013711 0.00011779
shell0_X0_Y0_Z0_mono0_fix1/shell1_X1_Y0_Z-1_mono0_fix1/shell3_X0_Y0_Z-3_mono1_fix1//test20tig_AVDZ// DONE 6.602802553139408 11.22718639110945 7.324543907536211 25.154532851785067 4	0.00012102 0.00009699 0.00018400 -0.00003271 -0.00003027 -0.00004784 -0.00003768
shell0_X0_Y0_Z0_mono0_fix1/shell2_X-2_Y0_Z-2_mono1_fix1/shell2_X-1_Y1_Z-2_mono1_fix1//test20tig_AVDZ// DONE 9.573570545117207 7.3245438676480985 8.275279052957368 25.173393465722675 2	0.00019383 0.00013020 0.00018741 -0.00000773 0.00001414 0.00001657 0.00001517
shell0_X0_Y0_Z0_mono0_fix1/shell1_X-1_Y1_Z0_mono0_fix1/shell2_X-2_Y1_Z-2_mono1_fix1//test20tig_AVDZ// DONE 8.27527950048686 9.573570512557703 7.324543907536211 25.17339392058077 4	0.00018347 0.00013021 0.00016965 0.00001058 0.00000324 0.00001359 0.00000761
shell0_X0_Y0_Z0_mono0_fix1/shell1_X-1_Y0_Z-1_mono0_fix1/shell2_X-1_Y1_Z-2_mono0_fix1//test20tig_AVDZ// DONE 6.064820747978854 11.31644354548893 7.918115177639053 25.299379471106835 6	0.00002066 0.00012826 0.00011589 0.00002893 -0.00012416 -0.00008102 -0.00010596
shell0_X0_Y0_Z0_mono0_fix1/shell1_X-1_Y0_Z-1_mono0_fix1/shell1_X0_Y1_Z1_mono0_fix1//test20tig_AVDZ// DONE 6.064820747978854 7.947854012254151 11.29424631152965 25.306921071762652 6	-0.00043633 -0.00042997 -0.00046212 -0.00001846 0.00004425 0.00006464 0.00005285
shell0_X0_Y0_Z0_mono0_fix1/shell2_X-1_Y1_Z-2_mono1_fix1/shell2_X-2_Y1_Z0_mono1_fix1//test20tig_AVDZ// DONE 7.3245438676480985 8.232859489005401 9.807804358429697 25.365207715083194 2	0.00012595 0.00012001 0.00013269 0.00001531 -0.00002205 0.00001191 -0.00000773
shell0_X0_Y0_Z0_mono0_fix1/shell2_X-1_Y0_Z-2_mono1_fix1/shell2_X-2_Y0_Z0_mono1_fix1//test20tig_AVDZ// DONE 7.324543907536211 8.232859518875284 9.807804358429697 25.36520778484119 2	0.00023426 0.00014543 0.00021574 -0.00003323 0.00005176 0.00002227 0.00003932
shell0_X0_Y0_Z0_mono0_fix1/shell2_X-1_Y1_Z-2_mono1_fix1/shell2_X1_Y0_Z-2_mono0_fix1//test20tig_AVDZ// DONE 7.3245438676480985 9.80780491502408 8.232859489005401 25.36520827167758 4	0.00022694 0.00014543 0.00021488 -0.00003288 0.00004494 0.00003166 0.00003934
shell0_X0_Y0_Z0_mono0_fix1/shell2_X-1_Y0_Z-2_mono1_fix1/shell2_X1_Y0_Z-2_mono0_fix1//test20tig_AVDZ// DONE 7.324543907536211 9.80780491502408 8.232859518875284 25.365208341435576 4	0.00013416 0.00012003 0.00014434 0.00000553 -0.00001572 0.00001422 -0.00000309
shell0_X0_Y0_Z0_mono0_fix1/shell2_X-2_Y0_Z-2_mono1_fix1/shell2_X-2_Y1_Z-1_mono1_fix1//test20tig_AVDZ// DONE 9.573570545117207 7.9370587750867125 7.9181146796042725 25.42874399980819 2	-0.00005121 -0.00010370 -0.00016950 0.00003248 0.00008581 0.00014829 0.00011217
shell0_X0_Y0_Z0_mono0_fix1/shell1_X0_Y1_Z-1_mono0_fix1/shell2_X-2_Y1_Z-2_mono1_fix1//test20tig_AVDZ// DONE 7.918115177639053 9.573570512557703 7.937058818163156 25.428744508359912 4	-0.00005551 -0.00010370 -0.00016686 0.00002792 0.00008343 0.00015871 0.00011519
shell0_X0_Y0_Z0_mono0_fix1/shell2_X-2_Y1_Z-2_mono1_fix1/shell2_X-2_Y0_Z-1_mono1_fix1//test20tig_AVDZ// DONE 9.573570512557703 7.937058818163156 7.947853458977189 25.45848278969805 2	0.00011386 0.00006248 0.00006496 -0.00000269 0.00005159 0.00006635 0.00005782
shell0_X0_Y0_Z0_mono0_fix1/shell1_X0_Y-1_Z-1_mono0_fix1/shell2_X-2_Y0_Z-2_mono1_fix1//test20tig_AVDZ// DONE 7.94785401225415 9.573570545117207 7.9370587750867125 25.45848333245807 4	0.00011370 0.00006247 0.00006076 0.00000228 0.00005065 0.00006282 0.00005579
shell0_X0_Y0_Z0_mono0_fix1/shell1_X1_Y1_Z-1_mono1_fix1/shell2_X-1_Y1_Z-2_mono1_fix1//test20tig_AVDZ// DONE 8.232858600601466 7.3245438676480985 9.903259030824282 25.460661499073844 2	0.00026179 0.00019259 0.00024327 -0.00000330 0.00002182 0.00001009 0.00001687
shell0_X0_Y0_Z0_mono0_fix1/shell2_X-1_Y1_Z-2_mono1_fix1/shell2_X-2_Y0_Z-1_mono0_fix1//test20tig_AVDZ// DONE 7.3245438676480985 9.903259070833585 8.232858600601466 25.460661539083148 4	0.00018124 0.00014278 0.00017072 0.00000308 0.00000744 0.00001495 0.00001061
shell0_X0_Y0_Z0_mono0_fix1/shell1_X1_Y0_Z-1_mono1_fix1/shell2_X-1_Y0_Z-2_mono1_fix1//test20tig_AVDZ// DONE 8.232858625612332 7.324543907536211 9.903259030824282 25.460661563972828 2	0.00018219 0.00014276 0.00017216 0.00000059 0.00000944 0.00001471 0.00001166
shell0_X0_Y0_Z0_mono0_fix1/shell1_X1_Y0_Z-1_mono1_fix1/shell2_X2_Y0_Z1_mono0_fix1//test20tig_AVDZ// DONE 8.232858625612332 9.903259070833585 7.324543907536211 25.460661603982125 4	0.00027188 0.00019258 0.00024964 -0.00000950 0.00003174 0.00000747 0.00002150
shell0_X0_Y0_Z0_mono0_fix1/shell1_X1_Y0_Z-1_mono0_fix1/shell2_X-1_Y0_Z-2_mono0_fix1//test20tig_AVDZ// DONE 6.602802553139408 9.153763844015145 9.903259070833585 25.65982546798814 6	0.00010340 0.00000600 0.00006031 -0.00004097 0.00008406 0.00008704 0.00008532
shell0_X0_Y0_Z0_mono0_fix1/shell2_X0_Y0_Z-2_mono0_fix1/shell2_X0_Y1_Z-2_mono0_fix1//test20tig_AVDZ// DONE 8.293258355384793 10.597767900119495 6.810811507043177 25.701837762547463 6	-0.00001912 -0.00000650 -0.00005202 0.00006658 -0.00003368 0.00006819 0.00000930
shell0_X0_Y0_Z0_mono0_fix1/shell2_X-1_Y1_Z-2_mono1_fix1/shell2_X-1_Y2_Z-1_mono1_fix1//test20tig_AVDZ// DONE 7.3245438676480985 10.479836115247128 7.9181146796042725 25.7224946624995 2	0.00005282 0.00002072 -0.00001166 0.00000443 0.00006005 0.00006404 0.00006173
shell0_X0_Y0_Z0_mono0_fix1/shell1_X-1_Y-1_Z-1_mono1_fix1/shell1_X0_Y-1_Z1_mono0_fix1//test20tig_AVDZ// DONE 10.479836186966654 7.918115177639056 7.324543907536211 25.72249527214192 4	0.00005886 0.00002071 -0.00000419 -0.00000396 0.00006702 0.00006403 0.00006576
shell0_X0_Y0_Z0_mono0_fix1/shell2_X0_Y0_Z2_mono0_fix1/shell2_X0_Y1_Z2_mono0_fix1//test20tig_AVDZ// DONE 8.293258355384795 10.621615668329172 6.810811507043177 25.725685530757143 6	0.00005455 0.00005077 -0.00003576 0.00005281 0.00003750 0.00003361 0.00003586
shell0_X0_Y0_Z0_mono0_fix1/shell1_X-1_Y-1_Z-1_mono1_fix1/shell2_X-1_Y0_Z-2_mono1_fix1//test20tig_AVDZ// DONE 10.479836186966654 7.324543907536211 7.947853458977189 25.752233553480053 2	-0.00013238 -0.00014850 -0.00023635 0.00001386 0.00009010 0.00017273 0.00012496
shell0_X0_Y0_Z0_mono0_fix1/shell1_X0_Y-1_Z-1_mono0_fix1/shell2_X-1_Y1_Z-2_mono1_fix1//test20tig_AVDZ// DONE 7.94785401225415 7.3245438676480985 10.479836115247128 25.752233995149375 4	-0.00009815 -0.00014850 -0.00022472 0.00000479 0.00012178 0.00013788 0.00012857
shell0_X0_Y0_Z0_mono0_fix1/shell2_X-1_Y1_Z-2_mono1_fix1/shell3_X-2_Y1_Z-3_mono1_fix1//test20tig_AVDZ// DONE 7.3245438676480985 12.394697932541886 6.064820740141162 25.784062540331146 2	0.00005102 0.00030065 0.00020105 0.00002883 -0.00017886 -0.00016361 -0.00017243
shell0_X0_Y0_Z0_mono0_fix1/shell1_X-1_Y0_Z-1_mono0_fix1/shell3_X-2_Y1_Z-3_mono1_fix1//test20tig_AVDZ// DONE 6.064820747978854 12.394697932541886 7.3245438676480985 25.78406254816884 4	-0.00052261 -0.00033247 -0.00040291 0.00000223 -0.00012193 -0.00009988 -0.00011262
shell0_X0_Y0_Z0_mono0_fix1/shell2_X-1_Y0_Z-2_mono1_fix1/shell3_X-2_Y0_Z-3_mono1_fix1//test20tig_AVDZ// DONE 7.324543907536211 12.394697956586858 6.064820740141162 25.784062604264232 2	-0.00054178 -0.00033244 -0.00041637 0.00001404 -0.00013945 -0.00008753 -0.00011754
shell0_X0_Y0_Z0_mono0_fix1/shell1_X-1_Y0_Z-1_mono0_fix1/shell3_X-2_Y0_Z-3_mono1_fix1//test20tig_AVDZ// DONE 6.064820747978854 12.394697956586858 7.324543907536211 25.784062612101923 4	0.00006769 0.00030067 0.00021536 0.00001402 -0.00016169 -0.00016653 -0.00016373
shell0_X0_Y0_Z0_mono0_fix1/shell1_X-1_Y-1_Z0_mono0_fix1/shell1_X1_Y-1_Z0_mono0_fix1//test20tig_AVDZ// DONE 8.165893982210706 8.27527950048686 9.361506889970098 25.802680372667663 6	0.00010504 0.00013715 0.00009232 0.00009711 -0.00008439 0.00004339 -0.00003049
shell0_X0_Y0_Z0_mono0_fix1/shell2_X-2_Y0_Z-2_mono1_fix1/shell2_X-2_Y1_Z-2_mono1_fix1//test20tig_AVDZ// DONE 9.573570545117207 9.573570512557703 6.810810873136547 25.957951930811454 2	0.00016195 0.00009142 0.00014005 -0.00000205 0.00002395 0.00002640 0.00002498
shell0_X0_Y0_Z0_mono0_fix1/shell1_X0_Y1_Z0_mono0_fix1/shell2_X-2_Y1_Z-2_mono1_fix1//test20tig_AVDZ// DONE 6.810811507043177 9.573570512557703 9.573570545117207 25.957952564718088 4	0.00014587 0.00009141 0.00011924 0.00002001 0.00000661 0.00002490 0.00001433
shell0_X0_Y0_Z0_mono0_fix1/shell1_X1_Y1_Z-1_mono0_fix1/shell2_X0_Y1_Z-2_mono0_fix1//test20tig_AVDZ// DONE 9.295490539077504 10.597767900119495 6.064820747978854 25.95807918717585 6	-0.00005448 -0.00009895 -0.00008036 -0.00002204 0.00004792 0.00002926 0.00004005
shell0_X0_Y0_Z0_mono0_fix1/shell2_X-1_Y1_Z-2_mono1_fix1/shell2_X-1_Y2_Z-2_mono1_fix1//test20tig_AVDZ// DONE 7.3245438676480985 11.892728247980974 6.810810873136547 26.028082988765618 2	-0.00007892 -0.00005274 -0.00011939 0.00000783 0.00003264 0.00002976 0.00003142
shell0_X0_Y0_Z0_mono0_fix1/shell2_X-1_Y-1_Z-2_mono1_fix1/shell2_X-1_Y0_Z-2_mono1_fix1//test20tig_AVDZ// DONE 11.892728317075902 7.324543907536211 6.810810873136547 26.02808309774866 2	-0.00022955 -0.00018262 -0.00028087 0.00000660 0.00004472 0.00010008 0.00006808
shell0_X0_Y0_Z0_mono0_fix1/shell1_X0_Y1_Z0_mono0_fix1/shell2_X-1_Y2_Z-2_mono1_fix1//test20tig_AVDZ// DONE 6.810811507043177 11.892728247980974 7.3245438676480985 26.028083622672252 4	-0.00023939 -0.00018262 -0.00029387 0.00001926 0.00003523 0.00010015 0.00006262
shell0_X0_Y0_Z0_mono0_fix1/shell1_X0_Y1_Z0_mono0_fix1/shell2_X-1_Y0_Z-2_mono1_fix1//test20tig_AVDZ// DONE 6.810811507043177 7.324543907536211 11.892728317075902 26.02808373165529 4	-0.00007762 -0.00005275 -0.00012019 0.00000867 0.00003390 0.00002861 0.00003167
shell0_X0_Y0_Z0_mono0_fix1/shell1_X-1_Y-1_Z-1_mono0_fix1/shell1_X0_Y-1_Z1_mono0_fix1//test20tig_AVDZ// DONE 8.971985427673124 7.918115177639056 9.153763844015145 26.043864449327323 6	0.00002192 -0.00005080 -0.00004226 -0.00003441 0.00009859 0.00010559 0.00010154
shell0_X0_Y0_Z0_mono0_fix1/shell1_X-1_Y0_Z-1_mono0_fix1/shell1_X-1_Y1_Z1_mono0_fix1//test20tig_AVDZ// DONE 6.064820747978854 9.3873734873741 10.621615668329172 26.073809903682125 6	0.00028306 0.00026029 0.00029994 -0.00002746 0.00001057 0.00000790 0.00000945
shell0_X0_Y0_Z0_mono0_fix1/shell2_X0_Y1_Z-2_mono1_fix1/shell2_X1_Y0_Z-2_mono1_fix1//test20tig_AVDZ// DONE 7.646690156232921 10.272462479830054 8.16589350495135 26.085046141014324 2	0.00002608 0.00006895 -0.00000356 0.00010846 -0.00007881 0.00006674 -0.00001741
shell0_X0_Y0_Z0_mono0_fix1/shell1_X1_Y1_Z0_mono0_fix1/shell2_X1_Y1_Z-2_mono1_fix1//test20tig_AVDZ// DONE 8.165893982210706 10.272462453065986 7.646690203091247 26.08504663836794 4	0.00001393 0.00006894 -0.00001327 0.00011799 -0.00009079 0.00007213 -0.00002206
shell0_X0_Y0_Z0_mono0_fix1/shell2_X0_Y1_Z-2_mono1_fix1/shell2_X-2_Y1_Z-1_mono1_fix1//test20tig_AVDZ// DONE 7.646690156232921 7.9370587750867125 10.506825110816445 26.090574042136076 2	0.00007526 0.00005173 0.00006679 -0.00000733 0.00001580 0.00005046 0.00003042
shell0_X0_Y0_Z0_mono0_fix1/shell2_X0_Y0_Z-2_mono1_fix1/shell2_X-2_Y0_Z-1_mono1_fix1//test20tig_AVDZ// DONE 7.646690203091247 7.937058818163156 10.506825110816445 26.09057413207085 2	0.00010720 0.00010516 0.00003085 0.00009423 -0.00001788 0.00000294 -0.00000909
shell0_X0_Y0_Z0_mono0_fix1/shell2_X0_Y1_Z-2_mono1_fix1/shell2_X2_Y0_Z-1_mono0_fix1//test20tig_AVDZ// DONE 7.646690156232921 10.506825541052299 7.9370587750867125 26.090574472371934 4	0.00010480 0.00010515 0.00004245 0.00008826 -0.00002591 0.00000849 -0.00001140
shell0_X0_Y0_Z0_mono0_fix1/shell2_X0_Y0_Z-2_mono1_fix1/shell2_X2_Y0_Z-1_mono0_fix1//test20tig_AVDZ// DONE 7.646690203091247 10.506825541052299 7.937058818163156 26.090574562306703 4	0.00008292 0.00005172 0.00006181 -0.00000498 0.00002610 0.00004045 0.00003215
shell0_X0_Y0_Z0_mono0_fix1/shell1_X1_Y0_Z-1_mono0_fix1/shell1_X-1_Y0_Z1_mono0_fix1//test20tig_AVDZ// DONE 6.602802553139408 6.602802553139408 12.885391568406023 26.09099667468484 3	0.00028509 0.00043342 0.00068839 -0.00001266 -0.00039064 -0.00033701 -0.00036801
shell0_X0_Y0_Z0_mono0_fix1/shell2_X-2_Y1_Z-2_mono1_fix1/shell2_X-2_Y1_Z0_mono1_fix1//test20tig_AVDZ// DONE 9.573570512557703 8.232859489005401 8.293257900440306 26.09968790200341 2	0.00012755 0.00007096 0.00010916 -0.00002634 0.00004473 0.00004033 0.00004287
shell0_X0_Y0_Z0_mono0_fix1/shell2_X-2_Y0_Z-2_mono1_fix1/shell2_X-2_Y0_Z0_mono1_fix1//test20tig_AVDZ// DONE 9.573570545117207 8.232859518875284 8.293257900440306 26.099687964432796 2	0.00010895 0.00007142 0.00005686 0.00003318 0.00001891 0.00003907 0.00002741
shell0_X0_Y0_Z0_mono0_fix1/shell2_X-2_Y1_Z-2_mono1_fix1/shell2_X0_Y0_Z-2_mono0_fix1//test20tig_AVDZ// DONE 9.573570512557703 8.293258355384793 8.232859489005401 26.099688356947894 4	0.00011407 0.00007141 0.00006233 0.00002639 0.00002535 0.00003785 0.00003062
shell0_X0_Y0_Z0_mono0_fix1/shell2_X-2_Y0_Z-2_mono1_fix1/shell2_X0_Y0_Z-2_mono0_fix1//test20tig_AVDZ// DONE 9.573570545117207 8.293258355384793 8.232859518875284 26.099688419377284 4	0.00015280 0.00007096 0.00010481 -0.00002174 0.00006973 0.00000226 0.00004127
shell0_X0_Y0_Z0_mono0_fix1/shell2_X0_Y1_Z-2_mono1_fix1/shell2_X0_Y2_Z-1_mono1_fix1//test20tig_AVDZ// DONE 7.646690156232921 10.552270310097942 7.9181146796042725 26.117075145935136 2	0.00008007 0.00001651 0.00000748 0.00000038 0.00007221 0.00003245 0.00005544
shell0_X0_Y0_Z0_mono0_fix1/shell1_X0_Y-1_Z-1_mono1_fix1/shell1_X0_Y-1_Z1_mono0_fix1//test20tig_AVDZ// DONE 10.552270378746126 7.918115177639056 7.646690203091246 26.11707575947643 4	0.00007762 0.00001653 0.00000719 -0.00000112 0.00007156 0.00003731 0.00005711
shell0_X0_Y0_Z0_mono0_fix1/shell1_X-1_Y0_Z-1_mono0_fix1/shell1_X1_Y1_Z0_mono0_fix1//test20tig_AVDZ// DONE 6.064820747978854 8.165893982210706 11.891151656917737 26.121866387107296 6	-0.00006361 0.00008054 -0.00001887 0.00005805 -0.00010279 -0.00001753 -0.00006682
shell0_X0_Y0_Z0_mono0_fix1/shell2_X-1_Y1_Z-2_mono1_fix1/shell3_X-1_Y0_Z-3_mono1_fix1//test20tig_AVDZ// DONE 7.3245438676480985 10.88405462313503 7.918114679604272 26.1267131703874 2	0.00002925 -0.00003794 -0.00002042 -0.00002259 0.00007225 0.00004081 0.00005899
shell0_X0_Y0_Z0_mono0_fix1/shell1_X0_Y1_Z-1_mono0_fix1/shell3_X-1_Y1_Z-3_mono1_fix1//test20tig_AVDZ// DONE 7.918115177639053 10.88405459527898 7.324543907536211 26.126713680454245 4	0.00003851 -0.00003793 -0.00000206 -0.00004715 0.00008772 0.00005969 0.00007589
shell0_X0_Y0_Z0_mono0_fix1/shell1_X-1_Y1_Z-1_mono0_fix1/shell1_X0_Y1_Z1_mono0_fix1//test20tig_AVDZ// DONE 9.035177165497888 7.947854012254151 9.153763844015145 26.136795021767185 6	0.00015819 0.00012983 0.00013718 0.00001794 0.00000307 0.00001780 0.00000928
shell0_X0_Y0_Z0_mono0_fix1/shell1_X0_Y-1_Z-1_mono1_fix1/shell2_X0_Y0_Z-2_mono1_fix1//test20tig_AVDZ// DONE 10.552270378746126 7.646690203091247 7.947853458977189 26.14681404081456 2	-0.00004260 -0.00007555 -0.00010779 0.00000516 0.00006002 0.00008718 0.00007148
shell0_X0_Y0_Z0_mono0_fix1/shell1_X0_Y-1_Z-1_mono0_fix1/shell2_X0_Y1_Z-2_mono1_fix1//test20tig_AVDZ// DONE 7.94785401225415 7.646690156232921 10.552270310097942 26.146814478585014 4	-0.00004516 -0.00007555 -0.00010867 0.00000195 0.00006156 0.00008528 0.00007157
shell0_X0_Y0_Z0_mono0_fix1/shell2_X-1_Y0_Z-2_mono1_fix1/shell3_X-1_Y1_Z-3_mono1_fix1//test20tig_AVDZ// DONE 7.324543907536211 10.88405459527898 7.947853458977189 26.15645196179238 2	0.00027935 0.00026021 0.00037067 -0.00002394 -0.00006738 -0.00006670 -0.00006709
shell0_X0_Y0_Z0_mono0_fix1/shell1_X0_Y-1_Z-1_mono0_fix1/shell3_X-1_Y0_Z-3_mono1_fix1//test20tig_AVDZ// DONE 7.94785401225415 10.88405462313503 7.3245438676480985 26.15645250303728 4	0.00030320 0.00026024 0.00039590 -0.00005544 -0.00003726 -0.00007163 -0.00005176
shell0_X0_Y0_Z0_mono0_fix1/shell2_X0_Y0_Z-2_mono1_fix1/shell2_X1_Y1_Z-2_mono1_fix1//test20tig_AVDZ// DONE 7.646690203091247 10.272462453065986 8.275279052957368 26.194431709114603 2	-0.00003763 -0.00006677 -0.00012965 0.00002126 0.00007075 0.00006508 0.00006836
shell0_X0_Y0_Z0_mono0_fix1/shell1_X-1_Y1_Z0_mono0_fix1/shell2_X0_Y1_Z-2_mono1_fix1//test20tig_AVDZ// DONE 8.27527950048686 7.646690156232921 10.272462479830054 26.194432136549835 4	-0.00003356 -0.00006678 -0.00011603 0.00000747 0.00007500 0.00007485 0.00007494
shell0_X0_Y0_Z0_mono0_fix1/shell1_X-1_Y-1_Z-1_mono0_fix1/shell1_X-1_Y0_Z1_mono0_fix1//test20tig_AVDZ// DONE 8.971985427673124 6.602802553139408 10.621615668329172 26.1964036491417 6	0.00008450 0.00007465 0.00008717 0.00001849 -0.00002116 0.00003171 0.00000114
shell0_X0_Y0_Z0_mono0_fix1/shell1_X-1_Y1_Z-1_mono0_fix1/shell1_X-1_Y0_Z1_mono0_fix1//test20tig_AVDZ// DONE 9.035177165497888 6.602802553139408 10.597767900119495 26.23574761875679 6	0.00014434 0.00010095 0.00015145 -0.00000346 -0.00000365 0.00000271 -0.00000096
shell0_X0_Y0_Z0_mono0_fix1/shell1_X-1_Y0_Z-1_mono0_fix1/shell1_X1_Y-1_Z0_mono0_fix1//test20tig_AVDZ// DONE 6.064820747978854 8.27527950048686 11.9543527609583 26.29445300942401 6	-0.00035924 -0.00033474 -0.00032427 -0.00004235 0.00000737 0.00004923 0.00002503
shell0_X0_Y0_Z0_mono0_fix1/shell1_X0_Y1_Z-1_mono0_fix1/shell1_X-1_Y0_Z1_mono0_fix1//test20tig_AVDZ// DONE 7.918115177639053 6.602802553139408 11.801089846871278 26.32200757764974 6	-0.00006416 -0.00010585 -0.00006524 -0.00003112 0.00003220 0.00004801 0.00003887
