shell0_X0_Y0_Z0_mono0_fix1/shell1_X0_Y1_Z-1_mono1_fix1/shell2_X-1_Y1_Z-2_mono1_fix1//test20tig_AVDZ// DONE 4.879875191366439 7.3245438676480985 6.064820740141162 18.2692397991557 2 0.00407423 0.00374373 0.00374403 -0.00000001 0.00033022 0.00020796 0.00027864
shell0_X0_Y0_Z0_mono0_fix1/shell1_X-1_Y0_Z-1_mono0_fix1/shell2_X-1_Y1_Z-2_mono1_fix1//test20tig_AVDZ// DONE 6.064820747978854 7.3245438676480985 4.879875191366439 18.26923980699339 4 -0.00187573 -0.00218445 -0.00218408 -0.00000001 0.00030836 0.00044332 0.00036529
shell0_X0_Y0_Z0_mono0_fix1/shell1_X0_Y0_Z-1_mono1_fix1/shell2_X-1_Y0_Z-2_mono1_fix1//test20tig_AVDZ// DONE 4.8798752840715265 7.324543907536211 6.064820740141162 18.2692399317489 2 -0.00187511 -0.00218447 -0.00218410 -0.00000001 0.00030900 0.00044285 0.00036547
shell0_X0_Y0_Z0_mono0_fix1/shell1_X-1_Y0_Z-1_mono0_fix1/shell2_X-1_Y0_Z-2_mono1_fix1//test20tig_AVDZ// DONE 6.064820747978854 7.324543907536211 4.8798752840715265 18.26923993958659 4 0.00407579 0.00374392 0.00374421 -0.00000002 0.00033160 0.00020782 0.00027938
shell0_X0_Y0_Z0_mono0_fix1/shell1_X0_Y1_Z-1_mono1_fix1/shell1_X1_Y1_Z0_mono1_fix1//test20tig_AVDZ// DONE 4.879875191366439 7.937059651198265 6.064820740141162 18.881755582705864 2 0.00435429 0.00279112 0.00279107 -0.00000002 0.00156323 0.00138909 0.00148977
shell0_X0_Y0_Z0_mono0_fix1/shell1_X1_Y0_Z1_mono0_fix1/shell1_X1_Y1_Z0_mono1_fix1//test20tig_AVDZ// DONE 6.064820747978854 7.937059651198265 4.879875191366439 18.881755590543555 4 -0.00247586 -0.00276882 -0.00276822 -0.00000001 0.00029238 0.00041990 0.00034618
shell0_X0_Y0_Z0_mono0_fix1/shell1_X0_Y0_Z-1_mono1_fix1/shell1_X1_Y0_Z0_mono1_fix1//test20tig_AVDZ// DONE 4.8798752840715265 7.937059665509641 6.064820740141162 18.88175568972233 2 -0.00247612 -0.00276868 -0.00276810 -0.00000001 0.00029199 0.00041988 0.00034594
shell0_X0_Y0_Z0_mono0_fix1/shell1_X-1_Y0_Z-1_mono0_fix1/shell1_X0_Y0_Z-1_mono1_fix1//test20tig_AVDZ// DONE 6.064820747978854 4.8798752840715265 7.937059665509641 18.88175569756002 4 0.00435457 0.00279118 0.00279112 -0.00000002 0.00156346 0.00138901 0.00148986
shell0_X0_Y0_Z0_mono0_fix1/shell1_X-1_Y1_Z-1_mono1_fix1/shell2_X0_Y1_Z-2_mono1_fix1//test20tig_AVDZ// DONE 4.689718751012225 7.646690156232921 6.602801743528848 18.939210650773994 2 0.00340757 0.00280106 0.00280015 -0.00000001 0.00060743 0.00053351 0.00057625
shell0_X0_Y0_Z0_mono0_fix1/shell1_X-1_Y0_Z-1_mono1_fix1/shell2_X0_Y0_Z-2_mono1_fix1//test20tig_AVDZ// DONE 4.689718793492955 7.646690203091247 6.602801743528848 18.93921074011305 2 0.00009748 -0.00067366 -0.00067467 -0.00000001 0.00077216 0.00086645 0.00081194
shell0_X0_Y0_Z0_mono0_fix1/shell1_X-1_Y1_Z-1_mono1_fix1/shell1_X-1_Y0_Z1_mono0_fix1//test20tig_AVDZ// DONE 4.689718751012225 6.602802553139408 7.646690156232921 18.939211460384556 4 0.00009772 -0.00067364 -0.00067466 -0.00000001 0.00077239 0.00086632 0.00081202
shell0_X0_Y0_Z0_mono0_fix1/shell1_X-1_Y0_Z-1_mono1_fix1/shell1_X-1_Y0_Z1_mono0_fix1//test20tig_AVDZ// DONE 4.689718793492955 6.602802553139408 7.646690203091246 18.93921154972361 4 0.00340841 0.00280101 0.00280013 -0.00000001 0.00060829 0.00053345 0.00057672
shell0_X0_Y0_Z0_mono0_fix1/shell1_X0_Y0_Z-1_mono0_fix1/shell1_X0_Y1_Z-1_mono0_fix1//test20tig_AVDZ// DONE 4.38165304261412 7.918115177639053 6.810811507043177 19.11057972729635 6 0.00128864 0.00123390 0.00123465 -0.00000001 0.00005400 0.00008346 0.00006643
shell0_X0_Y0_Z0_mono0_fix1/shell1_X0_Y-1_Z-1_mono0_fix1/shell1_X0_Y0_Z-1_mono0_fix1//test20tig_AVDZ// DONE 7.94785401225415 4.38165304261412 6.810811507043177 19.140318561911446 6 0.00127399 0.00013939 0.00013847 -0.00000001 0.00113554 0.00105410 0.00110118
shell0_X0_Y0_Z0_mono0_fix1/shell1_X-1_Y1_Z-1_mono1_fix1/shell2_X-2_Y1_Z0_mono1_fix1//test20tig_AVDZ// DONE 4.689718751012225 8.232859489005401 6.602801743528848 19.525379983546472 2 0.00071537 0.00100595 0.00100671 -0.00000001 -0.00029133 -0.00029835 -0.00029429
shell0_X0_Y0_Z0_mono0_fix1/shell1_X-1_Y0_Z-1_mono1_fix1/shell2_X-2_Y0_Z0_mono1_fix1//test20tig_AVDZ// DONE 4.689718793492955 8.232859518875284 6.602801743528848 19.525380055897084 2 0.00311397 0.00288956 0.00288889 -0.00000001 0.00022509 0.00012115 0.00018124
shell0_X0_Y0_Z0_mono0_fix1/shell1_X-1_Y1_Z-1_mono1_fix1/shell1_X1_Y0_Z-1_mono0_fix1//test20tig_AVDZ// DONE 4.689718751012225 6.602802553139408 8.232859489005401 19.525380793157034 4 0.00311396 0.00288960 0.00288891 -0.00000001 0.00022505 0.00012119 0.00018123
shell0_X0_Y0_Z0_mono0_fix1/shell1_X-1_Y0_Z-1_mono1_fix1/shell1_X1_Y0_Z-1_mono0_fix1//test20tig_AVDZ// DONE 4.689718793492955 6.602802553139408 8.232859518875284 19.525380865507646 4 0.00071501 0.00100598 0.00100674 -0.00000001 -0.00029172 -0.00029812 -0.00029442
shell0_X0_Y0_Z0_mono0_fix1/shell1_X-1_Y0_Z-1_mono0_fix1/shell1_X0_Y0_Z1_mono0_fix1//test20tig_AVDZ// DONE 6.064820747978854 4.381653042614121 9.153763844015145 19.60023763460812 6 -0.00276693 -0.00337082 -0.00337089 -0.00000003 0.00060398 0.00068582 0.00063851
shell0_X0_Y0_Z0_mono0_fix1/shell2_X-1_Y1_Z-2_mono1_fix1/shell2_X0_Y1_Z-2_mono1_fix1//test20tig_AVDZ// DONE 7.3245438676480985 7.646690156232921 4.854291280975464 19.825525304856484 2 0.00159817 0.00166162 0.00166110 -0.00000001 -0.00006292 -0.00005490 -0.00005954
shell0_X0_Y0_Z0_mono0_fix1/shell2_X-1_Y0_Z-2_mono1_fix1/shell2_X0_Y0_Z-2_mono1_fix1//test20tig_AVDZ// DONE 7.324543907536211 7.646690203091247 4.854291280975464 19.825525391602923 2 0.00013547 -0.00094566 -0.00094568 -0.00000001 0.00108117 0.00102576 0.00105779
shell0_X0_Y0_Z0_mono0_fix1/shell1_X-1_Y0_Z0_mono0_fix1/shell2_X-1_Y1_Z-2_mono1_fix1//test20tig_AVDZ// DONE 4.854291847385022 7.3245438676480985 7.646690156232921 19.82552587126604 4 0.00013811 -0.00094565 -0.00094572 -0.00000001 0.00108384 0.00102577 0.00105934
shell0_X0_Y0_Z0_mono0_fix1/shell1_X-1_Y0_Z0_mono0_fix1/shell2_X-1_Y0_Z-2_mono1_fix1//test20tig_AVDZ// DONE 4.854291847385022 7.324543907536211 7.646690203091247 19.82552595801248 4 0.00159885 0.00166160 0.00166110 -0.00000001 -0.00006224 -0.00005487 -0.00005913
shell0_X0_Y0_Z0_mono0_fix1/shell1_X-1_Y-1_Z0_mono0_fix1/shell1_X-1_Y0_Z0_mono0_fix1//test20tig_AVDZ// DONE 8.165893982210706 4.854291847385022 6.810811507043177 19.830997336638905 6 0.00234962 0.00303726 0.00303720 -0.00000001 -0.00068757 -0.00067341 -0.00068159
shell0_X0_Y0_Z0_mono0_fix1/shell1_X-1_Y1_Z-1_mono1_fix1/shell2_X-1_Y0_Z-2_mono1_fix1//test20tig_AVDZ// DONE 4.689718751012225 7.324543907536211 7.918114679604272 19.93237733815271 2 0.00076394 0.00056643 0.00056670 -0.00000001 0.00019725 0.00019694 0.00019712
shell0_X0_Y0_Z0_mono0_fix1/shell1_X0_Y1_Z-1_mono0_fix1/shell2_X-1_Y1_Z-2_mono1_fix1//test20tig_AVDZ// DONE 7.918115177639053 7.3245438676480985 4.689718793492955 19.932377838780106 4 0.00076389 0.00056647 0.00056676 -0.00000001 0.00019714 0.00019703 0.00019709
shell0_X0_Y0_Z0_mono0_fix1/shell1_X-1_Y0_Z0_mono0_fix1/shell1_X-1_Y1_Z0_mono0_fix1//test20tig_AVDZ// DONE 4.854291847385022 8.27527950048686 6.810811507043177 19.940382854915057 6 -0.00043600 -0.00159747 -0.00159699 -0.00000001 0.00116100 0.00111462 0.00114143
shell0_X0_Y0_Z0_mono0_fix1/shell1_X-1_Y0_Z-1_mono1_fix1/shell2_X-1_Y1_Z-2_mono1_fix1//test20tig_AVDZ// DONE 4.689718793492955 7.3245438676480985 7.947853458977189 19.962116120118242 2 0.00178096 0.00112789 0.00112711 -0.00000001 0.00065386 0.00057080 0.00061882
shell0_X0_Y0_Z0_mono0_fix1/shell1_X-1_Y1_Z-1_mono1_fix1/shell1_X0_Y1_Z1_mono0_fix1//test20tig_AVDZ// DONE 4.689718751012225 7.947854012254151 7.324543907536211 19.962116670802587 4 0.00178082 0.00112791 0.00112714 -0.00000001 0.00065369 0.00057108 0.00061884
shell0_X0_Y0_Z0_mono0_fix1/shell1_X-1_Y1_Z-1_mono1_fix1/shell2_X-2_Y1_Z-2_mono1_fix1//test20tig_AVDZ// DONE 4.689718751012225 9.573570512557703 6.064820740141162 20.32811000371109 2 -0.00195803 -0.00231407 -0.00231353 -0.00000002 0.00035552 0.00042629 0.00038538
shell0_X0_Y0_Z0_mono0_fix1/shell1_X-1_Y1_Z-1_mono1_fix1/shell1_X1_Y0_Z1_mono0_fix1//test20tig_AVDZ// DONE 4.689718751012225 6.064820747978854 9.573570512557703 20.32811001154878 4 -0.00141636 -0.00194671 -0.00194663 -0.00000002 0.00053029 0.00048280 0.00051025
shell0_X0_Y0_Z0_mono0_fix1/shell1_X-1_Y0_Z-1_mono1_fix1/shell2_X-2_Y0_Z-2_mono1_fix1//test20tig_AVDZ// DONE 4.689718793492955 9.573570545117207 6.064820740141162 20.328110078751322 2 -0.00141603 -0.00194661 -0.00194654 -0.00000003 0.00053054 0.00048278 0.00051039
shell0_X0_Y0_Z0_mono0_fix1/shell1_X-1_Y0_Z-1_mono0_fix1/shell2_X-2_Y0_Z-2_mono1_fix1//test20tig_AVDZ// DONE 6.064820747978854 9.573570545117207 4.689718793492955 20.328110086589014 4 -0.00195812 -0.00231416 -0.00231362 -0.00000002 0.00035552 0.00042631 0.00038539
shell0_X0_Y0_Z0_mono0_fix1/shell1_X0_Y1_Z-1_mono1_fix1/shell2_X0_Y0_Z-2_mono1_fix1//test20tig_AVDZ// DONE 4.879875191366439 7.646690203091247 7.918114679604272 20.44468007406196 2 0.00103878 0.00135762 0.00135709 -0.00000001 -0.00031830 -0.00029711 -0.00030936
shell0_X0_Y0_Z0_mono0_fix1/shell1_X0_Y1_Z-1_mono0_fix1/shell2_X0_Y1_Z-2_mono1_fix1//test20tig_AVDZ// DONE 7.918115177639053 7.646690156232921 4.8798752840715265 20.4446806179435 4 0.00104076 0.00135767 0.00135714 -0.00000001 -0.00031637 -0.00029860 -0.00030887
shell0_X0_Y0_Z0_mono0_fix1/shell1_X0_Y0_Z-1_mono1_fix1/shell2_X0_Y1_Z-2_mono1_fix1//test20tig_AVDZ// DONE 4.8798752840715265 7.646690156232921 7.947853458977189 20.474418899281638 2 -0.00105037 -0.00246161 -0.00246167 -0.00000001 0.00141131 0.00139263 0.00140343
shell0_X0_Y0_Z0_mono0_fix1/shell1_X0_Y1_Z-1_mono1_fix1/shell1_X0_Y1_Z1_mono0_fix1//test20tig_AVDZ// DONE 4.879875191366439 7.947854012254151 7.646690203091246 20.474419406711835 4 -0.00105070 -0.00246161 -0.00246168 -0.00000001 0.00141099 0.00139276 0.00140330
shell0_X0_Y0_Z0_mono0_fix1/shell1_X-1_Y1_Z0_mono1_fix1/shell2_X-1_Y1_Z-2_mono1_fix1//test20tig_AVDZ// DONE 4.879876784204481 7.3245438676480985 8.293257900440306 20.497678552292886 2 0.00028305 0.00005140 0.00005071 -0.00000002 0.00023236 0.00023589 0.00023385
shell0_X0_Y0_Z0_mono0_fix1/shell1_X-1_Y0_Z0_mono1_fix1/shell2_X-1_Y0_Z-2_mono1_fix1//test20tig_AVDZ// DONE 4.879876783261088 7.324543907536211 8.293257900440306 20.497678591237605 2 -0.00061262 -0.00056009 -0.00055952 -0.00000002 -0.00005308 -0.00001706 -0.00003788
shell0_X0_Y0_Z0_mono0_fix1/shell2_X-1_Y1_Z-2_mono1_fix1/shell2_X0_Y0_Z-2_mono0_fix1//test20tig_AVDZ// DONE 7.3245438676480985 8.293258355384793 4.879876784204481 20.497679007237373 4 -0.00058709 -0.00056012 -0.00055956 -0.00000002 -0.00002752 -0.00001681 -0.00002300
shell0_X0_Y0_Z0_mono0_fix1/shell1_X-1_Y0_Z0_mono1_fix1/shell2_X0_Y0_Z2_mono0_fix1//test20tig_AVDZ// DONE 4.879876783261088 8.293258355384795 7.324543907536211 20.497679046182093 4 0.00028333 0.00005145 0.00005074 -0.00000002 0.00023262 0.00023562 0.00023389
shell0_X0_Y0_Z0_mono0_fix1/shell1_X1_Y1_Z-1_mono1_fix1/shell1_X1_Y1_Z0_mono1_fix1//test20tig_AVDZ// DONE 8.232858600601466 7.937059651198265 4.381652121160035 20.551570372959763 2 0.00101549 0.00087697 0.00087661 -0.00000001 0.00013890 0.00013878 0.00013885
shell0_X0_Y0_Z0_mono0_fix1/shell2_X-2_Y1_Z-1_mono1_fix1/shell2_X-2_Y1_Z0_mono1_fix1//test20tig_AVDZ// DONE 7.9370587750867125 8.232859489005401 4.381652121160035 20.55157038525215 2 0.00070801 -0.00015803 -0.00015883 -0.00000001 0.00086684 0.00080341 0.00084008
shell0_X0_Y0_Z0_mono0_fix1/shell1_X0_Y0_Z-1_mono0_fix1/shell1_X1_Y1_Z-1_mono1_fix1//test20tig_AVDZ// DONE 4.38165304261412 8.232858600601466 7.937059651198265 20.55157129441385 4 0.00070176 -0.00015805 -0.00015885 -0.00000001 0.00086062 0.00081203 0.00084012
shell0_X0_Y0_Z0_mono0_fix1/shell1_X0_Y0_Z1_mono0_fix1/shell2_X-2_Y1_Z0_mono1_fix1//test20tig_AVDZ// DONE 4.381653042614121 8.232859489005401 7.9370587750867125 20.551571306706233 4 0.00101580 0.00087700 0.00087661 -0.00000001 0.00013920 0.00013851 0.00013891
shell0_X0_Y0_Z0_mono0_fix1/shell1_X0_Y1_Z0_mono1_fix1/shell2_X0_Y1_Z-2_mono1_fix1//test20tig_AVDZ// DONE 4.689720349898127 7.646690156232921 8.293257900440306 20.629668406571355 2 0.00156218 0.00159889 0.00159845 -0.00000002 -0.00003626 -0.00006254 -0.00004734
shell0_X0_Y0_Z0_mono0_fix1/shell0_X0_Y0_Z0_mono1_fix1/shell2_X0_Y0_Z-2_mono1_fix1//test20tig_AVDZ// DONE 4.689720404504576 7.646690203091247 8.293257900440306 20.62966850803613 2 0.00106989 0.00085323 0.00085264 -0.00000002 0.00021727 0.00020437 0.00021183
shell0_X0_Y0_Z0_mono0_fix1/shell1_X0_Y1_Z0_mono1_fix1/shell2_X0_Y0_Z2_mono0_fix1//test20tig_AVDZ// DONE 4.689720349898127 8.293258355384795 7.646690156232921 20.629668861515842 4 0.00106988 0.00085328 0.00085270 -0.00000002 0.00021720 0.00020436 0.00021178
shell0_X0_Y0_Z0_mono0_fix1/shell0_X0_Y0_Z0_mono1_fix1/shell2_X0_Y0_Z2_mono0_fix1//test20tig_AVDZ// DONE 4.689720404504576 8.293258355384795 7.646690203091246 20.629668962980617 4 0.00156996 0.00159889 0.00159841 -0.00000002 -0.00002844 -0.00006255 -0.00004283
shell0_X0_Y0_Z0_mono0_fix1/shell1_X0_Y0_Z-1_mono0_fix1/shell1_X-1_Y0_Z1_mono0_fix1//test20tig_AVDZ// DONE 4.38165304261412 6.602802553139408 9.80780491502408 20.79226051077761 6 0.00050468 0.00083385 0.00083360 -0.00000001 -0.00032891 -0.00036107 -0.00034248
shell0_X0_Y0_Z0_mono0_fix1/shell1_X-1_Y0_Z-1_mono1_fix1/shell2_X-2_Y1_Z-1_mono1_fix1//test20tig_AVDZ// DONE 4.689718793492955 7.9370587750867125 8.16589350495135 20.792671073531018 2 -0.00008734 -0.00045084 -0.00045150 -0.00000002 0.00036418 0.00041718 0.00038654
shell0_X0_Y0_Z0_mono0_fix1/shell1_X-1_Y1_Z-1_mono1_fix1/shell1_X1_Y1_Z0_mono0_fix1//test20tig_AVDZ// DONE 4.689718751012225 8.165893982210706 7.937058818163156 20.792671551386086 4 -0.00008740 -0.00045083 -0.00045147 -0.00000002 0.00036409 0.00041712 0.00038646
shell0_X0_Y0_Z0_mono0_fix1/shell1_X-1_Y0_Z-1_mono0_fix1/shell2_X-2_Y0_Z-1_mono0_fix1//test20tig_AVDZ// DONE 6.064820747978854 9.903259070833585 4.854291847385022 20.82237166619746 6 -0.00227027 -0.00264604 -0.00264717 -0.00000001 0.00037691 0.00037877 0.00037769
shell0_X0_Y0_Z0_mono0_fix1/shell1_X-1_Y1_Z-1_mono1_fix1/shell2_X-2_Y0_Z-1_mono1_fix1//test20tig_AVDZ// DONE 4.689718751012225 7.937058818163156 8.275279052957368 20.902056622132747 2 0.00097084 0.00044024 0.00043954 -0.00000001 0.00053131 0.00047731 0.00050853
shell0_X0_Y0_Z0_mono0_fix1/shell1_X-1_Y0_Z-1_mono1_fix1/shell1_X1_Y-1_Z0_mono0_fix1//test20tig_AVDZ// DONE 4.689718793492955 8.27527950048686 7.9370587750867125 20.902057069066526 4 0.00097037 0.00044025 0.00043954 -0.00000001 0.00053085 0.00047784 0.00050848
shell0_X0_Y0_Z0_mono0_fix1/shell1_X0_Y1_Z0_mono1_fix1/shell2_X-1_Y1_Z-2_mono1_fix1//test20tig_AVDZ// DONE 4.689720349898127 7.3245438676480985 9.153763740124077 21.168027957670304 2 -0.00051324 -0.00040231 -0.00040261 -0.00000002 -0.00011061 -0.00008296 -0.00009895
shell0_X0_Y0_Z0_mono0_fix1/shell0_X0_Y0_Z0_mono1_fix1/shell2_X-1_Y0_Z-2_mono1_fix1//test20tig_AVDZ// DONE 4.689720404504576 7.324543907536211 9.153763740124077 21.168028052164864 2 0.00060538 0.00052937 0.00052868 -0.00000002 0.00007672 0.00008098 0.00007852
shell0_X0_Y0_Z0_mono0_fix1/shell1_X0_Y1_Z0_mono1_fix1/shell2_X1_Y0_Z2_mono0_fix1//test20tig_AVDZ// DONE 4.689720349898127 9.153763844015145 7.3245438676480985 21.168028061561373 4 0.00060597 0.00052938 0.00052869 -0.00000002 0.00007730 0.00008098 0.00007885
shell0_X0_Y0_Z0_mono0_fix1/shell0_X0_Y0_Z0_mono1_fix1/shell2_X1_Y0_Z2_mono0_fix1//test20tig_AVDZ// DONE 4.689720404504576 9.153763844015145 7.324543907536211 21.168028156055932 4 -0.00051351 -0.00040237 -0.00040265 -0.00000002 -0.00011085 -0.00008252 -0.00009890
shell0_X0_Y0_Z0_mono0_fix1/shell1_X0_Y0_Z-1_mono1_fix1/shell2_X-1_Y1_Z-2_mono1_fix1//test20tig_AVDZ// DONE 4.8798752840715265 7.3245438676480985 8.971985126694959 21.176404278414584 2 0.00011830 -0.00011438 -0.00011510 -0.00000001 0.00023341 0.00024833 0.00023970
shell0_X0_Y0_Z0_mono0_fix1/shell1_X-1_Y-1_Z-1_mono0_fix1/shell2_X-1_Y0_Z-2_mono1_fix1//test20tig_AVDZ// DONE 8.971985427673124 7.324543907536211 4.879875191366439 21.176404526575773 4 0.00011752 -0.00011437 -0.00011511 -0.00000001 0.00023264 0.00024917 0.00023961
shell0_X0_Y0_Z0_mono0_fix1/shell1_X0_Y1_Z-1_mono1_fix1/shell2_X-1_Y0_Z-2_mono1_fix1//test20tig_AVDZ// DONE 4.879875191366439 7.324543907536211 9.035176903288958 21.23959600219161 2 -0.00194696 -0.00234862 -0.00234857 -0.00000001 0.00040162 0.00044295 0.00041906
shell0_X0_Y0_Z0_mono0_fix1/shell1_X-1_Y1_Z-1_mono0_fix1/shell2_X-1_Y1_Z-2_mono1_fix1//test20tig_AVDZ// DONE 9.035177165497888 7.3245438676480985 4.8798752840715265 21.239596317217515 4 -0.00194794 -0.00234869 -0.00234861 -0.00000001 0.00040068 0.00044295 0.00041851
shell0_X0_Y0_Z0_mono0_fix1/shell1_X0_Y1_Z-1_mono1_fix1/shell1_X1_Y0_Z-1_mono1_fix1//test20tig_AVDZ// DONE 4.879875191366439 8.232858625612332 8.16589350495135 21.278627321930124 2 0.00157307 0.00189721 0.00189712 -0.00000001 -0.00032404 -0.00032033 -0.00032247
shell0_X0_Y0_Z0_mono0_fix1/shell1_X0_Y0_Z-1_mono1_fix1/shell1_X-1_Y-1_Z0_mono0_fix1//test20tig_AVDZ// DONE 4.8798752840715265 8.165893982210706 8.232858600601466 21.278627866883696 4 0.00157301 0.00189722 0.00189709 -0.00000001 -0.00032407 -0.00032045 -0.00032254
shell0_X0_Y0_Z0_mono0_fix1/shell1_X0_Y0_Z-1_mono1_fix1/shell1_X1_Y1_Z-1_mono1_fix1//test20tig_AVDZ// DONE 4.8798752840715265 8.232858600601466 8.275279052957368 21.388012937630357 2 -0.00075536 -0.00152514 -0.00152608 -0.00000001 0.00077072 0.00074482 0.00075980
shell0_X0_Y0_Z0_mono0_fix1/shell1_X1_Y0_Z-1_mono1_fix1/shell1_X1_Y-1_Z0_mono0_fix1//test20tig_AVDZ// DONE 8.232858625612332 8.27527950048686 4.879875191366439 21.388013317465628 4 -0.00075528 -0.00152512 -0.00152604 -0.00000001 0.00077078 0.00074478 0.00075981
shell0_X0_Y0_Z0_mono0_fix1/shell1_X-1_Y-1_Z-1_mono0_fix1/shell1_X0_Y0_Z-1_mono0_fix1//test20tig_AVDZ// DONE 8.971985427673124 4.38165304261412 8.165893982210706 21.51953245249795 6 0.00020813 -0.00021211 -0.00021240 -0.00000001 0.00042054 0.00041579 0.00041854
shell0_X0_Y0_Z0_mono0_fix1/shell1_X-1_Y1_Z-1_mono1_fix1/shell2_X0_Y0_Z-2_mono1_fix1//test20tig_AVDZ// DONE 4.689718751012225 7.646690203091247 9.29549001807212 21.63189897217559 2 -0.00083093 -0.00111766 -0.00111899 -0.00000002 0.00028808 0.00030506 0.00029524
shell0_X0_Y0_Z0_mono0_fix1/shell1_X-1_Y0_Z-1_mono1_fix1/shell1_X-1_Y-1_Z1_mono0_fix1//test20tig_AVDZ// DONE 4.689718793492955 9.295490539077504 7.646690156232921 21.63189948880338 4 -0.00083481 -0.00111764 -0.00111885 -0.00000002 0.00028406 0.00030575 0.00029321
shell0_X0_Y0_Z0_mono0_fix1/shell1_X-1_Y1_Z-1_mono0_fix1/shell1_X0_Y0_Z-1_mono0_fix1//test20tig_AVDZ// DONE 9.035177165497888 4.38165304261412 8.27527950048686 21.69210970859887 6 0.00108063 0.00111348 0.00111313 -0.00000001 -0.00003249 -0.00004238 -0.00003666
shell0_X0_Y0_Z0_mono0_fix1/shell1_X-1_Y0_Z-1_mono1_fix1/shell2_X0_Y1_Z-2_mono1_fix1//test20tig_AVDZ// DONE 4.689718793492955 7.646690156232921 9.38737296522935 21.723781914955225 2 -0.00151065 -0.00239712 -0.00239715 -0.00000001 0.00088650 0.00086661 0.00087811
shell0_X0_Y0_Z0_mono0_fix1/shell1_X-1_Y1_Z-1_mono1_fix1/shell1_X-1_Y1_Z1_mono0_fix1//test20tig_AVDZ// DONE 4.689718751012225 9.3873734873741 7.646690203091246 21.72378244147757 4 -0.00151078 -0.00239719 -0.00239720 -0.00000000 0.00088643 0.00086654 0.00087804
shell0_X0_Y0_Z0_mono0_fix1/shell2_X-2_Y1_Z-2_mono1_fix1/shell2_X-1_Y1_Z-2_mono1_fix1//test20tig_AVDZ// DONE 9.573570512557703 7.3245438676480985 4.854291280975464 21.752405661181264 2 -0.00034818 -0.00059929 -0.00060002 -0.00000001 0.00025184 0.00024604 0.00024939
shell0_X0_Y0_Z0_mono0_fix1/shell2_X-2_Y0_Z-2_mono1_fix1/shell2_X-1_Y0_Z-2_mono1_fix1//test20tig_AVDZ// DONE 9.573570545117207 7.324543907536211 4.854291280975464 21.75240573362888 2 0.00094587 0.00142041 0.00142019 -0.00000001 -0.00047431 -0.00048478 -0.00047873
shell0_X0_Y0_Z0_mono0_fix1/shell1_X-1_Y0_Z0_mono0_fix1/shell2_X-2_Y1_Z-2_mono1_fix1//test20tig_AVDZ// DONE 4.854291847385022 9.573570512557703 7.3245438676480985 21.752406227590825 4 0.00094531 0.00142042 0.00142015 -0.00000001 -0.00047483 -0.00048470 -0.00047900
shell0_X0_Y0_Z0_mono0_fix1/shell1_X-1_Y0_Z0_mono0_fix1/shell2_X-2_Y0_Z-2_mono1_fix1//test20tig_AVDZ// DONE 4.854291847385022 9.573570545117207 7.324543907536211 21.752406300038437 4 -0.00034695 -0.00059930 -0.00060003 -0.00000001 0.00025309 0.00024604 0.00025011
shell0_X0_Y0_Z0_mono0_fix1/shell1_X0_Y1_Z-1_mono1_fix1/shell2_X1_Y1_Z-2_mono1_fix1//test20tig_AVDZ// DONE 4.879875191366439 10.272462453065986 6.602801743528848 21.755139387961272 2 -0.00104676 -0.00131071 -0.00131180 -0.00000001 0.00026505 0.00027429 0.00026895
shell0_X0_Y0_Z0_mono0_fix1/shell1_X0_Y0_Z-1_mono1_fix1/shell2_X1_Y0_Z-2_mono1_fix1//test20tig_AVDZ// DONE 4.8798752840715265 10.272462479830054 6.602801743528848 21.755139507430428 2 0.00385195 0.00550215 0.00550202 -0.00000001 -0.00165006 -0.00177144 -0.00170127
shell0_X0_Y0_Z0_mono0_fix1/shell1_X0_Y1_Z-1_mono1_fix1/shell1_X-1_Y0_Z1_mono0_fix1//test20tig_AVDZ// DONE 4.879875191366439 6.602802553139408 10.272462453065986 21.755140197571833 4 0.00385308 0.00550217 0.00550203 -0.00000001 -0.00164894 -0.00177144 -0.00170062
shell0_X0_Y0_Z0_mono0_fix1/shell1_X0_Y0_Z-1_mono1_fix1/shell1_X-1_Y0_Z1_mono0_fix1//test20tig_AVDZ// DONE 4.8798752840715265 6.602802553139408 10.272462479830054 21.75514031704099 4 -0.00104939 -0.00131075 -0.00131182 -0.00000001 0.00026244 0.00027432 0.00026745
shell0_X0_Y0_Z0_mono0_fix1/shell1_X-1_Y-1_Z-1_mono0_fix1/shell1_X0_Y-1_Z-1_mono0_fix1//test20tig_AVDZ// DONE 8.971985427673124 7.94785401225415 4.854291847385022 21.774131287312294 6 0.00156731 0.00208291 0.00208308 -0.00000001 -0.00051576 -0.00049670 -0.00050772
shell0_X0_Y0_Z0_mono0_fix1/shell1_X0_Y1_Z-1_mono1_fix1/shell1_X1_Y0_Z0_mono1_fix1//test20tig_AVDZ// DONE 4.879875191366439 7.937059665509641 8.971985126694959 21.78891998357104 2 -0.00049230 -0.00046687 -0.00046740 -0.00000001 -0.00002489 0.00001379 -0.00000857
shell0_X0_Y0_Z0_mono0_fix1/shell1_X-1_Y-1_Z-1_mono0_fix1/shell1_X0_Y0_Z-1_mono1_fix1//test20tig_AVDZ// DONE 8.971985427673124 4.8798752840715265 7.937059651198265 21.788920362942914 4 -0.00049261 -0.00046688 -0.00046741 -0.00000001 -0.00002519 0.00001383 -0.00000873
shell0_X0_Y0_Z0_mono0_fix1/shell1_X-1_Y1_Z-1_mono0_fix1/shell1_X0_Y1_Z-1_mono0_fix1//test20tig_AVDZ// DONE 9.035177165497888 7.918115177639053 4.854291847385022 21.80758419052196 6 0.00014868 -0.00009801 -0.00009767 -0.00000001 0.00024636 0.00026483 0.00025415
shell0_X0_Y0_Z0_mono0_fix1/shell1_X0_Y0_Z-1_mono0_fix1/shell1_X1_Y1_Z-1_mono0_fix1//test20tig_AVDZ// DONE 4.38165304261412 9.295490539077504 8.165893982210706 21.843037563902328 6 -0.00028081 -0.00044763 -0.00044837 -0.00000002 0.00016758 0.00019498 0.00017914
shell0_X0_Y0_Z0_mono0_fix1/shell1_X0_Y0_Z-1_mono1_fix1/shell1_X1_Y1_Z0_mono1_fix1//test20tig_AVDZ// DONE 4.8798752840715265 7.937059651198265 9.035176903288958 21.85211183855875 2 -0.00036227 -0.00060001 -0.00060033 -0.00000001 0.00023807 0.00022540 0.00023272
shell0_X0_Y0_Z0_mono0_fix1/shell1_X1_Y-1_Z1_mono0_fix1/shell1_X1_Y0_Z0_mono1_fix1//test20tig_AVDZ// DONE 9.035177165497888 7.937059665509641 4.879875191366439 21.852112022373966 4 -0.00036202 -0.00059998 -0.00060029 -0.00000001 0.00023828 0.00022546 0.00023287
shell0_X0_Y0_Z0_mono0_fix1/shell2_X-2_Y1_Z-2_mono1_fix1/shell2_X-2_Y1_Z-1_mono1_fix1//test20tig_AVDZ// DONE 9.573570512557703 7.9370587750867125 4.381652121160035 21.89228140880445 2 0.00058855 0.00078459 0.00078443 -0.00000001 -0.00019587 -0.00022463 -0.00020800
shell0_X0_Y0_Z0_mono0_fix1/shell2_X-2_Y0_Z-2_mono1_fix1/shell2_X-2_Y0_Z-1_mono1_fix1//test20tig_AVDZ// DONE 9.573570545117207 7.937058818163156 4.381652121160035 21.892281484440396 2 -0.00002381 -0.00024537 -0.00024582 -0.00000002 0.00022203 0.00022483 0.00022321
shell0_X0_Y0_Z0_mono0_fix1/shell1_X0_Y0_Z-1_mono0_fix1/shell2_X-2_Y1_Z-2_mono1_fix1//test20tig_AVDZ// DONE 4.38165304261412 9.573570512557703 7.9370587750867125 21.892282330258535 4 -0.00002375 -0.00024541 -0.00024581 -0.00000001 0.00022208 0.00022486 0.00022325
shell0_X0_Y0_Z0_mono0_fix1/shell1_X0_Y0_Z-1_mono0_fix1/shell2_X-2_Y0_Z-2_mono1_fix1//test20tig_AVDZ// DONE 4.38165304261412 9.573570545117207 7.937058818163156 21.892282405894484 4 0.00057620 0.00078460 0.00078443 -0.00000001 -0.00020822 -0.00022468 -0.00021517
shell0_X0_Y0_Z0_mono0_fix1/shell1_X1_Y0_Z-1_mono0_fix1/shell1_X-1_Y0_Z0_mono0_fix1//test20tig_AVDZ// DONE 6.602802553139408 4.854291847385022 10.506825541052299 21.963919941576727 6 0.00072251 0.00154384 0.00154313 -0.00000002 -0.00082061 -0.00083106 -0.00082502
shell0_X0_Y0_Z0_mono0_fix1/shell1_X-1_Y1_Z-1_mono1_fix1/shell2_X-1_Y2_Z-1_mono1_fix1//test20tig_AVDZ// DONE 4.689718751012225 10.479836115247128 6.810810873136547 21.9803657393959 2 -0.00123698 -0.00104788 -0.00104841 -0.00000001 -0.00018856 -0.00019008 -0.00018920
shell0_X0_Y0_Z0_mono0_fix1/shell1_X-1_Y-1_Z-1_mono1_fix1/shell1_X-1_Y0_Z-1_mono1_fix1//test20tig_AVDZ// DONE 10.479836186966654 4.689718793492955 6.810810873136547 21.980365853596155 2 -0.00171241 -0.00195057 -0.00195088 -0.00000001 0.00023848 0.00029435 0.00026205
shell0_X0_Y0_Z0_mono0_fix1/shell1_X0_Y1_Z0_mono0_fix1/shell2_X-1_Y2_Z-1_mono1_fix1//test20tig_AVDZ// DONE 6.810811507043177 10.479836115247128 4.689718751012225 21.98036637330253 4 -0.00171239 -0.00195058 -0.00195090 -0.00000001 0.00023852 0.00029434 0.00026207
shell0_X0_Y0_Z0_mono0_fix1/shell1_X-1_Y0_Z-1_mono1_fix1/shell1_X0_Y1_Z0_mono0_fix1//test20tig_AVDZ// DONE 4.689718793492955 6.810811507043177 10.479836186966654 21.980366487502785 4 -0.00123719 -0.00104785 -0.00104840 -0.00000001 -0.00018878 -0.00019000 -0.00018929
shell0_X0_Y0_Z0_mono0_fix1/shell1_X-1_Y1_Z1_mono0_fix1/shell1_X-1_Y1_Z0_mono0_fix1//test20tig_AVDZ// DONE 9.3873734873741 8.27527950048686 4.38165304261412 22.044306030475077 6 -0.00039882 -0.00106581 -0.00106657 -0.00000000 0.00066775 0.00064109 0.00065651
shell0_X0_Y0_Z0_mono0_fix1/shell1_X0_Y1_Z-1_mono0_fix1/shell1_X1_Y1_Z-1_mono0_fix1//test20tig_AVDZ// DONE 7.918115177639053 9.295490539077504 4.854291847385022 22.067897564101578 6 0.00019637 0.00023681 0.00023550 -0.00000001 -0.00003912 -0.00002534 -0.00003331
shell0_X0_Y0_Z0_mono0_fix1/shell1_X0_Y1_Z-1_mono1_fix1/shell2_X-2_Y1_Z-1_mono1_fix1//test20tig_AVDZ// DONE 4.879875191366439 7.9370587750867125 9.361506629507653 22.178440595960808 2 -0.00157510 -0.00195127 -0.00195108 -0.00000001 0.00037599 0.00043818 0.00040223
shell0_X0_Y0_Z0_mono0_fix1/shell1_X0_Y0_Z-1_mono1_fix1/shell2_X-2_Y0_Z-1_mono1_fix1//test20tig_AVDZ// DONE 4.8798752840715265 7.937058818163156 9.361506629507653 22.178440731742334 2 -0.00023919 -0.00060106 -0.00060108 -0.00000001 0.00036190 0.00034760 0.00035587
shell0_X0_Y0_Z0_mono0_fix1/shell1_X0_Y1_Z-1_mono1_fix1/shell2_X2_Y0_Z0_mono0_fix1//test20tig_AVDZ// DONE 4.879875191366439 9.361506889970098 7.9370587750867125 22.17844085642325 4 -0.00023961 -0.00060104 -0.00060106 -0.00000001 0.00036146 0.00034821 0.00035587
shell0_X0_Y0_Z0_mono0_fix1/shell1_X0_Y0_Z-1_mono1_fix1/shell2_X2_Y0_Z0_mono0_fix1//test20tig_AVDZ// DONE 4.8798752840715265 9.361506889970098 7.937058818163156 22.17844099220478 4 -0.00157507 -0.00195130 -0.00195115 -0.00000001 0.00037609 0.00043818 0.00040228
shell0_X0_Y0_Z0_mono0_fix1/shell1_X0_Y-1_Z-1_mono0_fix1/shell1_X1_Y-1_Z-1_mono0_fix1//test20tig_AVDZ// DONE 7.94785401225415 9.3873734873741 4.854291847385022 22.18951934701327 6 -0.00096116 -0.00168922 -0.00168985 -0.00000001 0.00072870 0.00075172 0.00073841
shell0_X0_Y0_Z0_mono0_fix1/shell1_X-1_Y0_Z-1_mono1_fix1/shell2_X-2_Y1_Z0_mono1_fix1//test20tig_AVDZ// DONE 4.689718793492955 8.232859489005401 9.29549001807212 22.21806830057048 2 -0.00070136 -0.00091845 -0.00091889 -0.00000002 0.00021754 0.00025051 0.00023145
shell0_X0_Y0_Z0_mono0_fix1/shell1_X-1_Y1_Z-1_mono1_fix1/shell1_X1_Y1_Z-1_mono0_fix1//test20tig_AVDZ// DONE 4.689718751012225 9.295490539077504 8.232859518875284 22.21806880896501 4 -0.00069700 -0.00091846 -0.00091890 -0.00000002 0.00022191 0.00024453 0.00023145
shell0_X0_Y0_Z0_mono0_fix1/shell1_X0_Y1_Z-1_mono1_fix1/shell2_X0_Y2_Z-1_mono1_fix1//test20tig_AVDZ// DONE 4.879875191366439 10.552270310097942 6.810810873136547 22.24295637460093 2 -0.00022262 -0.00043167 -0.00043207 -0.00000002 0.00020947 0.00016974 0.00019271
shell0_X0_Y0_Z0_mono0_fix1/shell1_X0_Y-1_Z-1_mono1_fix1/shell1_X0_Y0_Z-1_mono1_fix1//test20tig_AVDZ// DONE 10.552270378746126 4.8798752840715265 6.810810873136547 22.2429565359542 2 0.00254182 0.00373793 0.00373765 -0.00000001 -0.00119582 -0.00126871 -0.00122657
shell0_X0_Y0_Z0_mono0_fix1/shell1_X0_Y1_Z-1_mono1_fix1/shell1_X0_Y-1_Z0_mono0_fix1//test20tig_AVDZ// DONE 4.879875191366439 6.81081150704318 10.55227031009794 22.24295700850756 4 0.00253556 0.00373795 0.00373767 -0.00000002 -0.00120210 -0.00126884 -0.00123025
shell0_X0_Y0_Z0_mono0_fix1/shell1_X0_Y0_Z-1_mono1_fix1/shell1_X0_Y1_Z0_mono0_fix1//test20tig_AVDZ// DONE 4.8798752840715265 6.810811507043177 10.552270378746126 22.24295716986083 4 -0.00022656 -0.00043170 -0.00043210 -0.00000002 0.00020555 0.00017440 0.00019241
shell0_X0_Y0_Z0_mono0_fix1/shell1_X-1_Y1_Z-1_mono1_fix1/shell1_X1_Y1_Z-1_mono1_fix1//test20tig_AVDZ// DONE 4.689718751012225 8.232858600601466 9.361506629507653 22.28408398112134 2 0.00067237 0.00075306 0.00075329 -0.00000000 -0.00008091 -0.00009439 -0.00008660
shell0_X0_Y0_Z0_mono0_fix1/shell1_X-1_Y0_Z-1_mono1_fix1/shell1_X1_Y0_Z-1_mono1_fix1//test20tig_AVDZ// DONE 4.689718793492955 8.232858625612332 9.361506629507653 22.28408404861294 2 0.00032363 0.00011126 0.00011146 -0.00000001 0.00021218 0.00022816 0.00021893
shell0_X0_Y0_Z0_mono0_fix1/shell1_X1_Y1_Z-1_mono1_fix1/shell2_X2_Y0_Z0_mono0_fix1//test20tig_AVDZ// DONE 8.232858600601466 9.361506889970098 4.689718751012225 22.284084241583788 4 0.00032356 0.00011130 0.00011151 -0.00000001 0.00021206 0.00022815 0.00021885
shell0_X0_Y0_Z0_mono0_fix1/shell1_X-1_Y0_Z-1_mono1_fix1/shell2_X-2_Y0_Z0_mono0_fix1//test20tig_AVDZ// DONE 4.689718793492955 9.361506889970098 8.232858625612332 22.284084309075382 4 0.00067256 0.00075304 0.00075328 -0.00000001 -0.00008071 -0.00009457 -0.00008656
shell0_X0_Y0_Z0_mono0_fix1/shell1_X-1_Y0_Z0_mono0_fix1/shell2_X-1_Y0_Z-2_mono0_fix1//test20tig_AVDZ// DONE 4.854291847385022 9.153763844015145 8.293258355384793 22.30131404678496 6 0.00044967 0.00054188 0.00054195 -0.00000002 -0.00009226 -0.00005140 -0.00007502
shell0_X0_Y0_Z0_mono0_fix1/shell1_X-1_Y1_Z-1_mono1_fix1/shell2_X-2_Y0_Z0_mono1_fix1//test20tig_AVDZ// DONE 4.689718751012225 8.232859518875284 9.38737296522935 22.30995123511686 2 -0.00148288 -0.00236339 -0.00236400 -0.00000000 0.00088112 0.00089895 0.00088864
shell0_X0_Y0_Z0_mono0_fix1/shell1_X-1_Y0_Z-1_mono1_fix1/shell1_X1_Y-1_Z-1_mono0_fix1//test20tig_AVDZ// DONE 4.689718793492955 9.3873734873741 8.232859489005401 22.309951769872455 4 -0.00148282 -0.00236343 -0.00236406 -0.00000000 0.00088125 0.00089882 0.00088866
shell0_X0_Y0_Z0_mono0_fix1/shell1_X-1_Y1_Z0_mono1_fix1/shell2_X0_Y1_Z-2_mono1_fix1//test20tig_AVDZ// DONE 4.879876784204481 7.646690156232921 9.807804358429697 22.334371298867097 2 -0.00182187 -0.00202872 -0.00202981 -0.00000001 0.00020795 0.00029728 0.00024564
shell0_X0_Y0_Z0_mono0_fix1/shell1_X-1_Y0_Z0_mono1_fix1/shell2_X0_Y0_Z-2_mono1_fix1//test20tig_AVDZ// DONE 4.879876783261088 7.646690203091247 9.807804358429697 22.334371344782035 2 -0.00221399 -0.00276618 -0.00276628 -0.00000001 0.00055230 0.00057728 0.00056284
shell0_X0_Y0_Z0_mono0_fix1/shell2_X0_Y1_Z-2_mono1_fix1/shell2_X1_Y0_Z-2_mono0_fix1//test20tig_AVDZ// DONE 7.646690156232921 9.80780491502408 4.879876784204481 22.33437185546148 4 -0.00221442 -0.00276624 -0.00276634 -0.00000001 0.00055193 0.00057739 0.00056267
shell0_X0_Y0_Z0_mono0_fix1/shell1_X-1_Y0_Z0_mono1_fix1/shell2_X-1_Y0_Z2_mono0_fix1//test20tig_AVDZ// DONE 4.879876783261088 9.80780491502408 7.646690203091246 22.334371901376414 4 -0.00182147 -0.00202871 -0.00202980 -0.00000001 0.00020835 0.00029730 0.00024587
shell0_X0_Y0_Z0_mono0_fix1/shell1_X-1_Y1_Z-1_mono1_fix1/shell1_X1_Y1_Z0_mono1_fix1//test20tig_AVDZ// DONE 4.689718751012225 7.937059651198265 9.903259030824282 22.53003743303477 2 -0.00031736 -0.00026969 -0.00026980 -0.00000001 -0.00004755 -0.00001553 -0.00003404
shell0_X0_Y0_Z0_mono0_fix1/shell1_X-1_Y1_Z-1_mono1_fix1/shell2_X-2_Y0_Z-1_mono0_fix1//test20tig_AVDZ// DONE 4.689718751012225 9.903259070833585 7.937059651198265 22.530037473044075 4 0.00036065 0.00025916 0.00025800 -0.00000001 0.00010266 0.00011335 0.00010717
shell0_X0_Y0_Z0_mono0_fix1/shell1_X-1_Y0_Z-1_mono1_fix1/shell1_X1_Y0_Z0_mono1_fix1//test20tig_AVDZ// DONE 4.689718793492955 7.937059665509641 9.903259030824282 22.530037489826878 2 0.00035064 0.00025911 0.00025795 -0.00000001 0.00009270 0.00011333 0.00010141
shell0_X0_Y0_Z0_mono0_fix1/shell1_X-1_Y0_Z-1_mono1_fix1/shell2_X-2_Y0_Z-1_mono0_fix1//test20tig_AVDZ// DONE 4.689718793492955 9.903259070833585 7.937059665509641 22.53003752983618 4 -0.00031725 -0.00026971 -0.00026983 -0.00000001 -0.00004741 -0.00001549 -0.00003394
shell0_X0_Y0_Z0_mono0_fix1/shell2_X-1_Y1_Z-2_mono1_fix1/shell3_X-1_Y1_Z-3_mono1_fix1//test20tig_AVDZ// DONE 7.3245438676480985 10.88405459527898 4.381652121160035 22.590250584087112 2 0.00003910 -0.00009449 -0.00009444 -0.00000001 0.00013355 0.00009937 0.00011913
shell0_X0_Y0_Z0_mono0_fix1/shell2_X-1_Y0_Z-2_mono1_fix1/shell3_X-1_Y0_Z-3_mono1_fix1//test20tig_AVDZ// DONE 7.324543907536211 10.88405462313503 4.381652121160035 22.590250651831276 2 -0.00000959 0.00016504 0.00016475 -0.00000001 -0.00017433 -0.00021114 -0.00018986
shell0_X0_Y0_Z0_mono0_fix1/shell1_X0_Y0_Z-1_mono0_fix1/shell3_X-1_Y1_Z-3_mono1_fix1//test20tig_AVDZ// DONE 4.38165304261412 10.88405459527898 7.3245438676480985 22.5902515055412 4 -0.00001118 0.00016507 0.00016475 -0.00000001 -0.00017592 -0.00021113 -0.00019078
shell0_X0_Y0_Z0_mono0_fix1/shell1_X0_Y0_Z-1_mono0_fix1/shell3_X-1_Y0_Z-3_mono1_fix1//test20tig_AVDZ// DONE 4.38165304261412 10.88405462313503 7.324543907536211 22.59025157328536 4 0.00003874 -0.00009450 -0.00009445 -0.00000001 0.00013321 0.00009928 0.00011890
shell0_X0_Y0_Z0_mono0_fix1/shell2_X0_Y1_Z-2_mono1_fix1/shell2_X1_Y1_Z-2_mono1_fix1//test20tig_AVDZ// DONE 7.646690156232921 10.272462453065986 4.854291280975464 22.77344389027437 2 -0.00003914 -0.00016326 -0.00016398 -0.00000001 0.00012485 0.00014288 0.00013246
shell0_X0_Y0_Z0_mono0_fix1/shell2_X0_Y0_Z-2_mono1_fix1/shell2_X1_Y0_Z-2_mono1_fix1//test20tig_AVDZ// DONE 7.646690203091247 10.272462479830054 4.854291280975464 22.773443963896764 2 -0.00039972 -0.00062196 -0.00062216 -0.00000001 0.00022245 0.00022248 0.00022246
shell0_X0_Y0_Z0_mono0_fix1/shell1_X-1_Y0_Z0_mono0_fix1/shell2_X0_Y1_Z-2_mono1_fix1//test20tig_AVDZ// DONE 4.854291847385022 7.646690156232921 10.272462453065986 22.773444456683926 4 -0.00039967 -0.00062197 -0.00062219 -0.00000001 0.00022253 0.00022247 0.00022251
shell0_X0_Y0_Z0_mono0_fix1/shell1_X-1_Y0_Z0_mono0_fix1/shell2_X0_Y0_Z-2_mono1_fix1//test20tig_AVDZ// DONE 4.854291847385022 7.646690203091247 10.272462479830054 22.77344453030632 4 -0.00003849 -0.00016324 -0.00016395 -0.00000001 0.00012547 0.00014285 0.00013280
shell0_X0_Y0_Z0_mono0_fix1/shell1_X-1_Y1_Z0_mono1_fix1/shell2_X-1_Y0_Z-2_mono1_fix1//test20tig_AVDZ// DONE 4.879876784204481 7.324543907536211 10.597767545050122 22.802188236790812 2 0.00119308 0.00112163 0.00112199 -0.00000001 0.00007110 -0.00001247 0.00003585
shell0_X0_Y0_Z0_mono0_fix1/shell1_X-1_Y0_Z0_mono1_fix1/shell2_X0_Y-1_Z2_mono0_fix1//test20tig_AVDZ// DONE 4.879876783261088 10.597767900119495 7.3245438676480985 22.80218855102868 4 0.00118688 0.00112165 0.00112203 -0.00000002 0.00006486 -0.00001281 0.00003210
shell0_X0_Y0_Z0_mono0_fix1/shell1_X-1_Y0_Z0_mono1_fix1/shell2_X-1_Y1_Z-2_mono1_fix1//test20tig_AVDZ// DONE 4.879876783261088 7.3245438676480985 10.621615275561464 22.826035926470652 2 -0.00152369 -0.00198966 -0.00198981 -0.00000001 0.00046613 0.00051115 0.00048512
shell0_X0_Y0_Z0_mono0_fix1/shell1_X-1_Y1_Z0_mono1_fix1/shell2_X0_Y1_Z2_mono0_fix1//test20tig_AVDZ// DONE 4.879876784204481 10.621615668329172 7.324543907536211 22.826036360069864 4 -0.00150887 -0.00198974 -0.00198987 -0.00000001 0.00048102 0.00051153 0.00049389
shell0_X0_Y0_Z0_mono0_fix1/shell1_X1_Y1_Z-1_mono1_fix1/shell2_X1_Y1_Z-2_mono1_fix1//test20tig_AVDZ// DONE 8.232858600601466 10.272462453065986 4.381652121160035 22.886973174827485 2 0.00025618 0.00015964 0.00015907 -0.00000001 0.00009712 0.00006223 0.00008240
shell0_X0_Y0_Z0_mono0_fix1/shell1_X1_Y0_Z-1_mono1_fix1/shell2_X1_Y0_Z-2_mono1_fix1//test20tig_AVDZ// DONE 8.232858625612332 10.272462479830054 4.381652121160035 22.886973226602418 2 -0.00040473 -0.00072218 -0.00072137 -0.00000001 0.00031666 0.00033412 0.00032402
shell0_X0_Y0_Z0_mono0_fix1/shell1_X0_Y0_Z-1_mono0_fix1/shell2_X1_Y1_Z-2_mono1_fix1//test20tig_AVDZ// DONE 4.38165304261412 10.272462453065986 8.232858600601466 22.88697409628157 4 -0.00040570 -0.00072220 -0.00072137 -0.00000001 0.00031568 0.00033452 0.00032363
shell0_X0_Y0_Z0_mono0_fix1/shell1_X0_Y0_Z-1_mono0_fix1/shell2_X1_Y0_Z-2_mono1_fix1//test20tig_AVDZ// DONE 4.38165304261412 10.272462479830054 8.232858625612332 22.886974148056506 4 0.00025612 0.00015967 0.00015909 -0.00000001 0.00009703 0.00006222 0.00008235
shell0_X0_Y0_Z0_mono0_fix1/shell1_X0_Y0_Z-1_mono0_fix1/shell2_X0_Y1_Z-2_mono0_fix1//test20tig_AVDZ// DONE 4.38165304261412 10.597767900119495 7.918115177639053 22.897536120372667 6 -0.00049765 -0.00055788 -0.00055775 -0.00000001 0.00006010 0.00007429 0.00006609
shell0_X0_Y0_Z0_mono0_fix1/shell1_X0_Y1_Z0_mono1_fix1/shell2_X0_Y0_Z-2_mono1_fix1//test20tig_AVDZ// DONE 4.689720349898127 7.646690203091247 10.597767545050122 22.934178098039496 2 -0.00078831 -0.00087768 -0.00087774 -0.00000001 0.00008944 0.00007321 0.00008259
shell0_X0_Y0_Z0_mono0_fix1/shell0_X0_Y0_Z0_mono1_fix1/shell2_X0_Y-1_Z2_mono0_fix1//test20tig_AVDZ// DONE 4.689720404504576 10.597767900119495 7.646690156232921 22.93417846085699 4 -0.00078911 -0.00087769 -0.00087775 -0.00000001 0.00008866 0.00007357 0.00008229
shell0_X0_Y0_Z0_mono0_fix1/shell1_X0_Y-1_Z-1_mono0_fix1/shell1_X0_Y0_Z1_mono0_fix1//test20tig_AVDZ// DONE 7.94785401225415 4.381653042614121 10.621615668329172 22.951122723197443 6 -0.00002326 0.00010085 0.00010087 -0.00000001 -0.00012412 -0.00014485 -0.00013287
shell0_X0_Y0_Z0_mono0_fix1/shell1_X-1_Y0_Z0_mono0_fix1/shell2_X0_Y0_Z-2_mono0_fix1//test20tig_AVDZ// DONE 4.854291847385022 8.293258355384793 9.80780491502408 22.955355117793893 6 0.00006372 -0.00018610 -0.00018619 -0.00000001 0.00024992 0.00025441 0.00025182
shell0_X0_Y0_Z0_mono0_fix1/shell0_X0_Y0_Z0_mono1_fix1/shell2_X0_Y1_Z-2_mono1_fix1//test20tig_AVDZ// DONE 4.689720404504576 7.646690156232921 10.621615275561464 22.95802583629896 2 -0.00056404 -0.00056359 -0.00056392 -0.00000001 -0.00000011 0.00004264 0.00001793
shell0_X0_Y0_Z0_mono0_fix1/shell1_X0_Y1_Z0_mono1_fix1/shell2_X0_Y1_Z2_mono0_fix1//test20tig_AVDZ// DONE 4.689720349898127 10.621615668329172 7.646690203091246 22.958026221318544 4 -0.00058144 -0.00056358 -0.00056392 -0.00000001 -0.00001751 0.00004254 0.00000782
shell0_X0_Y0_Z0_mono0_fix1/shell1_X-1_Y1_Z-1_mono1_fix1/shell2_X-1_Y2_Z0_mono1_fix1//test20tig_AVDZ// DONE 4.689718751012225 10.55227099737296 7.9181146796042725 23.160104427989456 2 -0.00024922 -0.00039228 -0.00039268 -0.00000001 0.00014347 0.00017078 0.00015499
shell0_X0_Y0_Z0_mono0_fix1/shell1_X-1_Y0_Z-1_mono1_fix1/shell1_X0_Y1_Z-1_mono0_fix1//test20tig_AVDZ// DONE 4.689718793492955 7.918115177639053 10.552271056865095 23.160105027997105 4 -0.00024813 -0.00039231 -0.00039265 -0.00000001 0.00014453 0.00017087 0.00015564
shell0_X0_Y0_Z0_mono0_fix1/shell1_X-1_Y0_Z-1_mono1_fix1/shell1_X-1_Y-1_Z0_mono1_fix1//test20tig_AVDZ// DONE 4.689718793492955 10.552271056865095 7.947853458977189 23.189843309335238 2 -0.00070851 -0.00106362 -0.00106347 -0.00000001 0.00035497 0.00039077 0.00037007
shell0_X0_Y0_Z0_mono0_fix1/shell1_X-1_Y1_Z-1_mono1_fix1/shell1_X0_Y-1_Z-1_mono0_fix1//test20tig_AVDZ// DONE 4.689718751012225 7.94785401225415 10.55227099737296 23.189843760639334 4 -0.00070825 -0.00106361 -0.00106345 -0.00000001 0.00035522 0.00039065 0.00037017
shell0_X0_Y0_Z0_mono0_fix1/shell1_X-1_Y0_Z-1_mono1_fix1/shell2_X-2_Y1_Z-2_mono1_fix1//test20tig_AVDZ// DONE 4.689718793492955 9.573570512557703 8.971985126694959 23.23527443274562 2 0.00041148 0.00052458 0.00052384 -0.00000001 -0.00011235 -0.00004473 -0.00008382
shell0_X0_Y0_Z0_mono0_fix1/shell1_X-1_Y1_Z-1_mono1_fix1/shell1_X1_Y1_Z1_mono0_fix1//test20tig_AVDZ// DONE 4.689718751012225 8.971985427673124 9.573570545117207 23.235274723802554 4 0.00041186 0.00052461 0.00052386 -0.00000001 -0.00011199 -0.00004453 -0.00008353
shell0_X0_Y0_Z0_mono0_fix1/shell2_X0_Y1_Z-2_mono1_fix1/shell3_X0_Y1_Z-3_mono1_fix1//test20tig_AVDZ// DONE 7.646690156232921 11.227186363707675 4.381652121160035 23.25552864110063 2 0.00000401 -0.00011460 -0.00011469 -0.00000002 0.00011872 0.00007468 0.00010014
shell0_X0_Y0_Z0_mono0_fix1/shell2_X0_Y0_Z-2_mono1_fix1/shell3_X0_Y0_Z-3_mono1_fix1//test20tig_AVDZ// DONE 7.646690203091247 11.22718639110945 4.381652121160035 23.255528715360732 2 0.00001791 0.00055954 0.00055954 -0.00000001 -0.00054162 -0.00051542 -0.00053057
shell0_X0_Y0_Z0_mono0_fix1/shell1_X0_Y0_Z-1_mono0_fix1/shell3_X0_Y1_Z-3_mono1_fix1//test20tig_AVDZ// DONE 4.38165304261412 11.227186363707675 7.646690156232921 23.255529562554717 4 0.00001962 0.00055953 0.00055952 -0.00000001 -0.00053989 -0.00051548 -0.00052959
shell0_X0_Y0_Z0_mono0_fix1/shell1_X0_Y0_Z-1_mono0_fix1/shell3_X0_Y0_Z-3_mono1_fix1//test20tig_AVDZ// DONE 4.38165304261412 11.22718639110945 7.646690203091247 23.255529636814817 4 0.00000437 -0.00011460 -0.00011470 -0.00000001 0.00011908 0.00007468 0.00010035
shell0_X0_Y0_Z0_mono0_fix1/shell1_X0_Y1_Z-1_mono1_fix1/shell2_X0_Y2_Z0_mono1_fix1//test20tig_AVDZ// DONE 4.879875191366439 10.479836785889324 7.9181146796042725 23.277826656860036 2 0.00122777 0.00097566 0.00097567 -0.00000001 0.00025211 0.00017892 0.00022123
shell0_X0_Y0_Z0_mono0_fix1/shell1_X0_Y0_Z-1_mono1_fix1/shell1_X0_Y1_Z-1_mono0_fix1//test20tig_AVDZ// DONE 4.8798752840715265 7.918115177639053 10.479836843290185 23.277827305000763 4 0.00122953 0.00097568 0.00097568 -0.00000001 0.00025386 0.00017772 0.00022174
shell0_X0_Y0_Z0_mono0_fix1/shell1_X-1_Y1_Z-1_mono1_fix1/shell2_X-2_Y0_Z-2_mono1_fix1//test20tig_AVDZ// DONE 4.689718751012225 9.573570545117207 9.035176903288958 23.298466199418392 2 0.00094836 0.00105794 0.00105769 -0.00000001 -0.00010932 -0.00015682 -0.00012936
shell0_X0_Y0_Z0_mono0_fix1/shell1_X-1_Y0_Z-1_mono1_fix1/shell1_X1_Y-1_Z1_mono0_fix1//test20tig_AVDZ// DONE 4.689718793492955 9.035177165497888 9.573570512557703 23.298466471548544 4 0.00094828 0.00105797 0.00105771 -0.00000001 -0.00010942 -0.00015683 -0.00012942
shell0_X0_Y0_Z0_mono0_fix1/shell1_X0_Y0_Z-1_mono1_fix1/shell1_X0_Y-1_Z0_mono1_fix1//test20tig_AVDZ// DONE 4.8798752840715265 10.479836843290181 7.947853458977189 23.307565586338896 2 0.00236366 0.00308468 0.00308448 -0.00000001 -0.00072081 -0.00076638 -0.00074003
shell0_X0_Y0_Z0_mono0_fix1/shell1_X0_Y-1_Z-1_mono0_fix1/shell1_X0_Y1_Z-1_mono1_fix1//test20tig_AVDZ// DONE 7.94785401225415 4.879875191366439 10.479836785889324 23.30756598950991 4 0.00236506 0.00308469 0.00308447 -0.00000001 -0.00071940 -0.00076636 -0.00073921
shell0_X0_Y0_Z0_mono0_fix1/shell0_X0_Y0_Z0_mono1_fix1/shell2_X-1_Y1_Z-2_mono1_fix1//test20tig_AVDZ// DONE 4.689720404504576 7.3245438676480985 11.294246105787236 23.30851037793991 2 0.00073717 0.00119009 0.00119000 -0.00000001 -0.00045282 -0.00046913 -0.00045970
shell0_X0_Y0_Z0_mono0_fix1/shell1_X0_Y1_Z0_mono1_fix1/shell2_X1_Y1_Z2_mono0_fix1//test20tig_AVDZ// DONE 4.689720349898127 11.29424631152965 7.324543907536211 23.308510568963985 4 0.00073876 0.00119012 0.00119009 -0.00000001 -0.00045131 -0.00047151 -0.00045983
shell0_X0_Y0_Z0_mono0_fix1/shell1_X0_Y1_Z0_mono1_fix1/shell2_X-1_Y0_Z-2_mono1_fix1//test20tig_AVDZ// DONE 4.689720349898127 7.324543907536211 11.316443371727567 23.330707629161907 2 -0.00051211 -0.00070654 -0.00070687 -0.00000001 0.00019477 0.00018097 0.00018895
shell0_X0_Y0_Z0_mono0_fix1/shell0_X0_Y0_Z0_mono1_fix1/shell2_X1_Y-1_Z2_mono0_fix1//test20tig_AVDZ// DONE 4.689720404504576 11.31644354548893 7.3245438676480985 23.330707817641606 4 -0.00051329 -0.00070654 -0.00070693 -0.00000001 0.00019365 0.00018230 0.00018886
shell0_X0_Y0_Z0_mono0_fix1/shell1_X-1_Y0_Z-1_mono1_fix1/shell1_X0_Y-1_Z-1_mono1_fix1//test20tig_AVDZ// DONE 4.689718793492955 10.552270378746126 8.16589350495135 23.40788267719043 2 0.00030910 0.00033337 0.00033257 -0.00000001 -0.00002345 -0.00005494 -0.00003674
shell0_X0_Y0_Z0_mono0_fix1/shell1_X-1_Y1_Z-1_mono1_fix1/shell1_X-1_Y-1_Z0_mono0_fix1//test20tig_AVDZ// DONE 4.689718751012225 8.165893982210706 10.55227031009794 23.407883043320872 4 0.00030777 0.00033333 0.00033253 -0.00000001 -0.00002474 -0.00005491 -0.00003747
shell0_X0_Y0_Z0_mono0_fix1/shell1_X-1_Y1_Z-1_mono1_fix1/shell2_X0_Y2_Z-1_mono1_fix1//test20tig_AVDZ// DONE 4.689718751012225 10.552270310097942 8.275279052957368 23.517268114067534 2 -0.00020273 -0.00032970 -0.00032924 -0.00000001 0.00012652 0.00011825 0.00012303
shell0_X0_Y0_Z0_mono0_fix1/shell1_X-1_Y0_Z-1_mono1_fix1/shell1_X-1_Y1_Z0_mono0_fix1//test20tig_AVDZ// DONE 4.689718793492955 8.27527950048686 10.552270378746126 23.51726867272594 4 -0.00020232 -0.00032968 -0.00032922 -0.00000001 0.00012692 0.00011888 0.00012353
shell0_X0_Y0_Z0_mono0_fix1/shell1_X0_Y1_Z-1_mono1_fix1/shell2_X-1_Y2_Z-1_mono1_fix1//test20tig_AVDZ// DONE 4.879875191366439 10.479836115247128 8.16589350495135 23.525604811564918 2 0.00146318 0.00140876 0.00140881 -0.00000002 0.00005438 -0.00003210 0.00001790
shell0_X0_Y0_Z0_mono0_fix1/shell1_X0_Y0_Z-1_mono1_fix1/shell1_X1_Y1_Z0_mono0_fix1//test20tig_AVDZ// DONE 4.8798752840715265 8.165893982210706 10.479836186966654 23.525605453248886 4 0.00146308 0.00140876 0.00140884 -0.00000001 0.00005425 -0.00003190 0.00001791
shell0_X0_Y0_Z0_mono0_fix1/shell1_X-1_Y1_Z0_mono1_fix1/shell2_X-2_Y1_Z-2_mono1_fix1//test20tig_AVDZ// DONE 4.879876784204481 9.573570512557703 9.153763740124077 23.607211036886262 2 0.00002917 0.00000502 0.00000472 -0.00000002 0.00002447 0.00001621 0.00002098
shell0_X0_Y0_Z0_mono0_fix1/shell1_X-1_Y0_Z0_mono1_fix1/shell2_X-2_Y0_Z-2_mono1_fix1//test20tig_AVDZ// DONE 4.879876783261088 9.573570545117207 9.153763740124077 23.607211068502373 2 0.00077049 0.00093185 0.00093102 -0.00000002 -0.00016052 -0.00016799 -0.00016367
shell0_X0_Y0_Z0_mono0_fix1/shell2_X-2_Y1_Z-2_mono1_fix1/shell2_X-1_Y0_Z-2_mono0_fix1//test20tig_AVDZ// DONE 9.573570512557703 9.153763844015145 4.879876784204481 23.607211140777327 4 0.00077061 0.00093187 0.00093101 -0.00000001 -0.00016039 -0.00016805 -0.00016362
shell0_X0_Y0_Z0_mono0_fix1/shell1_X-1_Y0_Z0_mono1_fix1/shell2_X1_Y0_Z2_mono0_fix1//test20tig_AVDZ// DONE 4.879876783261088 9.153763844015145 9.573570545117207 23.60721117239344 4 0.00002972 0.00000501 0.00000471 -0.00000002 0.00002503 0.00001605 0.00002124
shell0_X0_Y0_Z0_mono0_fix1/shell1_X0_Y1_Z-1_mono1_fix1/shell2_X-2_Y1_Z0_mono1_fix1//test20tig_AVDZ// DONE 4.879875191366439 8.232859489005401 10.506825110816445 23.619559791188287 2 -0.00199211 -0.00251169 -0.00251154 -0.00000001 0.00051944 0.00058521 0.00054719
shell0_X0_Y0_Z0_mono0_fix1/shell1_X0_Y0_Z-1_mono1_fix1/shell2_X-2_Y0_Z0_mono1_fix1//test20tig_AVDZ// DONE 4.8798752840715265 8.232859518875284 10.506825110816445 23.619559913763254 2 -0.00170860 -0.00188767 -0.00188798 -0.00000002 0.00017939 0.00023137 0.00020132
shell0_X0_Y0_Z0_mono0_fix1/shell1_X0_Y1_Z-1_mono1_fix1/shell2_X2_Y0_Z-1_mono0_fix1//test20tig_AVDZ// DONE 4.879875191366439 10.506825541052299 8.232859489005401 23.619560221424138 4 -0.00170854 -0.00188769 -0.00188800 -0.00000002 0.00017948 0.00023127 0.00020133
shell0_X0_Y0_Z0_mono0_fix1/shell1_X0_Y0_Z-1_mono1_fix1/shell2_X2_Y0_Z-1_mono0_fix1//test20tig_AVDZ// DONE 4.8798752840715265 10.506825541052299 8.232859518875284 23.619560343999108 4 -0.00198941 -0.00251171 -0.00251156 -0.00000001 0.00052216 0.00058148 0.00054719
shell0_X0_Y0_Z0_mono0_fix1/shell1_X-1_Y-1_Z-1_mono1_fix1/shell1_X0_Y0_Z-1_mono1_fix1//test20tig_AVDZ// DONE 10.479836186966654 4.8798752840715265 8.275279052957368 23.634990523995548 2 0.00207062 0.00238120 0.00238196 -0.00000001 -0.00031132 -0.00037422 -0.00033786
shell0_X0_Y0_Z0_mono0_fix1/shell1_X0_Y1_Z-1_mono1_fix1/shell1_X1_Y-1_Z0_mono0_fix1//test20tig_AVDZ// DONE 4.879875191366439 8.27527950048686 10.479836115247128 23.63499080710043 4 0.00207795 0.00238119 0.00238192 -0.00000001 -0.00030396 -0.00037420 -0.00033359
shell0_X0_Y0_Z0_mono0_fix1/shell1_X0_Y0_Z-1_mono0_fix1/shell2_X-2_Y0_Z-1_mono0_fix1//test20tig_AVDZ// DONE 4.38165304261412 9.903259070833585 9.361506889970098 23.646419003417805 6 0.00038655 0.00037189 0.00037180 -0.00000000 0.00001476 0.00000176 0.00000927
shell0_X0_Y0_Z0_mono0_fix1/shell1_X-1_Y1_Z-1_mono1_fix1/shell3_X-1_Y1_Z-3_mono1_fix1//test20tig_AVDZ// DONE 4.689718751012225 10.88405459527898 8.293257900440306 23.86703124673151 2 -0.00027515 -0.00040109 -0.00040098 -0.00000001 0.00012584 0.00010931 0.00011886
shell0_X0_Y0_Z0_mono0_fix1/shell1_X-1_Y0_Z-1_mono1_fix1/shell3_X-1_Y0_Z-3_mono1_fix1//test20tig_AVDZ// DONE 4.689718793492955 10.88405462313503 8.293257900440306 23.867031317068292 2 0.00038259 0.00064814 0.00064729 -0.00000002 -0.00026468 -0.00022935 -0.00024977
shell0_X0_Y0_Z0_mono0_fix1/shell1_X-1_Y1_Z-1_mono1_fix1/shell2_X0_Y0_Z2_mono0_fix1//test20tig_AVDZ// DONE 4.689718751012225 8.293258355384795 10.88405459527898 23.867031701675998 4 0.00038412 0.00064818 0.00064735 -0.00000001 -0.00026321 -0.00022923 -0.00024888
shell0_X0_Y0_Z0_mono0_fix1/shell2_X0_Y0_Z-2_mono0_fix1/shell3_X-1_Y0_Z-3_mono1_fix1//test20tig_AVDZ// DONE 8.293258355384793 10.88405462313503 4.689718793492955 23.867031772012776 4 -0.00028090 -0.00040112 -0.00040087 -0.00000001 0.00011998 0.00010908 0.00011538
shell0_X0_Y0_Z0_mono0_fix1/shell1_X-1_Y0_Z-1_mono1_fix1/shell1_X0_Y-1_Z0_mono1_fix1//test20tig_AVDZ// DONE 4.689718793492955 10.479836843290181 8.971985126694959 24.141540763478098 2 -0.00026617 -0.00042257 -0.00042272 -0.00000000 0.00015656 0.00015721 0.00015683
shell0_X0_Y0_Z0_mono0_fix1/shell1_X-1_Y-1_Z-1_mono0_fix1/shell1_X-1_Y1_Z-1_mono1_fix1//test20tig_AVDZ// DONE 8.971985427673124 4.689718751012225 10.479836785889324 24.141540964574673 4 -0.00026619 -0.00042259 -0.00042289 -0.00000001 0.00015671 0.00015694 0.00015680
shell0_X0_Y0_Z0_mono0_fix1/shell1_X-1_Y1_Z-1_mono1_fix1/shell2_X0_Y2_Z0_mono1_fix1//test20tig_AVDZ// DONE 4.689718751012225 10.479836785889324 9.035176903288958 24.204732440190504 2 -0.00052401 -0.00082233 -0.00082239 -0.00000001 0.00029839 0.00029604 0.00029740
shell0_X0_Y0_Z0_mono0_fix1/shell1_X1_Y-1_Z1_mono0_fix1/shell1_X0_Y-1_Z0_mono1_fix1//test20tig_AVDZ// DONE 9.035177165497888 10.479836843290181 4.689718793492955 24.204732802281026 4 -0.00052678 -0.00082234 -0.00082249 -0.00000001 0.00029572 0.00029600 0.00029584
shell0_X0_Y0_Z0_mono0_fix1/shell1_X0_Y0_Z-1_mono1_fix1/shell2_X-2_Y1_Z-1_mono1_fix1//test20tig_AVDZ// DONE 4.8798752840715265 7.9370587750867125 11.431705622063314 24.248639681221555 2 0.00106935 0.00110627 0.00110619 -0.00000001 -0.00003683 -0.00010129 -0.00006402
shell0_X0_Y0_Z0_mono0_fix1/shell1_X0_Y1_Z-1_mono1_fix1/shell2_X2_Y1_Z0_mono0_fix1//test20tig_AVDZ// DONE 4.879875191366439 11.43170590071705 7.937058818163156 24.248639910246645 4 0.00106942 0.00110628 0.00110619 -0.00000001 -0.00003677 -0.00010145 -0.00006405
shell0_X0_Y0_Z0_mono0_fix1/shell1_X0_Y0_Z-1_mono0_fix1/shell2_X-2_Y0_Z0_mono0_fix1//test20tig_AVDZ// DONE 4.38165304261412 9.361506889970098 10.506825541052299 24.249985473636517 6 0.00029500 0.00015069 0.00015061 -0.00000002 0.00014441 0.00010041 0.00012584
shell0_X0_Y0_Z0_mono0_fix1/shell1_X-1_Y1_Z0_mono1_fix1/shell2_X0_Y0_Z-2_mono1_fix1//test20tig_AVDZ// DONE 4.879876784204481 7.646690203091247 11.801089420744178 24.327656408039907 2 0.00083002 0.00084666 0.00084637 -0.00000001 -0.00001633 -0.00005573 -0.00003295
shell0_X0_Y0_Z0_mono0_fix1/shell1_X-1_Y0_Z0_mono1_fix1/shell2_X-1_Y-1_Z2_mono0_fix1//test20tig_AVDZ// DONE 4.879876783261088 11.801089846871278 7.646690156232921 24.32765678636529 4 0.00083017 0.00084665 0.00084636 -0.00000001 -0.00001618 -0.00005568 -0.00003285
shell0_X0_Y0_Z0_mono0_fix1/shell1_X0_Y1_Z-1_mono1_fix1/shell2_X-2_Y0_Z-1_mono1_fix1//test20tig_AVDZ// DONE 4.879875191366439 7.937058818163156 11.511985037242072 24.328919046771667 2 -0.00035074 -0.00034500 -0.00034480 -0.00000001 -0.00000594 -0.00001541 -0.00000993
shell0_X0_Y0_Z0_mono0_fix1/shell1_X0_Y0_Z-1_mono1_fix1/shell2_X2_Y-1_Z0_mono0_fix1//test20tig_AVDZ// DONE 4.8798752840715265 11.511985300913402 7.9370587750867125 24.32891936007164 4 -0.00034963 -0.00034504 -0.00034486 -0.00000001 -0.00000477 -0.00001593 -0.00000948
shell0_X0_Y0_Z0_mono0_fix1/shell1_X-1_Y1_Z-1_mono1_fix1/shell1_X1_Y0_Z-1_mono1_fix1//test20tig_AVDZ// DONE 4.689718751012225 8.232858625612332 11.431705622063314 24.35428299868787 2 -0.00056380 -0.00071099 -0.00071120 -0.00000001 0.00014741 0.00016238 0.00015372
shell0_X0_Y0_Z0_mono0_fix1/shell1_X1_Y1_Z-1_mono1_fix1/shell2_X2_Y1_Z0_mono0_fix1//test20tig_AVDZ// DONE 8.232858600601466 11.43170590071705 4.689718793492955 24.35428329481147 4 -0.00056382 -0.00071098 -0.00071121 -0.00000001 0.00014740 0.00016241 0.00015373
shell0_X0_Y0_Z0_mono0_fix1/shell1_X0_Y1_Z-1_mono1_fix1/shell2_X-2_Y1_Z-2_mono1_fix1//test20tig_AVDZ// DONE 4.879875191366439 9.573570512557703 9.903259030824282 24.356704734748426 2 -0.00006290 -0.00004747 -0.00004684 -0.00000001 -0.00001605 -0.00001383 -0.00001511
shell0_X0_Y0_Z0_mono0_fix1/shell2_X-2_Y1_Z-2_mono1_fix1/shell2_X-2_Y0_Z-1_mono0_fix1//test20tig_AVDZ// DONE 9.573570512557703 9.903259070833585 4.879875191366439 24.356704774757723 4 0.00020972 0.00010586 0.00010584 -0.00000001 0.00010389 0.00010109 0.00010271
shell0_X0_Y0_Z0_mono0_fix1/shell1_X0_Y0_Z-1_mono1_fix1/shell2_X-2_Y0_Z-2_mono1_fix1//test20tig_AVDZ// DONE 4.8798752840715265 9.573570545117207 9.903259030824282 24.356704860013018 2 0.00021592 0.00010584 0.00010579 -0.00000001 0.00011014 0.00009275 0.00010280
shell0_X0_Y0_Z0_mono0_fix1/shell1_X0_Y0_Z-1_mono1_fix1/shell2_X2_Y0_Z1_mono0_fix1//test20tig_AVDZ// DONE 4.8798752840715265 9.903259070833585 9.573570545117207 24.35670490002232 4 -0.00006328 -0.00004746 -0.00004684 -0.00000001 -0.00001642 -0.00001383 -0.00001533
shell0_X0_Y0_Z0_mono0_fix1/shell1_X-1_Y0_Z0_mono1_fix1/shell2_X0_Y1_Z-2_mono1_fix1//test20tig_AVDZ// DONE 4.879876783261088 7.646690156232921 11.854552583694998 24.381119523189007 2 0.00197897 0.00248699 0.00248692 -0.00000000 -0.00050795 -0.00056489 -0.00053197
shell0_X0_Y0_Z0_mono0_fix1/shell1_X-1_Y1_Z0_mono1_fix1/shell2_X-1_Y1_Z2_mono0_fix1//test20tig_AVDZ// DONE 4.879876784204481 11.854553024155814 7.646690203091246 24.381120011451543 4 0.00197549 0.00248705 0.00248696 -0.00000000 -0.00051148 -0.00056460 -0.00053389
shell0_X0_Y0_Z0_mono0_fix1/shell1_X0_Y1_Z-1_mono1_fix1/shell3_X0_Y1_Z-3_mono1_fix1//test20tig_AVDZ// DONE 4.879875191366439 11.227186363707675 8.293257900440306 24.40031945551442 2 0.00069670 0.00059179 0.00059265 -0.00000002 0.00010406 0.00006448 0.00008737
shell0_X0_Y0_Z0_mono0_fix1/shell1_X0_Y0_Z-1_mono1_fix1/shell3_X0_Y0_Z-3_mono1_fix1//test20tig_AVDZ// DONE 4.8798752840715265 11.22718639110945 8.293257900440306 24.400319575621282 2 0.00016574 0.00026607 0.00026601 -0.00000002 -0.00010025 -0.00009155 -0.00009658
shell0_X0_Y0_Z0_mono0_fix1/shell2_X0_Y0_Z-2_mono0_fix1/shell3_X0_Y1_Z-3_mono1_fix1//test20tig_AVDZ// DONE 8.293258355384793 11.227186363707675 4.879875191366439 24.400319910458904 4 0.00016673 0.00026605 0.00026598 -0.00000002 -0.00009923 -0.00009210 -0.00009622
shell0_X0_Y0_Z0_mono0_fix1/shell1_X0_Y0_Z-1_mono1_fix1/shell2_X0_Y0_Z2_mono0_fix1//test20tig_AVDZ// DONE 4.8798752840715265 8.293258355384795 11.227186391109448 24.40032003056577 4 0.00069626 0.00059181 0.00059267 -0.00000002 0.00010361 0.00006496 0.00008731
shell0_X0_Y0_Z0_mono0_fix1/shell1_X-1_Y0_Z-1_mono1_fix1/shell1_X1_Y1_Z-1_mono1_fix1//test20tig_AVDZ// DONE 4.689718793492955 8.232858600601466 11.511985037242072 24.434562431336495 2 -0.00016725 0.00004957 0.00004899 -0.00000001 -0.00021623 -0.00022684 -0.00022071
shell0_X0_Y0_Z0_mono0_fix1/shell1_X1_Y0_Z-1_mono1_fix1/shell2_X2_Y-1_Z0_mono0_fix1//test20tig_AVDZ// DONE 8.232858625612332 11.511985300913402 4.689718751012225 24.434562677537958 4 -0.00016789 0.00004956 0.00004896 -0.00000001 -0.00021684 -0.00022688 -0.00022108
shell0_X0_Y0_Z0_mono0_fix1/shell1_X0_Y1_Z-1_mono1_fix1/shell2_X1_Y0_Z-2_mono1_fix1//test20tig_AVDZ// DONE 4.879875191366439 10.272462479830054 9.29549001807212 24.447827689268614 2 0.00119846 0.00130058 0.00130006 -0.00000002 -0.00010158 -0.00015341 -0.00012345
shell0_X0_Y0_Z0_mono0_fix1/shell1_X0_Y0_Z-1_mono1_fix1/shell1_X-1_Y-1_Z1_mono0_fix1//test20tig_AVDZ// DONE 4.8798752840715265 9.295490539077504 10.272462453065986 24.447828276215013 4 0.00120400 0.00130058 0.00130008 -0.00000002 -0.00009607 -0.00015335 -0.00012023
shell0_X0_Y0_Z0_mono0_fix1/shell1_X-1_Y-1_Z0_mono0_fix1/shell2_X-2_Y-1_Z0_mono0_fix1//test20tig_AVDZ// DONE 8.165893982210706 11.43170590071705 4.854291847385022 24.451891730312777 6 -0.00056069 -0.00072062 -0.00072112 -0.00000001 0.00016044 0.00017526 0.00016669
shell0_X0_Y0_Z0_mono0_fix1/shell1_X-1_Y0_Z-1_mono1_fix1/shell2_X-1_Y-1_Z-2_mono1_fix1//test20tig_AVDZ// DONE 4.689718793492955 11.892728317075902 7.918114679604272 24.50056179017313 2 -0.00016588 -0.00028138 -0.00028224 -0.00000001 0.00011637 0.00007305 0.00009809
shell0_X0_Y0_Z0_mono0_fix1/shell1_X0_Y1_Z-1_mono0_fix1/shell2_X-1_Y2_Z-2_mono1_fix1//test20tig_AVDZ// DONE 7.918115177639053 11.892728247980974 4.689718751012225 24.500562176632254 4 -0.00016974 -0.00028139 -0.00028223 -0.00000001 0.00011251 0.00007984 0.00009873
shell0_X0_Y0_Z0_mono0_fix1/shell1_X-1_Y1_Z-1_mono1_fix1/shell1_X1_Y0_Z0_mono1_fix1//test20tig_AVDZ// DONE 4.689718751012225 7.937059665509641 11.891151506273106 24.51792992279497 2 -0.00035041 -0.00048873 -0.00048930 -0.00000001 0.00013890 0.00013743 0.00013828
shell0_X0_Y0_Z0_mono0_fix1/shell1_X-1_Y0_Z-1_mono1_fix1/shell2_X-2_Y-1_Z-1_mono0_fix1//test20tig_AVDZ// DONE 4.689718793492955 11.891151656917737 7.937059651198265 24.517930101608957 4 -0.00035002 -0.00048872 -0.00048931 -0.00000001 0.00013930 0.00013749 0.00013853
shell0_X0_Y0_Z0_mono0_fix1/shell1_X-1_Y1_Z-1_mono1_fix1/shell2_X-1_Y2_Z-2_mono1_fix1//test20tig_AVDZ// DONE 4.689718751012225 11.892728247980974 7.947853458977189 24.530300457970387 2 -0.00004644 0.00040026 0.00040034 -0.00000001 -0.00044678 -0.00043499 -0.00044180
shell0_X0_Y0_Z0_mono0_fix1/shell1_X-1_Y0_Z-1_mono1_fix1/shell1_X0_Y1_Z1_mono0_fix1//test20tig_AVDZ// DONE 4.689718793492955 7.947854012254151 11.892728317075902 24.530301122823005 4 -0.00004617 0.00040030 0.00040039 -0.00000001 -0.00044656 -0.00043520 -0.00044177
shell0_X0_Y0_Z0_mono0_fix1/shell1_X0_Y0_Z-1_mono1_fix1/shell2_X1_Y1_Z-2_mono1_fix1//test20tig_AVDZ// DONE 4.8798752840715265 10.272462453065986 9.38737296522935 24.53971070236686 2 0.00037478 0.00011468 0.00011456 -0.00000001 0.00026023 0.00022990 0.00024744
shell0_X0_Y0_Z0_mono0_fix1/shell1_X1_Y-1_Z-1_mono0_fix1/shell2_X1_Y0_Z-2_mono1_fix1//test20tig_AVDZ// DONE 9.3873734873741 10.272462479830054 4.879875191366439 24.53971115857059 4 0.00037536 0.00011469 0.00011458 -0.00000001 0.00026079 0.00022997 0.00024779
shell0_X0_Y0_Z0_mono0_fix1/shell1_X-1_Y0_Z-1_mono1_fix1/shell1_X1_Y1_Z0_mono1_fix1//test20tig_AVDZ// DONE 4.689718793492955 7.937059651198265 11.954352626741994 24.581131071433212 2 0.00056085 0.00087972 0.00087935 -0.00000001 -0.00031849 -0.00035746 -0.00033493
shell0_X0_Y0_Z0_mono0_fix1/shell1_X-1_Y1_Z-1_mono1_fix1/shell2_X-2_Y1_Z-1_mono0_fix1//test20tig_AVDZ// DONE 4.689718751012225 11.9543527609583 7.937059665509641 24.581131177480163 4 0.00055101 0.00087974 0.00087938 -0.00000001 -0.00032835 -0.00034347 -0.00033473
shell0_X0_Y0_Z0_mono0_fix1/shell1_X-1_Y0_Z0_mono0_fix1/shell1_X1_Y-1_Z0_mono0_fix1//test20tig_AVDZ// DONE 4.854291847385022 8.27527950048686 11.511985300913402 24.641556648785283 6 -0.00020463 -0.00015952 -0.00015924 -0.00000001 -0.00004538 0.00000266 -0.00002511
shell0_X0_Y0_Z0_mono0_fix1/shell1_X-1_Y-1_Z-1_mono0_fix1/shell1_X0_Y0_Z1_mono0_fix1//test20tig_AVDZ// DONE 8.971985427673124 4.381653042614121 11.29424631152965 24.64788478181689 6 0.00023785 0.00015625 0.00015563 -0.00000000 0.00008222 0.00006055 0.00007308
shell0_X0_Y0_Z0_mono0_fix1/shell1_X0_Y1_Z-1_mono1_fix1/shell2_X-1_Y2_Z0_mono1_fix1//test20tig_AVDZ// DONE 4.879875191366439 10.55227099737296 9.29549001807212 24.727636206811518 2 0.00094721 0.00106426 0.00106381 -0.00000002 -0.00011659 -0.00014277 -0.00012763
shell0_X0_Y0_Z0_mono0_fix1/shell1_X0_Y0_Z-1_mono1_fix1/shell1_X1_Y1_Z-1_mono0_fix1//test20tig_AVDZ// DONE 4.8798752840715265 9.295490539077504 10.552271056865095 24.727636880014124 4 0.00094785 0.00106426 0.00106380 -0.00000002 -0.00011593 -0.00014276 -0.00012725
shell0_X0_Y0_Z0_mono0_fix1/shell1_X-1_Y1_Z-1_mono0_fix1/shell1_X0_Y0_Z1_mono0_fix1//test20tig_AVDZ// DONE 9.035177165497888 4.381653042614121 11.31644354548893 24.73327375360094 6 0.00007534 0.00021276 0.00021250 -0.00000001 -0.00013716 -0.00014466 -0.00014032
shell0_X0_Y0_Z0_mono0_fix1/shell1_X0_Y1_Z0_mono1_fix1/shell2_X1_Y1_Z-2_mono1_fix1//test20tig_AVDZ// DONE 4.689720349898127 10.272462453065986 9.807804358429697 24.769987161393807 2 0.00082016 0.00079709 0.00079644 -0.00000001 0.00002373 -0.00002527 0.00000306
shell0_X0_Y0_Z0_mono0_fix1/shell0_X0_Y0_Z0_mono1_fix1/shell2_X1_Y0_Z-2_mono1_fix1//test20tig_AVDZ// DONE 4.689720404504576 10.272462479830054 9.807804358429697 24.76998724276433 2 0.00011651 0.00008636 0.00008596 -0.00000001 0.00003056 0.00001774 0.00002515
shell0_X0_Y0_Z0_mono0_fix1/shell1_X0_Y1_Z0_mono1_fix1/shell2_X-1_Y0_Z2_mono0_fix1//test20tig_AVDZ// DONE 4.689720349898127 9.80780491502408 10.272462453065986 24.769987717988194 4 0.00011653 0.00008637 0.00008598 -0.00000001 0.00003056 0.00001769 0.00002513
shell0_X0_Y0_Z0_mono0_fix1/shell0_X0_Y0_Z0_mono1_fix1/shell2_X-1_Y0_Z2_mono0_fix1//test20tig_AVDZ// DONE 4.689720404504576 9.80780491502408 10.272462479830054 24.76998779935871 4 0.00082056 0.00079709 0.00079644 -0.00000001 0.00002413 -0.00002530 0.00000328
shell0_X0_Y0_Z0_mono0_fix1/shell1_X0_Y0_Z-1_mono1_fix1/shell1_X-1_Y-1_Z0_mono1_fix1//test20tig_AVDZ// DONE 4.8798752840715265 10.552271056865095 9.38737296522935 24.819519306165972 2 0.00097898 0.00096082 0.00096060 -0.00000001 0.00001838 -0.00001805 0.00000301
shell0_X0_Y0_Z0_mono0_fix1/shell1_X0_Y1_Z-1_mono1_fix1/shell1_X1_Y-1_Z-1_mono0_fix1//test20tig_AVDZ// DONE 4.879875191366439 9.3873734873741 10.55227099737296 24.8195196761135 4 0.00097835 0.00096082 0.00096060 -0.00000001 0.00001775 -0.00001803 0.00000266
shell0_X0_Y0_Z0_mono0_fix1/shell1_X0_Y0_Z-1_mono1_fix1/shell2_X0_Y-1_Z-2_mono1_fix1//test20tig_AVDZ// DONE 4.8798752840715265 12.081056597548146 7.918114679604272 24.879046561223944 2 -0.00098447 -0.00098158 -0.00098102 -0.00000001 -0.00000344 0.00000746 0.00000116
shell0_X0_Y0_Z0_mono0_fix1/shell1_X0_Y1_Z-1_mono0_fix1/shell2_X0_Y2_Z-2_mono1_fix1//test20tig_AVDZ// DONE 7.918115177639053 12.081056531222636 4.879875191366439 24.879046900228126 4 -0.00098641 -0.00098160 -0.00098099 -0.00000001 -0.00000541 0.00000770 0.00000012
shell0_X0_Y0_Z0_mono0_fix1/shell1_X0_Y1_Z-1_mono1_fix1/shell2_X0_Y2_Z-2_mono1_fix1//test20tig_AVDZ// DONE 4.879875191366439 12.081056531222636 7.947853458977189 24.908785181566262 2 -0.00116357 -0.00110148 -0.00110159 -0.00000001 -0.00006197 0.00001237 -0.00003060
shell0_X0_Y0_Z0_mono0_fix1/shell1_X0_Y0_Z-1_mono1_fix1/shell1_X0_Y1_Z1_mono0_fix1//test20tig_AVDZ// DONE 4.8798752840715265 7.947854012254151 12.081056597548143 24.90878589387382 4 -0.00116465 -0.00110152 -0.00110163 -0.00000001 -0.00006301 0.00001238 -0.00003120
shell0_X0_Y0_Z0_mono0_fix1/shell1_X0_Y1_Z-1_mono1_fix1/shell3_X-1_Y1_Z-3_mono1_fix1//test20tig_AVDZ// DONE 4.879875191366439 10.88405459527898 9.153763740124077 24.917693526769497 2 0.00099660 0.00105713 0.00105705 -0.00000001 -0.00006044 -0.00008566 -0.00007108
shell0_X0_Y0_Z0_mono0_fix1/shell1_X0_Y1_Z-1_mono1_fix1/shell2_X1_Y0_Z2_mono0_fix1//test20tig_AVDZ// DONE 4.879875191366439 9.153763844015145 10.88405459527898 24.917693630660565 4 -0.00060240 -0.00067932 -0.00067974 -0.00000001 0.00007736 0.00010496 0.00008900
shell0_X0_Y0_Z0_mono0_fix1/shell1_X0_Y0_Z-1_mono1_fix1/shell3_X-1_Y0_Z-3_mono1_fix1//test20tig_AVDZ// DONE 4.8798752840715265 10.88405462313503 9.153763740124077 24.917693647330633 2 -0.00058674 -0.00067930 -0.00067974 -0.00000001 0.00009301 0.00009402 0.00009344
shell0_X0_Y0_Z0_mono0_fix1/shell2_X-1_Y0_Z-2_mono0_fix1/shell3_X-1_Y0_Z-3_mono1_fix1//test20tig_AVDZ// DONE 9.153763844015145 10.88405462313503 4.8798752840715265 24.9176937512217 4 0.00100129 0.00105718 0.00105709 -0.00000001 -0.00005579 -0.00008563 -0.00006838
shell0_X0_Y0_Z0_mono0_fix1/shell2_X-2_Y1_Z-1_mono1_fix1/shell3_X-3_Y1_Z-1_mono1_fix1//test20tig_AVDZ// DONE 7.9370587750867125 12.129643244138835 4.854291280975464 24.920993300201012 2 0.00014842 0.00037425 0.00037386 -0.00000001 -0.00022543 -0.00025302 -0.00023707
shell0_X0_Y0_Z0_mono0_fix1/shell2_X-2_Y0_Z-1_mono1_fix1/shell3_X-3_Y0_Z-1_mono1_fix1//test20tig_AVDZ// DONE 7.937058818163156 12.129643268335897 4.854291280975464 24.920993367474516 2 -0.00037988 -0.00052621 -0.00052602 -0.00000001 0.00014614 0.00014132 0.00014411
shell0_X0_Y0_Z0_mono0_fix1/shell1_X-1_Y0_Z0_mono0_fix1/shell3_X-3_Y1_Z-1_mono1_fix1//test20tig_AVDZ// DONE 4.854291847385022 12.129643244138835 7.9370587750867125 24.92099386661057 4 -0.00037997 -0.00052623 -0.00052605 -0.00000001 0.00014609 0.00014137 0.00014410
shell0_X0_Y0_Z0_mono0_fix1/shell1_X-1_Y0_Z0_mono0_fix1/shell3_X-3_Y0_Z-1_mono1_fix1//test20tig_AVDZ// DONE 4.854291847385022 12.129643268335897 7.937058818163156 24.920993933884073 4 0.00014823 0.00037427 0.00037387 -0.00000001 -0.00022563 -0.00025290 -0.00023713
shell0_X0_Y0_Z0_mono0_fix1/shell1_X0_Y0_Z-1_mono0_fix1/shell3_X0_Y0_Z-3_mono0_fix1//test20tig_AVDZ// DONE 4.38165304261412 12.307337373733752 8.293258355384793 24.982248771732664 6 0.00027668 0.00039545 0.00039498 -0.00000001 -0.00011829 -0.00015175 -0.00013240
shell0_X0_Y0_Z0_mono0_fix1/shell1_X-1_Y1_Z-1_mono1_fix1/shell2_X-2_Y2_Z-1_mono1_fix1//test20tig_AVDZ// DONE 4.689718751012225 12.288125498378834 8.16589350495135 25.14373775434241 2 -0.00025463 -0.00042141 -0.00042110 -0.00000001 0.00016648 0.00011939 0.00014662
shell0_X0_Y0_Z0_mono0_fix1/shell1_X-1_Y-1_Z0_mono0_fix1/shell2_X-2_Y-1_Z-1_mono1_fix1//test20tig_AVDZ// DONE 8.165893982210706 12.288125561514361 4.689718793492955 25.14373833721802 4 -0.00025344 -0.00042143 -0.00042112 -0.00000001 0.00016769 0.00011937 0.00014731
shell0_X0_Y0_Z0_mono0_fix1/shell1_X-1_Y0_Z-1_mono1_fix1/shell2_X-2_Y-1_Z-1_mono1_fix1//test20tig_AVDZ// DONE 4.689718793492955 12.288125561514361 8.275279052957368 25.253123407964686 2 -0.00040393 -0.00016820 -0.00016834 -0.00000001 -0.00023557 -0.00018842 -0.00021568
shell0_X0_Y0_Z0_mono0_fix1/shell1_X-1_Y1_Z0_mono0_fix1/shell2_X-2_Y2_Z-1_mono1_fix1//test20tig_AVDZ// DONE 8.27527950048686 12.288125498378834 4.689718751012225 25.25312374987792 4 -0.00040325 -0.00016819 -0.00016832 -0.00000001 -0.00023492 -0.00018838 -0.00021529
shell0_X0_Y0_Z0_mono0_fix1/shell2_X0_Y2_Z-1_mono1_fix1/shell2_X0_Y2_Z0_mono1_fix1//test20tig_AVDZ// DONE 10.552270310097942 10.479836785889324 4.381652121160035 25.413759217147298 2 -0.00015610 -0.00029072 -0.00029132 -0.00000001 0.00013523 0.00011029 0.00012471
shell0_X0_Y0_Z0_mono0_fix1/shell2_X-1_Y2_Z-1_mono1_fix1/shell2_X-1_Y2_Z0_mono1_fix1//test20tig_AVDZ// DONE 10.479836115247128 10.55227099737296 4.381652121160035 25.413759233780123 2 -0.00011935 -0.00027746 -0.00027687 -0.00000001 0.00015753 0.00014027 0.00015025
shell0_X0_Y0_Z0_mono0_fix1/shell1_X0_Y0_Z-1_mono0_fix1/shell2_X0_Y2_Z-1_mono1_fix1//test20tig_AVDZ// DONE 4.38165304261412 10.552270310097942 10.479836785889324 25.413760138601386 4 -0.00011769 -0.00027746 -0.00027684 -0.00000000 0.00015916 0.00014129 0.00015162
shell0_X0_Y0_Z0_mono0_fix1/shell1_X0_Y0_Z-1_mono0_fix1/shell2_X-1_Y2_Z-1_mono1_fix1//test20tig_AVDZ// DONE 4.38165304261412 10.479836115247128 10.55227099737296 25.413760155234208 4 -0.00015766 -0.00029073 -0.00029132 -0.00000000 0.00013367 0.00011031 0.00012381
shell0_X0_Y0_Z0_mono0_fix1/shell1_X-1_Y1_Z-1_mono1_fix1/shell2_X1_Y1_Z-2_mono1_fix1//test20tig_AVDZ// DONE 4.689718751012225 10.272462453065986 10.506825110816445 25.469006314894656 2 0.00050094 0.00048572 0.00048634 -0.00000001 0.00001462 0.00000153 0.00000910
shell0_X0_Y0_Z0_mono0_fix1/shell1_X-1_Y0_Z-1_mono1_fix1/shell2_X1_Y0_Z-2_mono1_fix1//test20tig_AVDZ// DONE 4.689718793492955 10.272462479830054 10.506825110816445 25.469006384139455 2 -0.00009594 -0.00023474 -0.00023467 -0.00000001 0.00013875 0.00013173 0.00013579
shell0_X0_Y0_Z0_mono0_fix1/shell1_X-1_Y1_Z-1_mono1_fix1/shell2_X-2_Y0_Z1_mono0_fix1//test20tig_AVDZ// DONE 4.689718751012225 10.506825541052299 10.272462453065986 25.469006745130507 4 -0.00009689 -0.00023473 -0.00023469 -0.00000001 0.00013781 0.00013298 0.00013577
shell0_X0_Y0_Z0_mono0_fix1/shell1_X-1_Y0_Z-1_mono1_fix1/shell2_X-2_Y0_Z1_mono0_fix1//test20tig_AVDZ// DONE 4.689718793492955 10.506825541052299 10.272462479830054 25.46900681437531 4 0.00050172 0.00048572 0.00048632 -0.00000001 0.00001541 0.00000162 0.00000959
shell0_X0_Y0_Z0_mono0_fix1/shell1_X0_Y0_Z-1_mono0_fix1/shell1_X-1_Y-1_Z1_mono0_fix1//test20tig_AVDZ// DONE 4.38165304261412 9.295490539077504 11.801089846871278 25.478233428562902 6 -0.00017488 -0.00024426 -0.00024466 -0.00000001 0.00006979 0.00007475 0.00007188
shell0_X0_Y0_Z0_mono0_fix1/shell1_X0_Y0_Z-1_mono1_fix1/shell2_X-2_Y1_Z0_mono1_fix1//test20tig_AVDZ// DONE 4.8798752840715265 8.232859489005401 12.382809519383654 25.49554429246058 2 0.00070227 0.00080039 0.00080060 -0.00000001 -0.00009831 -0.00013134 -0.00011224
shell0_X0_Y0_Z0_mono0_fix1/shell1_X0_Y1_Z-1_mono1_fix1/shell2_X2_Y1_Z-1_mono0_fix1//test20tig_AVDZ// DONE 4.879875191366439 12.382809884255245 8.232859518875284 25.495544594496966 4 0.00070146 0.00080038 0.00080059 -0.00000001 -0.00009912 -0.00013141 -0.00011274
shell0_X0_Y0_Z0_mono0_fix1/shell1_X0_Y0_Z-1_mono1_fix1/shell1_X1_Y-1_Z-1_mono1_fix1//test20tig_AVDZ// DONE 4.8798752840715265 12.470205005668648 8.16589350495135 25.515973794691526 2 -0.00161683 -0.00190688 -0.00190700 -0.00000001 0.00029018 0.00033243 0.00030800
shell0_X0_Y0_Z0_mono0_fix1/shell1_X0_Y1_Z-1_mono1_fix1/shell1_X-1_Y-1_Z0_mono0_fix1//test20tig_AVDZ// DONE 4.879875191366439 8.165893982210706 12.470204952125622 25.51597412570277 4 -0.00161645 -0.00190684 -0.00190696 -0.00000001 0.00029052 0.00033209 0.00030806
shell0_X0_Y0_Z0_mono0_fix1/shell1_X1_Y1_Z-1_mono1_fix1/shell2_X2_Y1_Z-1_mono1_fix1//test20tig_AVDZ// DONE 8.232858600601466 12.436584155887973 4.854291280975464 25.5237340374649 2 -0.00038944 -0.00052738 -0.00052722 -0.00000001 0.00013779 0.00011853 0.00012966
shell0_X0_Y0_Z0_mono0_fix1/shell1_X1_Y0_Z-1_mono1_fix1/shell2_X2_Y0_Z-1_mono1_fix1//test20tig_AVDZ// DONE 8.232858625612332 12.436584171531699 4.854291280975464 25.523734078119492 2 0.00037849 0.00090440 0.00090468 -0.00000001 -0.00052618 -0.00049455 -0.00051284
shell0_X0_Y0_Z0_mono0_fix1/shell1_X1_Y1_Z-1_mono1_fix1/shell1_X-1_Y0_Z0_mono0_fix1//test20tig_AVDZ// DONE 8.232858600601466 4.854291847385022 12.436584155887973 25.52373460387446 4 0.00037821 0.00090441 0.00090468 -0.00000001 -0.00052646 -0.00049458 -0.00051301
shell0_X0_Y0_Z0_mono0_fix1/shell1_X1_Y0_Z0_mono0_fix1/shell2_X2_Y0_Z-1_mono1_fix1//test20tig_AVDZ// DONE 4.854291847385022 12.436584171531699 8.232858625612332 25.52373464452905 4 -0.00039023 -0.00052739 -0.00052723 -0.00000001 0.00013701 0.00011859 0.00012924
shell0_X0_Y0_Z0_mono0_fix1/shell1_X0_Y1_Z-1_mono1_fix1/shell2_X-2_Y0_Z0_mono1_fix1//test20tig_AVDZ// DONE 4.879875191366439 8.232859518875284 12.453271105140063 25.566005815381786 2 0.00187801 0.00246583 0.00246591 -0.00000000 -0.00058790 -0.00067210 -0.00062342
shell0_X0_Y0_Z0_mono0_fix1/shell2_X-2_Y1_Z0_mono1_fix1/shell2_X-2_Y1_Z1_mono0_fix1//test20tig_AVDZ// DONE 8.232859489005401 12.453271462979721 4.879875284071528 25.566006236056648 4 0.00187775 0.00246588 0.00246598 -0.00000000 -0.00058822 -0.00067214 -0.00062362
shell0_X0_Y0_Z0_mono0_fix1/shell1_X0_Y0_Z-1_mono0_fix1/shell1_X-1_Y1_Z1_mono0_fix1//test20tig_AVDZ// DONE 4.38165304261412 9.3873734873741 11.854553024155814 25.623579554144037 6 -0.00056020 -0.00064429 -0.00064421 0.00000000 0.00008401 0.00010204 0.00009162
shell0_X0_Y0_Z0_mono0_fix1/shell1_X0_Y1_Z-1_mono1_fix1/shell2_X1_Y2_Z-1_mono1_fix1//test20tig_AVDZ// DONE 4.879875191366439 12.470204952125622 8.275279052957368 25.62535919644943 2 -0.00120901 -0.00121471 -0.00121460 -0.00000001 0.00000560 0.00007854 0.00003637
shell0_X0_Y0_Z0_mono0_fix1/shell1_X1_Y-1_Z-1_mono1_fix1/shell1_X1_Y-1_Z0_mono0_fix1//test20tig_AVDZ// DONE 12.470205005668648 8.27527950048686 4.879875284071528 25.625359790227034 4 -0.00120908 -0.00121473 -0.00121463 -0.00000001 0.00000555 0.00007692 0.00003566
shell0_X0_Y0_Z0_mono0_fix1/shell1_X-1_Y-1_Z-1_mono0_fix1/shell1_X1_Y0_Z0_mono0_fix1//test20tig_AVDZ// DONE 8.971985427673124 4.854291847385022 11.891151656917737 25.71742893197588 6 -0.00006281 0.00001526 0.00001560 -0.00000001 -0.00007840 -0.00004153 -0.00006285
shell0_X0_Y0_Z0_mono0_fix1/shell1_X-1_Y1_Z-1_mono1_fix1/shell3_X0_Y1_Z-3_mono1_fix1//test20tig_AVDZ// DONE 4.689718751012225 11.227186363707675 9.807804358429697 25.724709473149595 2 0.00032309 0.00027033 0.00027010 -0.00000001 0.00005301 0.00003673 0.00004614
shell0_X0_Y0_Z0_mono0_fix1/shell1_X-1_Y0_Z-1_mono1_fix1/shell3_X0_Y0_Z-3_mono1_fix1//test20tig_AVDZ// DONE 4.689718793492955 11.22718639110945 9.807804358429697 25.724709543032105 2 -0.00000001 -0.00000210 -0.00000218 -0.00000001 0.00000218 0.00001733 0.00000857
shell0_X0_Y0_Z0_mono0_fix1/shell1_X-1_Y1_Z-1_mono1_fix1/shell2_X-1_Y0_Z2_mono0_fix1//test20tig_AVDZ// DONE 4.689718751012225 9.80780491502408 11.227186363707675 25.72471002974398 4 0.00000193 -0.00000209 -0.00000218 -0.00000001 0.00000412 0.00001476 0.00000861
shell0_X0_Y0_Z0_mono0_fix1/shell1_X-1_Y0_Z-1_mono1_fix1/shell2_X-1_Y0_Z2_mono0_fix1//test20tig_AVDZ// DONE 4.689718793492955 9.80780491502408 11.227186391109448 25.724710099626485 4 0.00031914 0.00027033 0.00027019 -0.00000001 0.00004896 0.00004376 0.00004677
shell0_X0_Y0_Z0_mono0_fix1/shell1_X0_Y1_Z-1_mono1_fix1/shell2_X-1_Y2_Z-2_mono1_fix1//test20tig_AVDZ// DONE 4.879875191366439 11.892728247980974 8.971985126694959 25.744588566042374 2 0.00068179 0.00068667 0.00068615 -0.00000001 -0.00000435 -0.00003284 -0.00001637
shell0_X0_Y0_Z0_mono0_fix1/shell1_X0_Y0_Z-1_mono1_fix1/shell1_X1_Y1_Z1_mono0_fix1//test20tig_AVDZ// DONE 4.8798752840715265 8.971985427673124 11.892728317075902 25.74458902882055 4 0.00068100 0.00068668 0.00068615 -0.00000001 -0.00000515 -0.00003252 -0.00001670
shell0_X0_Y0_Z0_mono0_fix1/shell1_X-1_Y0_Z0_mono1_fix1/shell2_X-2_Y1_Z-2_mono1_fix1//test20tig_AVDZ// DONE 4.879876783261088 9.573570512557703 11.294246105787236 25.74769340160603 2 -0.00083651 -0.00097240 -0.00097274 -0.00000001 0.00013624 0.00014918 0.00014170
shell0_X0_Y0_Z0_mono0_fix1/shell2_X-2_Y0_Z-2_mono1_fix1/shell2_X-1_Y-1_Z-2_mono0_fix1//test20tig_AVDZ// DONE 9.573570545117207 11.29424631152965 4.879876784204481 25.747693640851335 4 -0.00085643 -0.00097243 -0.00097276 -0.00000001 0.00011634 0.00014921 0.00013021
shell0_X0_Y0_Z0_mono0_fix1/shell1_X-1_Y1_Z0_mono1_fix1/shell2_X-2_Y0_Z-2_mono1_fix1//test20tig_AVDZ// DONE 4.879876784204481 9.573570545117207 11.316443371727567 25.769890701049256 2 0.00028464 0.00025952 0.00025951 -0.00000001 0.00002514 -0.00000172 0.00001381
shell0_X0_Y0_Z0_mono0_fix1/shell1_X-1_Y0_Z0_mono1_fix1/shell2_X1_Y-1_Z2_mono0_fix1//test20tig_AVDZ// DONE 4.879876783261088 11.31644354548893 9.573570512557703 25.76989084130772 4 0.00028414 0.00025952 0.00025950 -0.00000001 0.00002465 -0.00000165 0.00001355
shell0_X0_Y0_Z0_mono0_fix1/shell1_X0_Y0_Z-1_mono1_fix1/shell2_X-1_Y-1_Z-2_mono1_fix1//test20tig_AVDZ// DONE 4.8798752840715265 11.892728317075902 9.035176903288958 25.807780504436387 2 0.00048753 0.00059182 0.00059249 -0.00000001 -0.00010495 -0.00013657 -0.00011829
shell0_X0_Y0_Z0_mono0_fix1/shell1_X-1_Y1_Z-1_mono0_fix1/shell2_X-1_Y2_Z-2_mono1_fix1//test20tig_AVDZ// DONE 9.035177165497888 11.892728247980974 4.879875191366439 25.8077806048453 4 0.00048756 0.00059181 0.00059247 -0.00000001 -0.00010490 -0.00013659 -0.00011827
shell0_X0_Y0_Z0_mono0_fix1/shell1_X-1_Y1_Z-1_mono0_fix1/shell1_X1_Y0_Z0_mono0_fix1//test20tig_AVDZ// DONE 9.035177165497888 4.854291847385022 11.9543527609583 25.843821773841206 6 0.00009656 0.00007048 0.00007039 -0.00000001 0.00002617 0.00001230 0.00002032
shell0_X0_Y0_Z0_mono0_fix1/shell2_X-1_Y2_Z-1_mono1_fix1/shell2_X0_Y2_Z-1_mono1_fix1//test20tig_AVDZ// DONE 10.479836115247128 10.552270310097942 4.854291280975464 25.886397706320533 2 -0.00022594 -0.00034996 -0.00035008 -0.00000001 0.00012415 0.00015441 0.00013691
shell0_X0_Y0_Z0_mono0_fix1/shell1_X-1_Y-1_Z-1_mono1_fix1/shell1_X0_Y-1_Z-1_mono1_fix1//test20tig_AVDZ// DONE 10.479836186966654 10.552270378746126 4.854291280975464 25.886397846688244 2 -0.00028320 -0.00048270 -0.00048289 -0.00000001 0.00019969 0.00021806 0.00020744
shell0_X0_Y0_Z0_mono0_fix1/shell1_X-1_Y0_Z0_mono0_fix1/shell2_X-1_Y2_Z-1_mono1_fix1//test20tig_AVDZ// DONE 4.854291847385022 10.479836115247128 10.552270310097942 25.88639827273009 4 -0.00028366 -0.00048269 -0.00048274 -0.00000001 0.00019909 0.00021841 0.00020724
shell0_X0_Y0_Z0_mono0_fix1/shell1_X-1_Y-1_Z-1_mono1_fix1/shell1_X-1_Y0_Z0_mono0_fix1//test20tig_AVDZ// DONE 10.479836186966654 4.854291847385022 10.552270378746126 25.8863984130978 4 -0.00022310 -0.00034996 -0.00035013 -0.00000001 0.00012704 0.00015513 0.00013889
shell0_X0_Y0_Z0_mono0_fix1/shell1_X-1_Y0_Z0_mono0_fix1/shell2_X1_Y0_Z2_mono0_fix1//test20tig_AVDZ// DONE 4.854291847385022 9.153763844015145 11.9138079772099 25.921863668610065 6 -0.00025348 -0.00028110 -0.00028140 -0.00000001 0.00002793 0.00006127 0.00004199
shell0_X0_Y0_Z0_mono0_fix1/shell1_X-1_Y0_Z-1_mono1_fix1/shell2_X0_Y-1_Z-2_mono1_fix1//test20tig_AVDZ// DONE 4.689718793492955 12.081056597548146 9.29549001807212 26.06626540911322 2 0.00045959 0.00055756 0.00055734 -0.00000001 -0.00009774 -0.00011975 -0.00010703
shell0_X0_Y0_Z0_mono0_fix1/shell1_X-1_Y1_Z-1_mono1_fix1/shell1_X-1_Y-1_Z1_mono0_fix1//test20tig_AVDZ// DONE 4.689718751012225 9.295490539077504 12.081056531222638 26.066265821312363 4 0.00045982 0.00055755 0.00055736 -0.00000001 -0.00009753 -0.00011968 -0.00010687
shell0_X0_Y0_Z0_mono0_fix1/shell1_X0_Y0_Z-1_mono1_fix1/shell1_X1_Y-1_Z0_mono1_fix1//test20tig_AVDZ// DONE 4.8798752840715265 12.288126088308935 8.971985126694959 26.13998649907542 2 -0.00020041 -0.00024791 -0.00024775 -0.00000000 0.00004734 0.00002779 0.00003909
shell0_X0_Y0_Z0_mono0_fix1/shell1_X-1_Y-1_Z-1_mono0_fix1/shell1_X0_Y1_Z-1_mono1_fix1//test20tig_AVDZ// DONE 8.971985427673124 4.879875191366439 12.288126041203562 26.139986660243125 4 -0.00020313 -0.00024791 -0.00024772 -0.00000001 0.00004460 0.00002989 0.00003839
shell0_X0_Y0_Z0_mono0_fix1/shell1_X-1_Y1_Z-1_mono1_fix1/shell2_X0_Y2_Z-2_mono1_fix1//test20tig_AVDZ// DONE 4.689718751012225 12.081056531222636 9.38737296522935 26.15814824746421 2 0.00046716 0.00064336 0.00064379 -0.00000000 -0.00017663 -0.00020101 -0.00018691
shell0_X0_Y0_Z0_mono0_fix1/shell1_X-1_Y0_Z-1_mono1_fix1/shell1_X-1_Y1_Z1_mono0_fix1//test20tig_AVDZ// DONE 4.689718793492955 9.3873734873741 12.081056597548143 26.158148878415197 4 0.00046911 0.00064339 0.00064380 -0.00000000 -0.00017469 -0.00020112 -0.00018584
shell0_X0_Y0_Z0_mono0_fix1/shell1_X-1_Y1_Z-1_mono1_fix1/shell3_X-1_Y0_Z-3_mono1_fix1//test20tig_AVDZ// DONE 4.689718751012225 10.88405462313503 10.597767545050122 26.171540919197376 2 -0.00024327 -0.00029274 -0.00029270 -0.00000001 0.00004943 0.00006331 0.00005529
shell0_X0_Y0_Z0_mono0_fix1/shell2_X0_Y1_Z-2_mono0_fix1/shell3_X-1_Y1_Z-3_mono1_fix1//test20tig_AVDZ// DONE 10.597767900119495 10.88405459527898 4.689718793492955 26.17154128889143 4 -0.00024356 -0.00029274 -0.00029271 -0.00000001 0.00004916 0.00006341 0.00005517
shell0_X0_Y0_Z0_mono0_fix1/shell1_X0_Y1_Z0_mono1_fix1/shell2_X2_Y0_Z2_mono0_fix1//test20tig_AVDZ// DONE 4.689720349898127 11.9138079772099 9.573570512557703 26.17709883966573 4 -0.00020618 -0.00024709 -0.00024686 -0.00000001 0.00004069 0.00005204 0.00004548
shell0_X0_Y0_Z0_mono0_fix1/shell1_X0_Y1_Z0_mono1_fix1/shell2_X-2_Y1_Z-2_mono1_fix1//test20tig_AVDZ// DONE 4.689720349898127 9.573570512557703 11.913807981064506 26.177098843520334 2 -0.00014604 -0.00019659 -0.00019648 -0.00000001 0.00005045 0.00006129 0.00005503
shell0_X0_Y0_Z0_mono0_fix1/shell0_X0_Y0_Z0_mono1_fix1/shell2_X2_Y0_Z2_mono0_fix1//test20tig_AVDZ// DONE 4.689720404504576 11.9138079772099 9.573570545117207 26.177098926831682 4 -0.00014560 -0.00019659 -0.00019647 -0.00000001 0.00005088 0.00006123 0.00005525
shell0_X0_Y0_Z0_mono0_fix1/shell0_X0_Y0_Z0_mono1_fix1/shell2_X-2_Y0_Z-2_mono1_fix1//test20tig_AVDZ// DONE 4.689720404504576 9.573570545117207 11.913807981064506 26.17709893068629 2 -0.00020646 -0.00024708 -0.00024685 -0.00000001 0.00004040 0.00005200 0.00004529
shell0_X0_Y0_Z0_mono0_fix1/shell1_X-1_Y1_Z-1_mono1_fix1/shell3_X-3_Y1_Z-1_mono1_fix1//test20tig_AVDZ// DONE 4.689718751012225 12.129643244138835 9.361506629507653 26.180868624658714 2 0.00036161 0.00059212 0.00059172 -0.00000001 -0.00023010 -0.00025210 -0.00023938
shell0_X0_Y0_Z0_mono0_fix1/shell1_X-1_Y0_Z-1_mono1_fix1/shell3_X-3_Y0_Z-1_mono1_fix1//test20tig_AVDZ// DONE 4.689718793492955 12.129643268335897 9.361506629507653 26.180868691336507 2 0.00000882 -0.00002540 -0.00002446 -0.00000001 0.00003329 0.00002465 0.00002964
shell0_X0_Y0_Z0_mono0_fix1/shell1_X-1_Y1_Z-1_mono1_fix1/shell2_X2_Y0_Z0_mono0_fix1//test20tig_AVDZ// DONE 4.689718751012225 9.361506889970098 12.129643244138835 26.180868885121157 4 0.00000893 -0.00002541 -0.00002447 -0.00000001 0.00003341 0.00002067 0.00002803
shell0_X0_Y0_Z0_mono0_fix1/shell1_X-1_Y0_Z-1_mono1_fix1/shell2_X2_Y0_Z0_mono0_fix1//test20tig_AVDZ// DONE 4.689718793492955 9.361506889970098 12.129643268335897 26.18086895179895 4 0.00036204 0.00059214 0.00059177 -0.00000001 -0.00022972 -0.00025282 -0.00023947
shell0_X0_Y0_Z0_mono0_fix1/shell1_X-1_Y0_Z-1_mono1_fix1/shell3_X-1_Y1_Z-3_mono1_fix1//test20tig_AVDZ// DONE 4.689718793492955 10.88405459527898 10.621615275561464 26.1953886643334 2 0.00022167 0.00021618 0.00021609 -0.00000000 0.00000559 -0.00000070 0.00000293
shell0_X0_Y0_Z0_mono0_fix1/shell1_X-1_Y1_Z-1_mono1_fix1/shell2_X0_Y1_Z2_mono0_fix1//test20tig_AVDZ// DONE 4.689718751012225 10.621615668329172 10.88405462313503 26.195389042476428 4 0.00021993 0.00021619 0.00021609 -0.00000001 0.00000384 -0.00000067 0.00000194
shell0_X0_Y0_Z0_mono0_fix1/shell2_X2_Y0_Z2_mono0_fix1/shell2_X2_Y0_Z1_mono0_fix1//test20tig_AVDZ// DONE 11.9138079772099 9.903259070833585 4.38165304261412 26.198720090657602 6 -0.00011632 -0.00013045 -0.00013124 -0.00000001 0.00001493 0.00000800 0.00001201
shell0_X0_Y0_Z0_mono0_fix1/shell1_X0_Y1_Z-1_mono1_fix1/shell2_X1_Y2_Z0_mono1_fix1//test20tig_AVDZ// DONE 4.879875191366439 12.288126041203562 9.035176903288958 26.203178135858955 2 0.00031385 0.00016283 0.00016264 -0.00000001 0.00015122 0.00011580 0.00013628
shell0_X0_Y0_Z0_mono0_fix1/shell1_X-1_Y1_Z-1_mono0_fix1/shell1_X0_Y0_Z-1_mono1_fix1//test20tig_AVDZ// DONE 9.035177165497888 4.8798752840715265 12.288126088308935 26.20317853787835 4 0.00031387 0.00016284 0.00016266 -0.00000001 0.00015122 0.00011577 0.00013627
shell0_X0_Y0_Z0_mono0_fix1/shell1_X-1_Y1_Z-1_mono1_fix1/shell3_X-2_Y1_Z-3_mono1_fix1//test20tig_AVDZ// DONE 4.689718751012225 12.394697932541886 9.153763740124077 26.238180423678187 2 -0.00046380 -0.00063241 -0.00063277 -0.00000001 0.00016899 0.00016753 0.00016837
shell0_X0_Y0_Z0_mono0_fix1/shell1_X-1_Y0_Z-1_mono1_fix1/shell3_X-2_Y0_Z-3_mono1_fix1//test20tig_AVDZ// DONE 4.689718793492955 12.394697956586858 9.153763740124077 26.23818049020389 2 0.00007079 0.00007494 0.00007375 -0.00000001 -0.00000294 -0.00001393 -0.00000758
shell0_X0_Y0_Z0_mono0_fix1/shell1_X-1_Y1_Z-1_mono1_fix1/shell2_X1_Y0_Z2_mono0_fix1//test20tig_AVDZ// DONE 4.689718751012225 9.153763844015145 12.394697932541886 26.238180527569256 4 0.00007511 0.00007494 0.00007374 -0.00000001 0.00000138 -0.00001395 -0.00000509
shell0_X0_Y0_Z0_mono0_fix1/shell1_X-1_Y0_Z-1_mono1_fix1/shell2_X1_Y0_Z2_mono0_fix1//test20tig_AVDZ// DONE 4.689718793492955 9.153763844015145 12.394697956586858 26.238180594094956 4 -0.00048042 -0.00063243 -0.00063279 -0.00000001 0.00015237 0.00016731 0.00015868
shell0_X0_Y0_Z0_mono0_fix1/shell2_X-1_Y0_Z-2_mono0_fix1/shell3_X-1_Y0_Z-3_mono0_fix1//test20tig_AVDZ// DONE 9.153763844015145 12.798371821311024 4.38165304261412 26.333788707940286 6 -0.00009140 -0.00024823 -0.00024871 -0.00000001 0.00015732 0.00010179 0.00013389
shell0_X0_Y0_Z0_mono0_fix1/shell1_X0_Y0_Z-1_mono1_fix1/shell2_X-2_Y1_Z-2_mono1_fix1//test20tig_AVDZ// DONE 4.8798752840715265 9.573570512557703 11.891151506273106 26.344597302902336 2 0.00044834 0.00044832 0.00044830 -0.00000001 0.00000004 -0.00003911 -0.00001647
shell0_X0_Y0_Z0_mono0_fix1/shell2_X-2_Y0_Z-2_mono1_fix1/shell2_X-2_Y-1_Z-1_mono0_fix1//test20tig_AVDZ// DONE 9.573570545117207 11.891151656917737 4.879875191366439 26.34459739340138 4 0.00044988 0.00044833 0.00044831 -0.00000001 0.00000158 -0.00003913 -0.00001559
shell0_X0_Y0_Z0_mono0_fix1/shell2_X-2_Y1_Z-2_mono1_fix1/shell3_X-2_Y1_Z-3_mono1_fix1//test20tig_AVDZ// DONE 9.573570512557703 12.394697932541886 4.381652121160035 26.349920566259623 2 -0.00002555 -0.00001208 -0.00001279 -0.00000001 -0.00001276 -0.00001253 -0.00001266
shell0_X0_Y0_Z0_mono0_fix1/shell2_X-2_Y0_Z-2_mono1_fix1/shell3_X-2_Y0_Z-3_mono1_fix1//test20tig_AVDZ// DONE 9.573570545117207 12.394697956586858 4.381652121160035 26.3499206228641 2 -0.00015578 -0.00029558 -0.00029626 -0.00000001 0.00014049 0.00011686 0.00013052
