shell0_X0_Y0_Z0_mono0_fix1/shell1_X-1_Y0_Z-1_mono0_fix1/shell1_X0_Y0_Z-1_mono0_fix1//test20tig_AVDZ// DONE 6.064820747978854 4.38165304261412 4.854291847385022 15.300765637977996 6	0.01292229 0.09736599 -0.01311951 0.01293858  0.01310322 0.01626882 0.01443871
shell0_X0_Y0_Z0_mono0_fix1/shell1_X-1_Y1_Z-1_mono1_fix1/shell1_X0_Y1_Z0_mono1_fix1//test20tig_AVDZ// DONE 4.689718751012225 4.689720349898127 6.064820740141162 15.444259841051514 2	0.00647008 0.08817151 -0.02192085 0.01329742 0.01509351 0.01834405 0.01646483
shell0_X0_Y0_Z0_mono0_fix1/shell1_X-1_Y0_Z-1_mono0_fix1/shell1_X-1_Y1_Z-1_mono1_fix1//test20tig_AVDZ// DONE 6.064820747978854 4.689718751012225 4.689720349898127 15.444259848889207 4	0.00649289 0.08817207 -0.02188793 0.01326792 0.01511290 0.01834161 0.01647501
shell0_X0_Y0_Z0_mono0_fix1/shell1_X0_Y0_Z-1_mono0_fix1/shell1_X1_Y0_Z-1_mono0_fix1//test20tig_AVDZ// DONE 4.38165304261412 6.602802553139408 4.854291847385022 15.838747443138548 6	-0.00229489 0.01859588 -0.01086466 0.00443576 0.00413401 0.00513309 0.00455550
shell0_X0_Y0_Z0_mono0_fix1/shell1_X-1_Y0_Z-1_mono1_fix1/shell1_X-1_Y1_Z-1_mono1_fix1//test20tig_AVDZ// DONE 4.689718793492955 4.689718751012225 6.810810873136547 16.190248417641726 2	0.00528295 0.02284483 0.00061856 0.00372956 0.00093482 0.00184098 0.00131711
shell0_X0_Y0_Z0_mono0_fix1/shell1_X-1_Y1_Z-1_mono1_fix1/shell1_X0_Y1_Z0_mono0_fix1//test20tig_AVDZ// DONE 4.689718751012225 6.810811507043177 4.689718793492955 16.190249051548356 4	0.00528094 0.02284499 0.00061571 0.00373205 0.00093318 0.00184065 0.00131602
shell0_X0_Y0_Z0_mono0_fix1/shell1_X0_Y1_Z-1_mono1_fix1/shell1_X-1_Y1_Z0_mono1_fix1//test20tig_AVDZ// DONE 4.879875191366439 4.879876784204481 6.602801743528848 16.36255371909977 2	-0.01752014 -0.00666870 -0.02476389 0.00198911 0.00525464 0.00672986 0.00587700
shell0_X0_Y0_Z0_mono0_fix1/shell1_X0_Y1_Z-1_mono1_fix1/shell1_X1_Y0_Z-1_mono0_fix1//test20tig_AVDZ// DONE 4.879875191366439 6.602802553139408 4.879876784204481 16.362554528710326 4	-0.01752836 -0.00666876 -0.02477227 0.00199625 0.00524766 0.00673399 0.00587471
shell0_X0_Y0_Z0_mono0_fix1/shell1_X-1_Y1_Z-1_mono1_fix1/shell2_X-1_Y1_Z-2_mono1_fix1//test20tig_AVDZ// DONE 4.689718751012225 7.3245438676480985 4.381652121160035 16.39591473982036 2	-0.00310554 0.00363746 -0.00250101 0.00160279 -0.00220732 -0.00141948 -0.00187495
shell0_X0_Y0_Z0_mono0_fix1/shell1_X-1_Y0_Z-1_mono1_fix1/shell2_X-1_Y0_Z-2_mono1_fix1//test20tig_AVDZ// DONE 4.689718793492955 7.324543907536211 4.381652121160035 16.3959148221892 2	-0.00042164 0.00786425 0.00118021 0.00170368 -0.00330553 -0.00277272 -0.00308075
shell0_X0_Y0_Z0_mono0_fix1/shell1_X-1_Y1_Z-1_mono1_fix1/shell1_X0_Y0_Z1_mono0_fix1//test20tig_AVDZ// DONE 4.689718751012225 4.381653042614121 7.3245438676480985 16.395915661274444 4	-0.00043584 0.00786439 0.00118414 0.00169878 -0.00331876 -0.00275840 -0.00308236
shell0_X0_Y0_Z0_mono0_fix1/shell1_X-1_Y0_Z-1_mono1_fix1/shell1_X0_Y0_Z1_mono0_fix1//test20tig_AVDZ// DONE 4.689718793492955 4.381653042614121 7.324543907536211 16.395915743643286 4	-0.00310620 0.00363736 -0.00249608 0.00160026 -0.00221038 -0.00141927 -0.00187663
shell0_X0_Y0_Z0_mono0_fix1/shell1_X0_Y0_Z-1_mono1_fix1/shell1_X0_Y1_Z-1_mono1_fix1//test20tig_AVDZ// DONE 4.8798752840715265 4.879875191366439 6.810810873136547 16.57056134857451 2	-0.01560510 -0.00733895 -0.02085463 0.00182329 0.00342624 0.00490785 0.00405129
shell0_X0_Y0_Z0_mono0_fix1/shell1_X0_Y0_Z-1_mono1_fix1/shell1_X0_Y-1_Z0_mono0_fix1//test20tig_AVDZ// DONE 4.8798752840715265 6.81081150704318 4.879875191366439 16.570561982481145 4	-0.01560924 -0.00733886 -0.02085706 0.00182325 0.00342457 0.00491382 0.00405285
shell0_X0_Y0_Z0_mono0_fix1/shell1_X0_Y1_Z-1_mono1_fix1/shell2_X0_Y1_Z-2_mono1_fix1//test20tig_AVDZ// DONE 4.879875191366439 7.646690156232921 4.381652121160035 16.908217468759396 2	0.00130590 0.00925844 -0.00110075 0.00238487 0.00002179 -0.00000417 0.00001084
shell0_X0_Y0_Z0_mono0_fix1/shell1_X0_Y0_Z-1_mono1_fix1/shell2_X0_Y0_Z-2_mono1_fix1//test20tig_AVDZ// DONE 4.8798752840715265 7.646690203091247 4.381652121160035 16.908217608322808 2	-0.00071762 0.00578610 0.00911035 -0.00048076 -0.00934721 -0.00862619 -0.00904303
shell0_X0_Y0_Z0_mono0_fix1/shell1_X0_Y0_Z-1_mono0_fix1/shell2_X0_Y1_Z-2_mono1_fix1//test20tig_AVDZ// DONE 4.38165304261412 7.646690156232921 4.879875191366439 16.90821839021348 4	-0.00072662 0.00578598 0.00910731 -0.00047799 -0.00935594 -0.00861984 -0.00904540
shell0_X0_Y0_Z0_mono0_fix1/shell1_X0_Y0_Z-1_mono1_fix1/shell1_X0_Y0_Z1_mono0_fix1//test20tig_AVDZ// DONE 4.8798752840715265 4.381653042614121 7.646690203091246 16.908218529776892 4	0.00129878 0.00925867 -0.00111035 0.00239642 0.00001270 -0.00000332 0.00000594
shell0_X0_Y0_Z0_mono0_fix1/shell1_X0_Y0_Z-1_mono0_fix1/shell2_X0_Y0_Z-2_mono0_fix1//test20tig_AVDZ// DONE 4.38165304261412 8.293258355384793 4.38165304261412 17.056564440613034 3	-0.00265716 0.00526744 0.00541811 0.00034139 -0.00841666 -0.00817961 -0.00831665
shell0_X0_Y0_Z0_mono0_fix1/shell1_X-1_Y1_Z-1_mono1_fix1/shell2_X-2_Y1_Z-1_mono1_fix1//test20tig_AVDZ// DONE 4.689718751012225 7.9370587750867125 4.854291280975464 17.4810688070744 2	-0.00033917 0.00527975 0.00576697 0.00026280 -0.00636893 -0.00604154 -0.00623081
shell0_X0_Y0_Z0_mono0_fix1/shell1_X-1_Y0_Z-1_mono1_fix1/shell2_X-2_Y0_Z-1_mono1_fix1//test20tig_AVDZ// DONE 4.689718793492955 7.937058818163156 4.854291280975464 17.481068892631576 2	-0.00166946 0.00407757 0.00180974 0.00093235 -0.00441156 -0.00398063 -0.00422976
shell0_X0_Y0_Z0_mono0_fix1/shell1_X-1_Y1_Z-1_mono1_fix1/shell1_X1_Y0_Z0_mono0_fix1//test20tig_AVDZ// DONE 4.689718751012225 4.854291847385022 7.9370587750867125 17.481069373483958 4	-0.00166332 0.00407749 0.00182014 0.00092115 -0.00440460 -0.00397854 -0.00422485
shell0_X0_Y0_Z0_mono0_fix1/shell1_X-1_Y0_Z-1_mono1_fix1/shell1_X1_Y0_Z0_mono0_fix1//test20tig_AVDZ// DONE 4.689718793492955 4.854291847385022 7.937058818163156 17.481069459041134 4	-0.00033598 0.00527991 0.00576420 0.00026700 -0.00636719 -0.00604651 -0.00623190
shell0_X0_Y0_Z0_mono0_fix1/shell1_X-1_Y0_Z-1_mono1_fix1/shell1_X-1_Y1_Z0_mono1_fix1//test20tig_AVDZ// DONE 4.689718793492955 4.879876784204481 7.9181146796042725 17.487710257301707 2	-0.00503226 -0.00188816 -0.00500558 0.00077209 -0.00079876 -0.00028553 -0.00058224
shell0_X0_Y0_Z0_mono0_fix1/shell1_X-1_Y1_Z-1_mono1_fix1/shell1_X0_Y1_Z-1_mono0_fix1//test20tig_AVDZ// DONE 4.689718751012225 7.918115177639053 4.879876783261088 17.487710711912367 4	-0.00503671 -0.00188793 -0.00501099 0.00077647 -0.00080219 -0.00028716 -0.00058491
shell0_X0_Y0_Z0_mono0_fix1/shell1_X-1_Y1_Z-1_mono1_fix1/shell1_X-1_Y0_Z0_mono1_fix1//test20tig_AVDZ// DONE 4.689718751012225 4.879876783261088 7.947853458977189 17.517448993250504 2	-0.01256495 -0.00757429 -0.00991350 -0.00057468 -0.00207677 -0.00125476 -0.00172998
shell0_X0_Y0_Z0_mono0_fix1/shell1_X-1_Y0_Z-1_mono1_fix1/shell1_X0_Y-1_Z-1_mono0_fix1//test20tig_AVDZ// DONE 4.689718793492955 7.94785401225415 4.879876784204481 17.517449589951585 4	-0.01257420 -0.00757447 -0.00992123 -0.00056908 -0.00208389 -0.00124726 -0.00173094
shell0_X0_Y0_Z0_mono0_fix1/shell1_X-1_Y1_Z-1_mono1_fix1/shell1_X0_Y0_Z-1_mono1_fix1//test20tig_AVDZ// DONE 4.689718751012225 4.8798752840715265 8.16589350495135 17.735487540035102 2	-0.00148927 0.00314953 -0.00262824 0.00197697 -0.00083800 -0.00051500 -0.00070173
shell0_X0_Y0_Z0_mono0_fix1/shell1_X-1_Y0_Z-1_mono1_fix1/shell1_X-1_Y-1_Z0_mono0_fix1//test20tig_AVDZ// DONE 4.689718793492955 8.165893982210706 4.879875191366439 17.7354879670701 4	-0.00149237 0.00314959 -0.00262809 0.00197751 -0.00084179 -0.00051154 -0.00070247
shell0_X0_Y0_Z0_mono0_fix1/shell1_X-1_Y0_Z-1_mono1_fix1/shell1_X0_Y1_Z-1_mono1_fix1//test20tig_AVDZ// DONE 4.689718793492955 4.879875191366439 8.275279052957368 17.84487303781676 2	-0.00772868 -0.00273187 -0.00118629 -0.00022778 -0.00631462 -0.00597279 -0.00617041
shell0_X0_Y0_Z0_mono0_fix1/shell1_X-1_Y1_Z-1_mono1_fix1/shell1_X-1_Y1_Z0_mono0_fix1//test20tig_AVDZ// DONE 4.689718751012225 8.27527950048686 4.879875284071528 17.844873535570613 4	-0.00773470 -0.00273216 -0.00119338 -0.00022201 -0.00631931 -0.00597257 -0.00617303
shell0_X0_Y0_Z0_mono0_fix1/shell1_X0_Y1_Z-1_mono1_fix1/shell1_X1_Y1_Z-1_mono1_fix1//test20tig_AVDZ// DONE 4.879875191366439 8.232858600601466 4.854291280975464 17.96702507294337 2	-0.00363390 0.00130656 -0.00378561 0.00163065 -0.00147894 -0.00131045 -0.00140786
shell0_X0_Y0_Z0_mono0_fix1/shell1_X0_Y0_Z-1_mono1_fix1/shell1_X1_Y0_Z-1_mono1_fix1//test20tig_AVDZ// DONE 4.8798752840715265 8.232858625612332 4.854291280975464 17.96702519065932 2	0.00185796 0.00750415 0.01161212 -0.00045105 -0.00930311 -0.00892067 -0.00914177
shell0_X0_Y0_Z0_mono0_fix1/shell1_X0_Y1_Z-1_mono1_fix1/shell1_X-1_Y0_Z0_mono0_fix1//test20tig_AVDZ// DONE 4.879875191366439 4.854291847385022 8.232858600601466 17.967025639352926 4	0.00185985 0.00750408 0.01161922 -0.00045900 -0.00930038 -0.00892046 -0.00914010
shell0_X0_Y0_Z0_mono0_fix1/shell1_X0_Y0_Z-1_mono1_fix1/shell1_X-1_Y0_Z0_mono0_fix1//test20tig_AVDZ// DONE 4.8798752840715265 4.854291847385022 8.232858625612332 17.967025757068882 4	-0.00364352 0.00130659 -0.00379722 0.00164159 -0.00148790 -0.00130924 -0.00141253
shell0_X0_Y0_Z0_mono0_fix1/shell0_X0_Y0_Z0_mono1_fix1/shell1_X-1_Y1_Z-1_mono1_fix1//test20tig_AVDZ// DONE 4.689720404504576 4.689718751012225 8.971985126694959 18.35142428221176 1	-0.00280099 0.00394281 0.00494318 0.00044506 -0.00818923 -0.00798477 -0.00810298
shell0_X0_Y0_Z0_mono0_fix1/shell1_X1_Y1_Z1_mono0_fix1/shell1_X0_Y1_Z0_mono1_fix1//test20tig_AVDZ// DONE 8.971985427673124 4.689720349898127 4.689718793492955 18.351424571064204 2	-0.00279863 0.00394287 0.00494447 0.00044388 -0.00818697 -0.00798645 -0.00810238
shell0_X0_Y0_Z0_mono0_fix1/shell1_X-1_Y0_Z-1_mono1_fix1/shell1_X0_Y1_Z0_mono1_fix1//test20tig_AVDZ// DONE 4.689718793492955 4.689720349898127 9.035176903288958 18.414616046680038 1	-0.00139771 0.00400054 0.00602082 -0.00009507 -0.00732346 -0.00715328 -0.00725167
shell0_X0_Y0_Z0_mono0_fix1/shell0_X0_Y0_Z0_mono1_fix1/shell1_X1_Y-1_Z1_mono0_fix1//test20tig_AVDZ// DONE 4.689720404504576 9.035177165497888 4.689718751012225 18.41461632101469 2	-0.00140064 0.00400062 0.00602021 -0.00009417 -0.00732667 -0.00714991 -0.00725210
shell0_X0_Y0_Z0_mono0_fix1/shell1_X0_Y0_Z-1_mono1_fix1/shell1_X-1_Y1_Z0_mono1_fix1//test20tig_AVDZ// DONE 4.8798752840715265 4.879876784204481 9.29549001807212 19.05524208634813 1	0.00446067 0.01473722 0.00476580 0.00262914 -0.00293428 -0.00350316 -0.00317427
shell0_X0_Y0_Z0_mono0_fix1/shell1_X0_Y1_Z-1_mono1_fix1/shell1_X1_Y1_Z-1_mono0_fix1//test20tig_AVDZ// DONE 4.879875191366439 9.295490539077504 4.879876783261088 19.055242513705032 2	0.00446474 0.01473688 0.00477095 0.00262505 -0.00293126 -0.00350349 -0.00317267
shell0_X0_Y0_Z0_mono0_fix1/shell1_X-1_Y0_Z0_mono0_fix1/shell2_X-2_Y0_Z0_mono0_fix1//test20tig_AVDZ// DONE 4.854291847385022 9.361506889970098 4.854291847385022 19.07009058474014 3	-0.00325691 0.00315898 0.00535444 0.00005856 -0.00866990 -0.00846898 -0.00858514
shell0_X0_Y0_Z0_mono0_fix1/shell1_X0_Y1_Z-1_mono1_fix1/shell1_X-1_Y0_Z0_mono1_fix1//test20tig_AVDZ// DONE 4.879875191366439 4.879876783261088 9.38737296522935 19.147124939856877 1	0.01881017 0.02892672 0.03687152 -0.00067775 -0.01738359 -0.01747558 -0.01742240
shell0_X0_Y0_Z0_mono0_fix1/shell1_X0_Y0_Z-1_mono1_fix1/shell1_X1_Y-1_Z-1_mono0_fix1//test20tig_AVDZ// DONE 4.8798752840715265 9.3873734873741 4.879876784204481 19.147125555650106 2	0.01880334 0.02892746 0.03686389 -0.00066696 -0.01739359 -0.01747390 -0.01742747
