18.2692397991557 0.00511738 0.01147038 0.0038995 0.0020171 -0.00079922 -0.00042576 -0.00064168
18.26923980699339 -0.00789494 0.00997198 -0.00891906 0.00334914 -0.00232498 0.00010432000000000003 -0.00130012
18.2692399317489 -0.0144367 0.00922282 -0.01535136 0.00403956 -0.00312486 0.00037202000000000003 -0.00164962
18.26923993958659 -0.00406578 0.03216426 -0.0073998 0.00792836 -0.0045943 -0.00051302 -0.00287254
18.881755582705864 0.0024376600000000003 0.0444644 -0.0049526399999999995 0.009979960000000001 -0.00258962 0.0017692800000000002 -0.0007507399999999997
18.881755590543555 -0.0109315 0.03492452 -0.01708432 0.010113400000000002 -0.00396058 0.0016748400000000004 -0.0015831799999999998
18.88175568972233 -0.01761906 0.030154760000000003 -0.02317246 0.010199500000000002 -0.00464612 0.0016185400000000003 -0.0020032599999999998
18.88175569756002 -0.00460734 0.05475564 -0.01826698 0.014292460000000002 -0.00063284 0.00619518 0.0022476600000000003
18.939210650773994 0.0011998400000000006 0.06202666 -0.013625579999999998 0.015019400000000002 -0.00019399999999999995 0.00680242 0.00275754
18.93921074011305 0.00046026000000000064 0.06370402 -0.015308079999999998 0.015217540000000002 0.0005507600000000001 0.00798788 0.0036882200000000003
18.939211460384556 -0.0009375399999999994 0.06705878 -0.018536439999999998 0.015485980000000002 0.00211288 0.01036092 0.0055924600000000005
18.93921154972361 0.010673140000000001 0.0816007 -0.009261119999999998 0.0169521 0.0029820800000000002 0.01156228 0.006601780000000001
19.11057972729635 0.01717576 0.08849794 -0.0025149599999999975 0.017120760000000002 0.00256994 0.012200619999999999 0.0066328
19.140318561911446 0.02335906 0.09883048 -0.0050183999999999975 0.01928556 0.00909188 0.018937719999999998 0.01324552
19.525379983546472 0.02360222 0.10073243999999999 -0.003671579999999997 0.01949066 0.00778314 0.01783812 0.01202502
19.525380055897084 0.02913424 0.10691018 0.000842940000000003 0.02019236 0.00809892 0.018293379999999998 0.01239964
19.525380793157034 0.0401958 0.11926582 0.009875420000000003 0.02159332 0.008727 0.019210179999999997 0.01314952
19.525380865507646 0.04068943999999999 0.12306985999999999 0.012574060000000003 0.02199772 0.006117640000000001 0.017005059999999995 0.01071068
19.60023763460812 0.017256739999999993 0.11113189999999999 -0.010032319999999996 0.02389144 0.0033976600000000007 0.015742719999999995 0.008605640000000001
19.825525304856484 0.01994661999999999 0.11438933999999999 -0.007092999999999995 0.02407152 0.0029681400000000006 0.015459719999999995 0.008237920000000001
19.825525391602923 0.01985225999999999 0.11525303999999999 -0.009854199999999995 0.02470866 0.004997840000000001 0.017684239999999993 0.010349800000000001
19.82552587126604 0.019722859999999988 0.11698047999999998 -0.015280719999999994 0.02589566 0.009108000000000002 0.022138039999999994 0.01460492
19.82552595801248 0.025063099999999987 0.12349527999999999 -0.009464159999999994 0.02630874 0.008218600000000001 0.021586719999999993 0.013858160000000001
19.830997336638905 0.036941239999999986 0.13796187999999998 0.006032520000000005 0.026986740000000002 0.0039220600000000015 0.018185799999999995 0.0099395
19.93237733815271 0.038388579999999985 0.13931107999999998 0.006776600000000005 0.027168940000000003 0.004443120000000002 0.018841119999999996 0.0105172
19.932377838780106 0.04123185999999998 0.14200979999999996 0.008213040000000005 0.02758106 0.005437840000000002 0.020169479999999997 0.01165268
19.940382854915057 0.03653181999999998 0.14072807999999998 -0.002969459999999995 0.02926244 0.010238920000000002 0.025295399999999996 0.016590800000000003
19.962116120118242 0.03963519999999998 0.14435404 -0.001522819999999995 0.0297463 0.011411800000000001 0.026595379999999995 0.0178173
19.962116670802587 0.04578095999999998 0.15160607999999998 0.0012950200000000048 0.03078306 0.013702960000000002 0.029193099999999996 0.02023778
20.32811000371109 0.039959099999999984 0.14851037999999997 -0.0034853199999999953 0.030825480000000002 0.012619040000000002 0.028441919999999996 0.01929424
20.32811001154878 0.028565339999999984 0.14540817999999997 -0.012837839999999994 0.032424800000000004 0.00897848 0.025164119999999995 0.01580672
20.328110078751322 0.022880979999999985 0.14385713999999997 -0.017482319999999996 0.0332037 0.007159700000000001 0.023521819999999995 0.0140624
20.328110086589014 0.011222739999999985 0.13766565999999997 -0.027081599999999997 0.033339900000000006 0.004964540000000001 0.022022059999999996 0.012160599999999999
20.44468007406196 0.013201079999999985 0.13897215999999996 -0.0243748 0.033184420000000006 0.004391560000000001 0.021631239999999996 0.01166448
20.4446806179435 0.017165919999999984 0.14158539999999994 -0.01893872 0.032850220000000006 0.003254560000000001 0.020850959999999995 0.01067796
20.474418899281638 0.015362519999999984 0.13978025999999993 -0.024188 0.033244800000000005 0.006305860000000001 0.023934219999999996 0.01374274
20.474419406711835 0.011754959999999984 0.13616989999999993 -0.03466312 0.03401152 0.0124067 0.030118859999999997 0.019878939999999998
20.497678552292886 0.012193839999999984 0.13646513999999993 -0.03456832 0.03407816 0.01268414 0.030461339999999996 0.020183819999999998
20.497678591237605 0.011417199999999983 0.13404219999999992 -0.035578979999999996 0.033832020000000004 0.0131643 0.031024919999999997 0.020699179999999998
20.497679007237373 0.009867559999999984 0.12919611999999991 -0.037591259999999994 0.0333311 0.01412786 0.03215104 0.02173134
20.497679046182093 0.010731559999999984 0.1297868399999999 -0.037409059999999994 0.03347158 0.01466918 0.03283588 0.022333219999999997
20.551570372959763 0.012834899999999984 0.13132335999999992 -0.03604618 0.0335848 0.0152964 0.03361214 0.023023319999999996
20.55157038525215 0.014573379999999985 0.1328466399999999 -0.037061699999999996 0.03405802 0.01757718 0.03598658 0.025343619999999997
20.55157129441385 0.018043419999999984 0.13589323999999992 -0.03904626 0.034965460000000004 0.02212434 0.04077782 0.029993739999999998
20.551571306706233 0.022242459999999985 0.13896631999999992 -0.03634298 0.03520186 0.0233837 0.04232602 0.03137494
20.629668406571355 0.025206559999999986 0.14157039999999993 -0.03330424 0.03529624 0.02321468 0.04222872 0.031236179999999995
20.62966850803613 0.027002859999999986 0.14358691999999992 -0.03169106 0.0354015 0.02329254 0.042291499999999996 0.03130768
20.629668861515842 0.030551739999999987 0.14762007999999993 -0.028560620000000002 0.035696660000000005 0.02341582 0.042402739999999994 0.031425879999999996
20.629668962980617 0.03649949999999999 0.15282815999999994 -0.02244702 0.035841660000000004 0.02310498 0.042207619999999994 0.031163879999999998
20.79226051077761 0.03532247999999999 0.15656285999999994 -0.017117280000000002 0.03565542000000001 0.01678446 0.03614252 0.02495112
20.792671073531018 0.03579763999999999 0.15636783999999995 -0.01854688 0.035837320000000006 0.01850732 0.038040159999999996 0.02674772
20.792671551386086 0.036787879999999995 0.15597779999999994 -0.02134812 0.036133000000000005 0.02200316 0.04185956 0.03038004
20.82237166619746 0.015325219999999994 0.14496407999999994 -0.03789258 0.03680920000000001 0.01640876 0.03690206 0.02505432
20.902056622132747 0.016921559999999995 0.14691947999999994 -0.037460520000000004 0.03720942000000001 0.017172820000000002 0.03764712 0.02581036
20.902057069066526 0.020119319999999996 0.15083035999999994 -0.036569120000000004 0.03798866000000001 0.01869994 0.03914988 0.0273272
21.168027957670304 0.019150159999999996 0.14966187999999994 -0.03739842 0.03791872000000001 0.01863002 0.039222719999999996 0.027317499999999998
21.168028052164864 0.020161799999999997 0.15057975999999995 -0.036591660000000005 0.03808808000000001 0.01866554 0.039360879999999994 0.02739632
21.168028061561373 0.022192639999999996 0.15241543999999996 -0.03497750000000001 0.03842620000000001 0.018744140000000003 0.03962759999999999 0.027554279999999997
21.168028156055932 0.020265519999999995 0.15007819999999997 -0.03661518000000001 0.038262800000000007 0.018618100000000002 0.03978107999999999 0.027546159999999997
21.176404278414584 0.020803399999999996 0.14983981999999996 -0.03715646000000001 0.038275260000000005 0.019684800000000002 0.04091547999999999 0.028641419999999997
21.176404526575773 0.021835199999999996 0.14936313999999995 -0.03827594000000001 0.03833550000000001 0.02177584 0.04318535999999999 0.0308079
21.23959600219161 0.018443259999999996 0.14474987999999994 -0.04268310000000001 0.03811240000000001 0.023014180000000002 0.044535639999999994 0.03209346
21.239596317217515 0.011667059999999996 0.13552307999999993 -0.051509700000000005 0.037683080000000015 0.025493900000000003 0.047210039999999995 0.0346553
21.278627321930124 0.014728319999999996 0.13809153999999993 -0.04801948 0.03768568000000001 0.025062340000000002 0.046920399999999994 0.03428362
21.278627866883696 0.020830879999999996 0.14322841999999994 -0.04108064 0.03772928000000001 0.024182460000000003 0.04632231999999999 0.03352262
21.388012937630357 0.019477199999999997 0.14182109999999995 -0.04429512 0.03797446000000001 0.02579808 0.04802115999999999 0.03517336
21.388013317465628 0.016816639999999997 0.13900665999999995 -0.05069948 0.03844178000000001 0.02907456 0.0513984 0.03849236
21.51953245249795 0.01938518 0.13930245999999996 -0.052698379999999996 0.03879146000000001 0.03329232 0.055879679999999994 0.04282130000000001
21.63189897217559 0.0180701 0.13742543999999995 -0.055015619999999994 0.038798000000000006 0.03428796 0.05698684 0.043863980000000004
21.63189948880338 0.015419139999999998 0.13367155999999997 -0.059678499999999995 0.038839280000000004 0.0362586 0.059200119999999995 0.04593698
21.69210970859887 0.02170486 0.13882321999999997 -0.052891839999999996 0.038724980000000006 0.035872020000000004 0.059172459999999996 0.04570184
21.723781914955225 0.01884468 0.13589177999999996 -0.05799752 0.03907622000000001 0.03776626 0.061183299999999996 0.04764528
21.72378244147757 0.0131434 0.13002865999999996 -0.06817356 0.03974630000000001 0.04157094 0.06521645999999999 0.05154636
21.752405661181264 0.012370579999999999 0.12910925999999998 -0.06947006 0.03981686000000001 0.04202406 0.06573839999999999 0.05202852
21.75240573362888 0.013903519999999999 0.13068264 -0.06667072 0.03971208000000001 0.04086242 0.06468595999999999 0.05091296
21.752406227590825 0.0170092 0.13382944 -0.061046840000000005 0.039473160000000014 0.03858314 0.06258035999999999 0.04870696
21.752406300038437 0.015473399999999998 0.13199064 -0.06365776000000001 0.039617800000000016 0.03951362 0.06362131999999998 0.04968404
21.755139387961272 0.012610939999999998 0.13033312 -0.0666704 0.039883620000000015 0.03939798 0.06362653999999998 0.04961938
21.755139507430428 0.018403299999999997 0.1377562 -0.055567280000000004 0.039538860000000016 0.03443196 0.05863573999999998 0.044642919999999996
21.755140197571833 0.030009179999999996 0.15260244 -0.033359240000000005 0.03884690000000002 0.024521759999999997 0.048622899999999976 0.034689399999999995
21.75514031704099 0.024284659999999996 0.14928732 -0.03941364000000001 0.03940382000000002 0.024294719999999995 0.04860385999999998 0.03455012
21.774131287312294 0.0331562 0.15711354 -0.027185520000000005 0.03909620000000002 0.021245759999999995 0.04572001999999998 0.03157082
21.78891998357104 0.03261292 0.15543708 -0.028200120000000006 0.03891878000000002 0.021894499999999994 0.04653803999999998 0.03229098
21.788920362942914 0.031394319999999996 0.15208412000000002 -0.030397600000000004 0.03874210000000002 0.023050099999999994 0.048174679999999984 0.0336495
21.80758419052196 0.032576919999999995 0.15275204 -0.031129600000000004 0.03891046000000002 0.024796339999999993 0.049749679999999984 0.0353235
21.843037563902328 0.031957959999999994 0.14997038000000001 -0.033694360000000007 0.03859900000000002 0.027053599999999994 0.05206141999999998 0.037603740000000004
21.85211183855875 0.031206719999999993 0.14892474000000003 -0.03497228000000001 0.03869460000000002 0.027484679999999994 0.05262803999999998 0.038092
21.852112022373966 0.029712079999999995 0.14683358000000002 -0.03745776000000001 0.03884012000000003 0.028329999999999994 0.05375783999999998 0.03905732
21.89228140880445 0.030847499999999996 0.14734934000000002 -0.035761560000000005 0.038645200000000025 0.027964159999999995 0.05350149999999998 0.03873768
21.892281484440396 0.030959959999999998 0.14706594000000003 -0.036286040000000006 0.03865972000000002 0.028586579999999993 0.05414467999999998 0.03936886
21.892282330258535 0.03118928 0.14649910000000002 -0.03726796 0.03863044000000002 0.029827099999999992 0.05548235999999998 0.04065038
21.892282405894484 0.03346384 0.14753070000000001 -0.033907 0.03826016000000002 0.02911097999999999 0.05494455999999998 0.040009499999999996
21.963919941576727 0.03394528 0.15256008000000001 -0.0251422 0.03826268000000002 0.020825039999999993 0.04692657999999998 0.03183659999999999
21.9803657393959 0.030853620000000002 0.1504601 -0.027344 0.03825332000000002 0.019944539999999993 0.04618249999999998 0.03101365999999999
21.980365853596155 0.0267935 0.1476702 -0.0310406 0.03823022000000002 0.019604119999999992 0.04604049999999998 0.030756939999999993
21.98036637330253 0.0186849 0.1420904 -0.03843684 0.038186580000000026 0.01893539999999999 0.045736899999999976 0.030242259999999993
21.980366487502785 0.012700300000000001 0.13789048 -0.0426014 0.037923540000000026 0.017378399999999992 0.04424889999999997 0.028714379999999994
22.044306030475077 0.01091272 0.13536382000000002 -0.04961492 0.03863868000000003 0.021889259999999994 0.04911537999999997 0.033375239999999994
22.067897564101578 0.01214308 0.13566736000000001 -0.04825358 0.03848694000000003 0.021910019999999995 0.04953849999999997 0.03356574
22.178440595960808 0.009426960000000002 0.13217346000000002 -0.0521315 0.03840264000000003 0.023156099999999995 0.05097241999999997 0.034891059999999995
22.178440731742334 0.009217720000000002 0.13130014 -0.053542839999999994 0.03846826000000003 0.024292559999999994 0.05220677999999997 0.036068819999999994
22.17844085642325 0.008794640000000003 0.12955366000000001 -0.056381719999999996 0.03861438000000003 0.026562239999999994 0.05468205999999996 0.038425259999999996
22.17844099220478 0.003432080000000003 0.12256570000000001 -0.06404359999999999 0.03833854000000003 0.029137399999999994 0.057560819999999964 0.0411285
22.18951934701327 -0.0023588799999999964 0.11688028000000002 -0.07483058 0.039224980000000034 0.033246979999999995 0.062029079999999966 0.045389399999999996
22.21806830057048 -0.0033472199999999962 0.11536028000000002 -0.07667642 0.039189360000000034 0.034140079999999996 0.06300857999999997 0.04631896
22.21806880896501 -0.005423699999999997 0.11232028000000002 -0.08051045999999999 0.03926124000000004 0.0358258 0.06497525999999997 0.0481232
22.24295637460093 -0.006796119999999997 0.11242344000000003 -0.08174065999999999 0.039593820000000036 0.035351 0.06461835999999997 0.04769814
22.2429565359542 -0.0030949999999999966 0.11734702000000002 -0.07401898 0.03921420000000004 0.03171006 0.06091551999999997 0.044031100000000004
22.24295700850756 0.004183800000000003 0.12719410000000003 -0.058731099999999994 0.03860328000000004 0.024311859999999998 0.05352999999999997 0.036638260000000006
22.24295716986083 0.001481520000000003 0.12740038000000004 -0.06114433999999999 0.03922240000000004 0.023403699999999996 0.05281739999999997 0.03581262
22.28408398112134 0.002998020000000003 0.12830698000000004 -0.05967697999999999 0.03912262000000004 0.023552619999999996 0.05308543999999997 0.036011800000000004
22.28408404861294 0.0036330200000000033 0.12868102000000003 -0.05960123999999999 0.039231040000000036 0.024003459999999997 0.05367325999999997 0.03652044
22.284084241583788 0.004834180000000003 0.12942922000000004 -0.05951499999999999 0.03952520000000004 0.024824219999999998 0.05485605999999997 0.03749396
22.284084309075382 0.007939540000000004 0.13124242000000003 -0.056490679999999995 0.039244080000000035 0.025186379999999998 0.05539237999999997 0.0379296
22.30131404678496 0.010499680000000004 0.13322314000000002 -0.053526559999999994 0.03947094000000004 0.024555539999999997 0.05523619999999997 0.03749898
22.30995123511686 0.007781560000000004 0.13035470000000002 -0.058374819999999994 0.039703400000000034 0.026453199999999996 0.05724621999999997 0.03944406
22.309951769872455 0.0023700800000000044 0.12461786000000002 -0.06812597999999999 0.040226560000000036 0.030269719999999996 0.061185899999999974 0.043312540000000004
22.334371298867097 -0.0008589799999999957 0.12063042000000003 -0.07222408 0.04017840000000004 0.031186939999999996 0.062284719999999974 0.044306380000000006
22.334371344782035 -0.004785159999999995 0.11588020000000003 -0.07776617999999999 0.040217740000000037 0.032763539999999994 0.06398671999999997 0.045935880000000005
22.33437185546148 -0.012870799999999995 0.10637964000000003 -0.08921133999999999 0.040652460000000036 0.03568833999999999 0.06741963999999998 0.04907504000000001
22.334371901376414 -0.019280959999999993 0.09840484000000002 -0.09736421999999999 0.04051782000000004 0.037565699999999994 0.06959291999999997 0.05107724000000001
22.53003743303477 -0.019690479999999993 0.09754860000000003 -0.09788191999999998 0.04041838000000004 0.037773339999999996 0.06993509999999997 0.05134164000000001
22.530037473044075 -0.018364399999999993 0.09869944000000003 -0.09676167999999999 0.04033862000000004 0.03805897999999999 0.07024217999999997 0.051636320000000006
22.530037489826878 -0.017679199999999992 0.09927480000000002 -0.09616315999999998 0.04025864000000004 0.03822563999999999 0.07040941999999997 0.051803220000000004
22.53003752983618 -0.018479399999999993 0.09756228000000003 -0.09714415999999998 0.03999836000000004 0.03866667999999999 0.07111533999999997 0.05235602
22.590250584087112 -0.018865759999999992 0.09796104000000003 -0.09751957999999998 0.04011940000000004 0.03853469999999999 0.07094105999999997 0.0522062
22.590250651831276 -0.019539759999999993 0.09808708000000002 -0.09706019999999999 0.03998098000000004 0.03753973999999999 0.06989713999999997 0.05119058
22.5902515055412 -0.02094383999999999 0.09833940000000002 -0.09622399999999999 0.03977614000000004 0.03550425999999999 0.06781249999999997 0.04913438
22.59025157328536 -0.021662919999999992 0.09913684000000002 -0.09690155999999998 0.039938220000000045 0.03530065999999999 0.06746501999999997 0.0488701
22.77344389027437 -0.02194935999999999 0.09905828000000001 -0.09748207999999998 0.04013484000000005 0.03539811999999999 0.06764369999999997 0.04900182
22.773443963896764 -0.022877999999999992 0.09827168000000001 -0.09873767999999998 0.040161500000000044 0.03569843999999999 0.06797257999999998 0.04931418
22.773444456683926 -0.024863159999999992 0.09669844000000001 -0.10141011999999998 0.040383420000000045 0.03616379999999999 0.06865149999999998 0.049869619999999996
22.77344453030632 -0.02535107999999999 0.09654144 -0.10237459999999998 0.040614940000000044 0.03640883999999999 0.06902557999999998 0.050169099999999994
22.802188236790812 -0.02380871999999999 0.09946566000000001 -0.10044115999999999 0.04085626000000005 0.03577643999999999 0.06834425999999998 0.049516059999999994
22.80218855102868 -0.020724639999999992 0.10531422000000001 -0.09653463999999999 0.041321420000000046 0.03448883999999999 0.06698197999999998 0.048196939999999994
22.826035926470652 -0.023871179999999992 0.10262622000000002 -0.10043885999999999 0.04139756000000005 0.03517039999999999 0.06783489999999998 0.048950799999999996
22.826036360069864 -0.03015601999999999 0.09724978000000002 -0.10823561999999999 0.04153924000000005 0.03654063999999999 0.06954645999999998 0.050465039999999996
22.886973174827485 -0.029770439999999992 0.09759076000000003 -0.10787788 0.04147966000000005 0.03662805999999999 0.06952997999999998 0.05050862
22.886973226602418 -0.030452099999999992 0.09684090000000002 -0.10931858 0.04154020000000005 0.03732657999999999 0.07025639999999998 0.051218919999999994
22.88697409628157 -0.03186465999999999 0.09534110000000003 -0.11223762 0.04169524000000005 0.03867805999999999 0.07173515999999998 0.05262408
22.886974148056506 -0.03108181999999999 0.09602310000000003 -0.11149574 0.04156060000000005 0.03885365999999999 0.07171759999999998 0.05271816
22.897536120372667 -0.03407407999999999 0.09301008000000002 -0.11446711999999999 0.04121998000000005 0.03917345999999999 0.07194151999999998 0.05299752
22.934178098039496 -0.03567241999999999 0.09143864000000003 -0.11621037999999999 0.04118014000000005 0.03935821999999999 0.07216569999999999 0.0531989
22.93417846085699 -0.03886069999999999 0.08829564000000004 -0.11966906 0.04108590000000005 0.03972289999999999 0.07262413999999999 0.05360314
22.951122723197443 -0.03996697999999999 0.08768166000000004 -0.11942731999999999 0.04125984000000005 0.03820093999999999 0.07146182 0.05223286
22.955355117793893 -0.039586279999999995 0.08792808000000003 -0.12098617999999998 0.04175256000000005 0.03964777999999999 0.07301528 0.0537247
22.95802583629896 -0.040816479999999995 0.08689500000000003 -0.12201063999999999 0.04165230000000005 0.039542319999999985 0.0730193 0.05366542
22.958026221318544 -0.04326036 0.08482884000000003 -0.12404072 0.041437900000000055 0.03934287999999998 0.07302737999999999 0.05355354
23.160104427989456 -0.0436965 0.08434998000000003 -0.12488234 0.041468100000000056 0.039718179999999985 0.07343657999999999 0.053943139999999994
23.160105027997105 -0.04457842 0.08339222000000003 -0.12659218 0.04155394000000005 0.040460259999999984 0.07424269999999998 0.05471225999999999
23.189843309335238 -0.04583964 0.08209586000000003 -0.1285613 0.04150718000000005 0.041214899999999985 0.07497861999999998 0.055458999999999994
23.189843760639334 -0.04841696 0.07950322000000004 -0.13259453999999998 0.041537140000000056 0.04264085999999998 0.07642529999999999 0.056893679999999995
23.23527443274562 -0.04733024 0.08006362000000004 -0.13158409999999998 0.041518700000000054 0.04273557999999998 0.07659355999999999 0.057019419999999994
23.235274723802554 -0.045187240000000004 0.08118442000000005 -0.12957265999999998 0.04149226000000005 0.04289357999999998 0.07695115999999999 0.05726161999999999
23.25552864110063 -0.04561156 0.08148474000000006 -0.12989546 0.04154534000000005 0.04273895999999998 0.07679053999999999 0.05710447999999999
23.255528715360732 -0.04600672 0.08147896000000006 -0.12843085999999998 0.04114472000000005 0.04127983999999998 0.07528205999999998 0.05562453999999999
23.255529562554717 -0.04685952 0.08146740000000006 -0.12556214 0.04039944000000005 0.03830359999999998 0.07226941999999999 0.052632939999999996
23.255529636814817 -0.04765496 0.08206800000000007 -0.12617773999999998 0.04047464000000005 0.03804855999999998 0.07190645999999999 0.05233238
23.277826656860036 -0.045629100000000006 0.08485438000000008 -0.12439115999999999 0.04065700000000005 0.03810545999999998 0.07189029999999999 0.052358459999999996
23.277827305000763 -0.04156618000000001 0.09042726000000008 -0.12079631999999998 0.041004160000000046 0.038226379999999976 0.07186053999999999 0.052415819999999995
23.298466199418392 -0.03983352000000001 0.09201668000000007 -0.11869967999999999 0.04098718000000005 0.03787935999999997 0.07149959999999998 0.05206291999999999
23.298466471548544 -0.03636844000000001 0.09519560000000007 -0.11451476 0.04096558000000005 0.03718111999999997 0.07076395999999999 0.05134891999999999
23.307565586338896 -0.03242234000000001 0.09993410000000008 -0.10840259999999999 0.04089684000000005 0.03508379999999997 0.06860757999999999 0.049226679999999995
23.30756598950991 -0.02451862000000001 0.10941106000000009 -0.09614951999999999 0.04073356000000005 0.03089771999999997 0.06429685999999998 0.04498799999999999
23.30851037793991 -0.02386310000000001 0.1109675000000001 -0.09386913999999999 0.040719000000000054 0.02928741999999997 0.06264597999999999 0.043360579999999996
23.308510568963985 -0.022493340000000007 0.1140804200000001 -0.08924553999999998 0.04063644000000005 0.026116139999999972 0.05933953999999999 0.040132259999999996
23.330707629161907 -0.023842560000000006 0.1132790600000001 -0.09077531999999998 0.04073526000000005 0.026197859999999972 0.05951517999999999 0.040253599999999994
23.330707817641606 -0.026382400000000007 0.1116764200000001 -0.09364031999999999 0.040739420000000054 0.02651885999999997 0.059855339999999986 0.040582679999999996
23.40788267719043 -0.026187520000000006 0.1121523000000001 -0.09311091999999999 0.040826360000000055 0.026097379999999972 0.05947269999999999 0.04017758
23.407883043320872 -0.025711560000000005 0.11310390000000009 -0.09193923999999999 0.040870720000000055 0.025357259999999972 0.05869269999999999 0.039420659999999996
23.517268114067534 -0.026170260000000004 0.1126463400000001 -0.09269103999999999 0.04095586000000005 0.025565219999999972 0.05892109999999998 0.03963724
23.51726867272594 -0.027094900000000005 0.11173122000000009 -0.09419919999999998 0.04113398000000005 0.025970619999999972 0.059377579999999985 0.040064199999999994
23.525604811564918 -0.024845560000000006 0.11474538000000009 -0.09155177999999999 0.04137148000000005 0.025335039999999972 0.058780459999999986 0.039444839999999995
23.525605453248886 -0.020344240000000006 0.1207737000000001 -0.08625605999999998 0.04184364000000005 0.024068479999999972 0.05758613999999999 0.038208759999999994
23.607211036886262 -0.020262500000000006 0.12038734000000009 -0.08619901999999999 0.04181550000000005 0.02412131999999997 0.05770857999999999 0.03829095999999999
23.607211068502373 -0.018756620000000005 0.12161212000000009 -0.08429757999999998 0.04172794000000005 0.02381331999999997 0.05745453999999999 0.03800571999999999
23.607211140777327 -0.015755180000000004 0.12406172000000008 -0.08051813999999999 0.041572860000000045 0.023190359999999972 0.05693837999999999 0.03742783999999999
23.60721117239344 -0.015605060000000004 0.12328888000000009 -0.08040541999999999 0.041517900000000045 0.023282759999999972 0.05719945999999999 0.03759139999999999
23.619559791188287 -0.019170680000000002 0.1193777400000001 -0.08546169999999999 0.04158510000000005 0.024706219999999973 0.05877379999999999 0.03907851999999999
23.619559913763254 -0.022129440000000004 0.11537626000000009 -0.08922001999999998 0.04143104000000005 0.025659839999999972 0.059861959999999985 0.04008889999999999
23.619560221424138 -0.028015360000000003 0.10737330000000009 -0.09671865999999998 0.041106920000000054 0.02759667999999997 0.06201823999999999 0.04211829999999999
23.619560343999108 -0.035232280000000005 0.09955102000000009 -0.10687145999999999 0.04131636000000005 0.03032307999999997 0.06516687999999998 0.04502281999999999
23.634990523995548 -0.03169272000000001 0.10367714000000008 -0.10198427999999998 0.04123584000000005 0.02905597999999997 0.06381593999999999 0.04372033999999999
23.63499080710043 -0.024677240000000007 0.11192938000000008 -0.09226387999999998 0.041168720000000054 0.02641817999999997 0.061080019999999985 0.04104113999999999
23.646419003417805 -0.021766820000000006 0.11319736000000008 -0.08998969999999998 0.040873580000000055 0.02734955999999997 0.06188131999999998 0.04191761999999999
23.86703124673151 -0.022240560000000006 0.11263710000000007 -0.09075449999999997 0.04081508000000005 0.02769911999999997 0.062263779999999984 0.04228105999999999
23.867031317068292 -0.021605560000000006 0.11338536000000007 -0.08937813999999997 0.04071754000000005 0.02705529999999997 0.061625539999999986 0.041639599999999985
23.867031701675998 -0.020249640000000006 0.11488200000000007 -0.08655025999999996 0.04041058000000005 0.02589029999999997 0.060353179999999985 0.040429319999999984
23.867031772012776 -0.021179600000000007 0.11376140000000007 -0.08805889999999997 0.04027534000000005 0.02660421999999997 0.061107979999999985 0.041160479999999985
24.141540763478098 -0.021631620000000008 0.11314204000000007 -0.08898571999999996 0.04032480000000005 0.02702955999999997 0.061595299999999985 0.041611979999999986
24.141540964574673 -0.02258066000000001 0.11190320000000006 -0.09092983999999996 0.04050624000000005 0.02784319999999997 0.06257165999999999 0.042494259999999985
24.204732440190504 -0.02343898000000001 0.11079584000000006 -0.09262485999999996 0.04058280000000005 0.02860335999999997 0.06332711999999999 0.04325243999999998
24.204732802281026 -0.02519954000000001 0.10858116000000007 -0.09605609999999996 0.04076664000000005 0.03009023999999997 0.06484223999999998 0.044751239999999984
24.248639681221555 -0.02376332000000001 0.11085658000000007 -0.09393421999999996 0.04095816000000005 0.02921307999999997 0.06400351999999998 0.043890299999999986
24.248639910246645 -0.02081444000000001 0.11540742000000007 -0.08955641999999996 0.04119716000000005 0.02754511999999997 0.06235175999999998 0.042229179999999984
24.249985473636517 -0.019258460000000012 0.11665434000000006 -0.08937905999999995 0.041895440000000055 0.028225459999999973 0.06340949999999998 0.043068759999999984
24.327656408039907 -0.01840916000000001 0.11879988000000007 -0.08802345999999996 0.04219860000000005 0.02741599999999997 0.06276145999999998 0.04232739999999998
24.32765678636529 -0.01655668000000001 0.12309088000000007 -0.08508001999999995 0.04254796000000005 0.025975679999999973 0.06145293999999998 0.04094267999999998
24.328919046771667 -0.01757168000000001 0.12271444000000006 -0.08575489999999995 0.04255290000000005 0.025630599999999972 0.06113493999999998 0.04060901999999998
24.32891936007164 -0.01968284000000001 0.12196136000000006 -0.08713761999999996 0.04259986000000005 0.024855199999999973 0.06057249999999998 0.03992345999999998
24.35428299868787 -0.02082196000000001 0.12102664000000006 -0.08849987999999996 0.04259720000000005 0.025080999999999975 0.06078035999999998 0.04014167999999998
24.35428329481147 -0.02311912000000001 0.11915716000000005 -0.09125683999999996 0.04262140000000005 0.025516599999999976 0.06118431999999998 0.040563919999999976
24.356704734748426 -0.02307896000000001 0.11866062000000005 -0.09122663999999997 0.042441120000000054 0.025706839999999977 0.06134691999999998 0.04074249999999997
24.356704774757723 -0.02205696000000001 0.11932030000000005 -0.09089451999999996 0.042412960000000055 0.026424879999999977 0.06218479999999998 0.041511099999999974
24.356704860013018 -0.02157874000000001 0.11965012000000004 -0.09074609999999997 0.04241216000000005 0.026755479999999977 0.06262065999999998 0.041886099999999975
24.35670490002232 -0.02153254000000001 0.11865700000000004 -0.09075289999999997 0.04211216000000005 0.027108479999999976 0.06293709999999998 0.042223659999999975
24.381119523189007 -0.01862318000000001 0.12277882000000004 -0.08568861999999997 0.042090020000000054 0.024975699999999976 0.06079877999999998 0.04008853999999998
24.381120011451543 -0.01268746000000001 0.13102258000000003 -0.07543685999999997 0.04192346000000005 0.020826219999999975 0.056539379999999986 0.03589269999999998
24.40031945551442 -0.01153712000000001 0.13273876000000004 -0.07430445999999996 0.04195816000000005 0.020809459999999974 0.05639657999999999 0.03582275999999998
24.400319575621282 -0.01145714000000001 0.13299994000000004 -0.07373915999999996 0.04196416000000005 0.020318139999999974 0.055981059999999985 0.03536341999999998
24.400319910458904 -0.01122806000000001 0.13352226000000003 -0.07250167999999996 0.04186264000000005 0.019411259999999975 0.055172579999999985 0.034498059999999976
24.40032003056577 -0.00895482000000001 0.13695474000000002 -0.07025751999999996 0.041948480000000045 0.019354499999999976 0.054901739999999984 0.034350979999999975
24.434562431336495 -0.00964174000000001 0.136719 -0.07019683999999997 0.04194842000000004 0.018606939999999975 0.05416043999999998 0.03360605999999997
24.434562677537958 -0.01098862000000001 0.13624756000000002 -0.07006071999999997 0.04192986000000004 0.017142539999999973 0.05265591999999998 0.03212469999999997
24.447827689268614 -0.00880738000000001 0.13850620000000002 -0.06735333999999997 0.041804920000000044 0.016741359999999973 0.05216975999999998 0.03168765999999997
24.447828276215013 -0.004448340000000011 0.14302340000000002 -0.06191645999999997 0.04154136000000004 0.015927079999999972 0.05122719999999998 0.030819259999999973
24.451891730312777 -0.00874194000000001 0.14018924000000002 -0.06658409999999997 0.04204344000000004 0.015799039999999973 0.05175795999999998 0.030969139999999975
24.50056179017313 -0.00955402000000001 0.14006054 -0.06732337999999996 0.042207140000000046 0.015562539999999972 0.051594759999999976 0.030763579999999974
24.500562176632254 -0.01113198000000001 0.1398031 -0.06871017999999995 0.04247210000000005 0.015106419999999971 0.05126943999999998 0.030362659999999975
24.51792992279497 -0.01217594000000001 0.13943066 -0.06966889999999995 0.04253038000000005 0.014962899999999972 0.05106409999999998 0.030193059999999976
24.517930101608957 -0.01425334000000001 0.13868586000000002 -0.07158577999999995 0.04264594000000005 0.014686819999999972 0.05064977999999998 0.029858659999999978
24.530300457970387 -0.01478728000000001 0.13878250000000003 -0.07076575999999994 0.04253192000000005 0.013446879999999972 0.04939051999999998 0.02861055999999998
24.530301122823005 -0.01585060000000001 0.13897590000000004 -0.06902999999999994 0.04226972000000005 0.010909999999999972 0.04686939999999998 0.02608031999999998
24.53971070236686 -0.01517928000000001 0.13986928000000004 -0.06878593999999993 0.04233880000000005 0.011268179999999971 0.04721419999999998 0.026432859999999978
24.53971115857059 -0.01378872000000001 0.14165612000000005 -0.06825233999999994 0.04243488000000005 0.012029059999999972 0.047890919999999976 0.02715825999999998
24.581131071433212 -0.01329362000000001 0.14293146000000007 -0.06641171999999994 0.04233422000000005 0.010784179999999971 0.04663517999999998 0.02590879999999998
24.581131177480163 -0.01226010000000001 0.14548226000000006 -0.06267395999999993 0.04207910000000005 0.00833505999999997 0.044123659999999974 0.02343335999999998
24.641556648785283 -0.01391070000000001 0.14469896000000007 -0.06347987999999993 0.04198268000000005 0.007586799999999971 0.04364923999999997 0.02280059999999998
24.64788478181689 -0.01286730000000001 0.14593280000000008 -0.06275399999999993 0.04228748000000005 0.007599519999999971 0.04384825999999997 0.02289191999999998
24.727636206811518 -0.01116750000000001 0.1477236600000001 -0.060657759999999936 0.04228742000000005 0.007203159999999971 0.043415159999999973 0.02248005999999998
24.727636880014124 -0.007758060000000011 0.1513053400000001 -0.056414199999999935 0.042238700000000046 0.0064177199999999705 0.042547759999999976 0.021660059999999978
24.73327375360094 -0.007457940000000011 0.1512479200000001 -0.054878799999999936 0.041972660000000044 0.005448479999999971 0.041440699999999976 0.020632679999999976
24.769987161393807 -0.005902640000000011 0.15263462000000008 -0.05335177999999994 0.04201478000000004 0.005434639999999971 0.041377439999999974 0.020597979999999978
24.76998724276433 -0.005672580000000011 0.15276118000000008 -0.053160579999999936 0.04198620000000004 0.005502079999999971 0.04140201999999998 0.020647339999999976
24.769987717988194 -0.0052088200000000116 0.15301430000000008 -0.05279001999999994 0.041919160000000046 0.005662319999999971 0.041466539999999975 0.020767179999999975
24.76998779935871 -0.0021277400000000116 0.15578778000000007 -0.04972965999999994 0.042001120000000045 0.005601079999999971 0.04138297999999997 0.020696539999999975
24.819519306165972 -0.00033074000000001165 0.15780974000000006 -0.047722279999999936 0.04193894000000004 0.005452859999999971 0.041088799999999974 0.020486739999999976
24.8195196761135 0.0032276199999999883 0.16185354000000007 -0.043738239999999935 0.04184662000000004 0.005119539999999971 0.04050879999999998 0.020049339999999975
24.879046561223944 0.0011890399999999884 0.1598598400000001 -0.045690019999999935 0.041825960000000044 0.005053379999999971 0.04048441999999998 0.020000819999999975
24.879046900228126 -0.002829320000000012 0.1558724800000001 -0.04955785999999993 0.04174544000000004 0.004983379999999971 0.04040709999999998 0.019927699999999975
24.908785181566262 -0.005213540000000011 0.1535324000000001 -0.05171145999999993 0.041678220000000044 0.004819979999999971 0.04035799999999998 0.019812519999999976
24.90878589387382 -0.00998334000000001 0.1488520800000001 -0.05597581999999993 0.04149778000000005 0.004494979999999971 0.040307959999999976 0.019603519999999975
24.917693526769497 -0.00833888000000001 0.15095172000000012 -0.054019119999999934 0.04167370000000005 0.004006799999999971 0.039865079999999976 0.019134459999999975
24.917693630660565 -0.01049280000000001 0.14841844000000012 -0.056756439999999936 0.04166422000000005 0.004599679999999971 0.04044447999999998 0.019721659999999974
24.917693647330633 -0.01151846000000001 0.14715188000000012 -0.05807801999999994 0.04160248000000005 0.004957339999999971 0.04073577999999998 0.020051319999999973
24.9176937512217 -0.00816886000000001 0.15135136000000013 -0.05410321999999994 0.041882520000000055 0.004052099999999971 0.03982533999999998 0.019143879999999974
24.920993300201012 -0.00839436000000001 0.15181538000000014 -0.053306079999999936 0.04181988000000005 0.003092119999999971 0.03891357999999998 0.018204239999999976
24.920993367474516 -0.00958936000000001 0.15133210000000014 -0.054331959999999936 0.04184672000000005 0.002896179999999971 0.03867693999999998 0.017991119999999975
24.92099386661057 -0.01206220000000001 0.15036550000000012 -0.05651911999999994 0.04204888000000005 0.0024083399999999706 0.03818033999999998 0.017499559999999977
24.920993933884073 -0.012475960000000012 0.15129358000000012 -0.054884879999999935 0.04188816000000005 0.0005210599999999706 0.03636593999999998 0.015643039999999976
24.982248771732664 -0.012000040000000012 0.1533035200000001 -0.05255645999999994 0.04178832000000005 -0.0012315400000000294 0.03471071999999998 0.013931539999999977
25.14373775434241 -0.012916460000000012 0.15294752000000011 -0.053424519999999934 0.041854680000000054 -0.0013462600000000294 0.034621319999999976 0.013827499999999977
25.14373833721802 -0.014786860000000011 0.15223548000000012 -0.055207399999999934 0.042035360000000056 -0.0016144600000000293 0.03444075999999997 0.013596259999999976
25.253123407964686 -0.01572708000000001 0.1515613800000001 -0.055333519999999935 0.041830500000000055 -0.0022237000000000294 0.03396249999999997 0.013042279999999976
25.25312374987792 -0.01755440000000001 0.15021322000000012 -0.05553883999999994 0.041373540000000056 -0.0033887800000000296 0.03298473999999997 0.011956199999999976
25.413759217147298 -0.017842760000000013 0.14972506000000013 -0.056241819999999935 0.041495800000000055 -0.0030964400000000297 0.03336057999999997 0.012283759999999975
25.413759233780123 -0.017980020000000013 0.14938284000000013 -0.05691193999999994 0.041608500000000055 -0.0026762800000000296 0.033871779999999976 0.012742339999999975
25.413760138601386 -0.018115180000000012 0.14869840000000012 -0.05812233999999994 0.041688020000000055 -0.0016806000000000295 0.03486777999999997 0.013738179999999975
25.413760155234208 -0.018523860000000014 0.14772208000000012 -0.05938397999999994 0.041771900000000056 -0.0009115200000000295 0.035549859999999975 0.014470579999999974
25.469006314894656 -0.017626220000000012 0.14855122000000012 -0.05858121999999994 0.04194512000000006 -0.0009898800000000295 0.03566285999999998 0.014472959999999974
25.469006384139455 -0.01769764000000001 0.14824926000000013 -0.05899423999999994 0.04190598000000006 -0.0006091400000000295 0.03609223999999998 0.014874219999999974
25.469006745130507 -0.01769072000000001 0.14764538000000013 -0.05966847999999994 0.04167178000000006 0.00030625999999997055 0.036916239999999975 0.015751059999999973
25.46900681437531 -0.015701880000000012 0.14930366000000014 -0.05779555999999994 0.04173626000000006 0.00035769999999997053 0.037140719999999974 0.015875499999999973
25.478233428562902 -0.016817700000000012 0.14843168000000015 -0.05932225999999994 0.04180568000000006 0.0006992199999999705 0.03759215999999997 0.016263399999999973
25.49554429246058 -0.015913340000000012 0.15002624000000014 -0.057639679999999936 0.04179000000000006 -6.332000000002955e-05 0.036757019999999974 0.015470239999999974
25.495544594496966 -0.014081260000000012 0.15321520000000013 -0.054309999999999935 0.041794440000000065 -0.0015653600000000295 0.03502197999999997 0.013869919999999973
25.515973794691526 -0.017347880000000013 0.15032076000000014 -0.058055639999999936 0.04181066000000006 -0.0011025400000000294 0.03560733999999997 0.014384439999999972
25.51597412570277 -0.023832920000000014 0.14453204000000014 -0.06552783999999993 0.04182522000000006 -0.00012994000000002943 0.03673493999999997 0.015422439999999973
25.5237340374649 -0.024970740000000016 0.14393280000000014 -0.06659839999999993 0.041878840000000056 -0.0002508200000000294 0.03662897999999997 0.015307859999999974
25.523734078119492 -0.024714380000000015 0.14487156000000015 -0.06478147999999993 0.04184070000000006 -0.0017732400000000294 0.035285979999999974 0.013861139999999973
25.52373460387446 -0.024140900000000014 0.14674904000000014 -0.061134639999999935 0.04172730000000006 -0.004733200000000029 0.03254405999999997 0.010993179999999974
25.52373464452905 -0.026398500000000012 0.14555044000000014 -0.06327639999999994 0.041835060000000056 -0.004956800000000029 0.03230677999999997 0.010763819999999974
25.566005815381786 -0.023568620000000012 0.14953494000000014 -0.05832747999999994 0.04175890000000006 -0.006999680000000029 0.030242139999999973 0.008711759999999975
25.566006236056648 -0.01790446000000001 0.15750406000000014 -0.04842167999999994 0.041599140000000055 -0.011081600000000028 0.02611089999999997 0.004609039999999975
25.623579554144037 -0.021176980000000012 0.15417280000000014 -0.05251355999999994 0.04183284000000006 -0.010495940000000028 0.02702931999999997 0.005335099999999975
25.62535919644943 -0.023428380000000013 0.15161398000000015 -0.054878919999999935 0.04168986000000006 -0.010239000000000028 0.02736077999999997 0.005623479999999974
25.625359790227034 -0.027933060000000013 0.14649626000000016 -0.05962319999999993 0.041414660000000054 -0.009724200000000028 0.02801485999999997 0.006197039999999974
25.71742893197588 -0.028493520000000012 0.14644484000000016 -0.05924099999999993 0.04116074000000006 -0.010412880000000029 0.02748499999999997 0.005575319999999974
25.724709473149595 -0.027867160000000012 0.14699948000000015 -0.05870913999999993 0.04118606000000006 -0.010343700000000029 0.02754997999999997 0.005642739999999974
25.724709543032105 -0.02786962000000001 0.14694476000000015 -0.05867799999999993 0.04119116000000006 -0.010382400000000028 0.02757477999999997 0.005630839999999975
25.72471002974398 -0.02793622000000001 0.14683532000000016 -0.05868311999999993 0.04127780000000006 -0.010530480000000028 0.02762773999999997 0.005567559999999975
25.724710099626485 -0.026682340000000013 0.14794460000000015 -0.05762871999999993 0.04132060000000006 -0.010373800000000028 0.02776089999999997 0.005714319999999975
25.744588566042374 -0.025700920000000013 0.14941998000000015 -0.05629713999999993 0.04144652000000006 -0.010849860000000029 0.02729829999999997 0.005243939999999975
25.74458902882055 -0.023636840000000013 0.15237078000000015 -0.053518579999999934 0.04159176000000006 -0.011709580000000028 0.02637005999999997 0.004355299999999975
25.74769340160603 -0.025057180000000012 0.15054570000000014 -0.055461579999999934 0.04151372000000006 -0.01110888000000003 0.02702923999999997 0.004980679999999975
25.747693640851335 -0.027925980000000013 0.14689554000000013 -0.05937289999999994 0.04138704000000006 -0.009939640000000029 0.02835703999999997 0.0062167999999999755
25.769890701049256 -0.027522080000000015 0.14738592000000014 -0.05883189999999994 0.04139088000000006 -0.01008060000000003 0.028239179999999968 0.006085579999999976
25.76989084130772 -0.026754000000000014 0.14836676000000015 -0.057779539999999935 0.04143536000000006 -0.01040936000000003 0.028012619999999967 0.005799939999999976
25.807780504436387 -0.026053420000000015 0.14926986000000014 -0.056570419999999934 0.04145516000000006 -0.010937720000000031 0.027523119999999967 0.005287979999999976
25.8077806048453 -0.024654460000000013 0.15107598000000014 -0.054136659999999934 0.04147436000000006 -0.01199172000000003 0.026589599999999967 0.004284779999999976
25.843821773841206 -0.024134920000000015 0.15160530000000014 -0.053532759999999936 0.041229980000000055 -0.01183170000000003 0.02646197999999997 0.004323419999999976
25.886397706320533 -0.024463260000000014 0.15114328000000013 -0.05419939999999994 0.041225420000000054 -0.01148884000000003 0.026810299999999967 0.004668579999999976
25.886397846688244 -0.024897500000000013 0.15054540000000013 -0.05512363999999994 0.041217100000000055 -0.01099050000000003 0.02733525999999997 0.005178139999999976
25.88639827273009 -0.025775460000000014 0.14934964000000014 -0.05699379999999994 0.04122034000000006 -0.01000154000000003 0.028371259999999968 0.006186939999999976
25.8863984130978 -0.026562620000000012 0.14842564000000014 -0.05849851999999994 0.041400740000000054 -0.00946438000000003 0.029057099999999968 0.0067868199999999755
25.921863668610065 -0.028194200000000013 0.14702362000000013 -0.06051697999999994 0.041716400000000056 -0.00939310000000003 0.02941091999999997 0.006977259999999976
26.06626540911322 -0.027518200000000013 0.14791680000000013 -0.05939163999999994 0.04167840000000005 -0.009804420000000029 0.028971239999999968 0.006553959999999976
26.066265821312363 -0.026199480000000015 0.14970312000000013 -0.05719623999999994 0.04165648000000005 -0.010659180000000028 0.028084679999999966 0.0056857599999999755
26.13998649907542 -0.026819100000000016 0.14938458000000013 -0.05776461999999994 0.04173860000000005 -0.01079256000000003 0.028003359999999967 0.005574339999999975
26.139986660243125 -0.028045860000000016 0.14874754000000012 -0.05889169999999994 0.04188828000000005 -0.01104192000000003 0.027838559999999967 0.0053606599999999754
26.15814824746421 -0.027415980000000017 0.14960958000000013 -0.057649379999999945 0.041913900000000046 -0.011679980000000029 0.027300179999999966 0.004764639999999975
26.158148878415197 -0.026213140000000017 0.15133362000000014 -0.05520825999999995 0.042012140000000045 -0.013016500000000028 0.026231459999999967 0.003541079999999975
26.171540919197376 -0.026658120000000018 0.15077174000000015 -0.05583317999999995 0.042076300000000046 -0.012900720000000029 0.026440599999999967 0.003696259999999975
26.17154128889143 -0.02749628000000002 0.14964806000000017 -0.057010139999999945 0.04213202000000005 -0.012617640000000029 0.026858519999999966 0.004036219999999975
26.17709883966573 -0.02811368000000002 0.14875822000000016 -0.05779581999999994 0.04192522000000005 -0.012242560000000029 0.027243599999999965 0.004415539999999975
26.177098843520334 -0.02838520000000002 0.14848902000000017 -0.05814907999999994 0.041916880000000045 -0.01215246000000003 0.027369619999999966 0.004520779999999975
26.177098926831682 -0.02888444000000002 0.14795062000000017 -0.05880811999999994 0.041849240000000044 -0.01192502000000003 0.027591299999999964 0.0047457799999999755
26.17709893068629 -0.02919072000000002 0.14750570000000018 -0.05920141999999994 0.041746320000000045 -0.01173508000000003 0.027780079999999964 0.004935239999999975
26.180868624658714 -0.02867144000000002 0.14812910000000018 -0.05797775999999994 0.04167158000000005 -0.01236472000000003 0.027136339999999964 0.004299659999999975
26.180868691336507 -0.02875986000000002 0.1481431600000002 -0.05807399999999994 0.04172782000000005 -0.01241314000000003 0.027160539999999962 0.004281879999999975
26.180868885121157 -0.02894382000000002 0.1481712400000002 -0.05826915999999994 0.04184314000000005 -0.01251726000000003 0.027203259999999962 0.004239719999999975
26.18086895179895 -0.02787398000000002 0.14941816000000022 -0.055775119999999935 0.04165290000000005 -0.01375126000000003 0.025917379999999962 0.0029838399999999746
26.1953886643334 -0.02734884000000002 0.14972552000000022 -0.055325399999999934 0.04161110000000005 -0.013634020000000031 0.026019379999999964 0.0030946399999999745
26.195389042476428 -0.02622188000000002 0.15034032000000022 -0.05435159999999994 0.04146026000000005 -0.013330020000000031 0.026181979999999962 0.0033389999999999744
26.198720090657602 -0.026755580000000022 0.14938800000000022 -0.05484713999999994 0.04121876000000005 -0.013126680000000031 0.026514859999999963 0.0035969999999999743
26.203178135858955 -0.02625332000000002 0.1501375000000002 -0.05449949999999994 0.04120692000000005 -0.012960220000000031 0.026619799999999964 0.0037374999999999743
26.20317853787835 -0.02529480000000002 0.15163658000000022 -0.05386817999999994 0.04123976000000005 -0.01266586000000003 0.026839919999999965 0.004000539999999974
26.238180423678187 -0.02610504000000002 0.1507925800000002 -0.05509685999999994 0.04119508000000005 -0.01220272000000003 0.027260139999999964 0.004445559999999974
26.23818049020389 -0.02618490000000002 0.1509438600000002 -0.05504777999999994 0.04130272000000005 -0.01243930000000003 0.027069779999999963 0.004228479999999975
26.238180527569256 -0.02633790000000002 0.1512464600000002 -0.054923459999999945 0.04149844000000005 -0.012912340000000029 0.026686219999999962 0.0037931999999999745
26.238180594094956 -0.027956060000000022 0.1495584200000002 -0.05735181999999994 0.04138424000000005 -0.011987940000000029 0.027532619999999963 0.004684679999999974
26.333788707940286 -0.029142620000000022 0.1492341200000002 -0.05906721999999994 0.04163138000000005 -0.01170624000000003 0.027780419999999962 0.004952099999999974
26.344597302902336 -0.028322260000000023 0.1500932600000002 -0.05814405999999994 0.04158346000000005 -0.01176112000000003 0.02763271999999996 0.004858059999999974
26.34459739340138 -0.02668846000000002 0.1518115800000002 -0.056303299999999945 0.04149338000000005 -0.01187800000000003 0.02733595999999996 0.004665299999999974
26.349920566259623 -0.026906140000000023 0.1517358000000002 -0.056404939999999945 0.04159496000000005 -0.012095640000000029 0.027284259999999963 0.004517679999999974
26.3499206228641 -0.027319080000000023 0.1514495600000002 -0.056967359999999946 0.04161112000000005 -0.01196232000000003 0.027511319999999964 0.004690539999999974
