18.2692397991557 0.00814846 0.00748746 0.00748806 -2e-08 0.00066044 0.00041592 0.00055728
18.26923980699339 0.00064554 -0.0012503400000000008 -0.0012482600000000002 -6.000000000000001e-08 0.00189388 0.0021892 0.00201844
18.2692399317489 -0.00310468 -0.005619280000000001 -0.00561646 -8e-08 0.0025118799999999998 0.0030749 0.00274938
18.26923993958659 0.01319848 0.009356399999999999 0.00936038 -1.6e-07 0.0038382799999999995 0.0039061800000000004 0.0038669000000000004
18.881755582705864 0.02190706 0.01493864 0.01494252 -2e-07 0.00696474 0.00668436 0.0068464400000000005
18.881755590543555 0.01200362 0.0038633599999999997 0.0038696400000000006 -2.4e-07 0.008134259999999999 0.00836396 0.008231160000000001
18.88175568972233 0.0070513799999999995 -0.0016740000000000001 -0.0016665599999999992 -2.6e-07 0.008718239999999999 0.00920372 0.008923040000000002
18.88175569756002 0.02446966 0.00949072 0.00949792 -3.4000000000000003e-07 0.014972079999999999 0.01475976 0.014882480000000002
18.939210650773994 0.0312848 0.01509284 0.015098219999999999 -3.6000000000000005e-07 0.016186939999999997 0.01582678 0.01603498
18.93921074011305 0.03147976 0.01374552 0.013748879999999998 -3.8000000000000007e-07 0.01773126 0.017559679999999998 0.017658860000000002
18.939211460384556 0.031870640000000006 0.01105096 0.011050239999999998 -4.2000000000000006e-07 0.020820819999999997 0.02102496 0.020906940000000002
18.93921154972361 0.04550428000000001 0.022255 0.022250759999999998 -4.6000000000000004e-07 0.023253979999999997 0.02315876 0.023213820000000003
19.11057972729635 0.05323612000000001 0.0296584 0.029658659999999996 -5.200000000000001e-07 0.02357798 0.02365952 0.023612400000000002
19.140318561911446 0.060880060000000014 0.030494740000000003 0.030489479999999996 -5.800000000000002e-07 0.030391219999999997 0.02998412 0.03021948
19.525379983546472 0.06231080000000001 0.03250664 0.032502899999999994 -6.000000000000002e-07 0.029808559999999998 0.02938742 0.0296309
19.525380055897084 0.06853874000000001 0.03828576 0.03828068 -6.200000000000002e-07 0.03025874 0.029629720000000002 0.02999338
19.525380793157034 0.08099458000000001 0.04984416 0.049836319999999996 -6.600000000000002e-07 0.03115894 0.030114480000000002 0.0307183
19.525380865507646 0.08385462 0.05386808 0.05386328 -7.000000000000003e-07 0.02999206 0.028922000000000003 0.02954062
19.60023763460812 0.06725304000000001 0.03364316 0.03363794 -8.800000000000003e-07 0.03361594 0.033036920000000004 0.03337168
19.825525304856484 0.07044938000000002 0.036966399999999996 0.036960139999999995 -9.000000000000003e-07 0.033490099999999995 0.032927120000000004 0.0332526
19.825525391602923 0.07072032000000002 0.035075079999999995 0.035068779999999994 -9.200000000000003e-07 0.035652439999999994 0.034978640000000005 0.03536818
19.82552587126604 0.07127276000000002 0.03129248 0.03128589999999999 -9.600000000000003e-07 0.03998779999999999 0.03908172000000001 0.03960554
19.82552595801248 0.07766816000000001 0.037938879999999994 0.03793029999999999 -1.0000000000000004e-06 0.03973883999999999 0.038862240000000006 0.039369020000000005
19.830997336638905 0.09176588000000002 0.056162439999999994 0.056153499999999995 -1.0600000000000004e-06 0.03561341999999999 0.034821780000000004 0.03527948
19.93237733815271 0.09329376000000002 0.05729529999999999 0.057286899999999995 -1.0800000000000005e-06 0.03600791999999999 0.03521566 0.03567372
19.932377838780106 0.09634932000000002 0.05956117999999999 0.05955393999999999 -1.1200000000000005e-06 0.03679647999999999 0.036003780000000006 0.03646208
19.940382854915057 0.09373332000000001 0.04997635999999999 0.04997199999999999 -1.1800000000000006e-06 0.04376247999999999 0.04269150000000001 0.04331066
19.962116120118242 0.09729524 0.05223213999999999 0.05222621999999999 -1.2000000000000006e-06 0.04507019999999999 0.04383310000000001 0.0445483
19.962116670802587 0.10441852 0.05674377999999999 0.05673477999999999 -1.2400000000000006e-06 0.04768495999999999 0.046117420000000006 0.04702366
20.32811000371109 0.10050246 0.052115639999999984 0.05210771999999999 -1.2800000000000007e-06 0.048395999999999995 0.046970000000000005 0.047794420000000004
20.32811001154878 0.09483702000000001 0.04432879999999999 0.04432119999999999 -1.3600000000000007e-06 0.05051715999999999 0.048901200000000006 0.049835420000000005
20.328110078751322 0.09200496000000001 0.040435579999999985 0.04042811999999999 -1.4200000000000008e-06 0.05157823999999999 0.04986676 0.050856200000000004
20.328110086589014 0.08417248000000001 0.031178939999999985 0.03117363999999999 -1.5000000000000009e-06 0.05300031999999999 0.051572 0.05239776
20.44468007406196 0.08625004000000001 0.03389417999999998 0.033887819999999985 -1.520000000000001e-06 0.05236371999999999 0.05097778 0.05177904
20.4446806179435 0.09041308 0.03932485999999998 0.039316379999999984 -1.560000000000001e-06 0.05109823999999999 0.04978338 0.05054356
20.474418899281638 0.08831234 0.03440163999999998 0.034393039999999986 -1.580000000000001e-06 0.05392085999999999 0.05256864 0.05335042
20.474419406711835 0.08410954000000001 0.024555199999999985 0.024546319999999986 -1.620000000000001e-06 0.05956481999999999 0.05813968 0.05896362
20.497678552292886 0.08467564000000001 0.024657999999999985 0.024647739999999987 -1.660000000000001e-06 0.06002953999999999 0.05861146 0.05943132
20.497678591237605 0.08345040000000001 0.023537819999999987 0.023528699999999986 -1.700000000000001e-06 0.05992337999999999 0.05857734 0.05935556
20.497679007237373 0.08110204000000001 0.021297339999999988 0.021290459999999987 -1.7800000000000012e-06 0.05981329999999999 0.058510099999999995 0.05926356
20.497679046182093 0.08223536000000001 0.021503139999999987 0.021493419999999985 -1.8600000000000012e-06 0.06074377999999999 0.05945258 0.06019912
20.551570372959763 0.08426634000000001 0.023257079999999986 0.023246639999999985 -1.8800000000000013e-06 0.06102157999999999 0.05973014 0.06047682
20.55157038525215 0.08568236000000001 0.022941019999999986 0.022928979999999984 -1.9000000000000013e-06 0.06275526 0.06133696 0.06215698
20.55157129441385 0.08848940000000001 0.022308819999999986 0.022293579999999983 -1.9400000000000013e-06 0.06619773999999999 0.06458508 0.06551746
20.551571306706233 0.09255260000000001 0.025816819999999987 0.025800019999999983 -1.9800000000000014e-06 0.06675453999999999 0.06513912000000001 0.0660731
20.629668406571355 0.09567696000000002 0.029014599999999988 0.02899691999999998 -2.0200000000000014e-06 0.06668201999999998 0.06501404000000001 0.06597842
20.62966850803613 0.09781674000000001 0.030721059999999988 0.03070219999999998 -2.0600000000000015e-06 0.06711655999999998 0.06542278000000001 0.06640208
20.629668861515842 0.10209626000000001 0.034134179999999986 0.034112999999999984 -2.1400000000000015e-06 0.06798535999999998 0.06624022000000002 0.06724920000000001
20.629668962980617 0.1083761 0.04052973999999999 0.04050663999999998 -2.2200000000000016e-06 0.06787159999999998 0.06599002000000001 0.06707788
20.79226051077761 0.11140418 0.04553283999999999 0.045508239999999985 -2.2800000000000015e-06 0.06589813999999998 0.06382360000000001 0.06502300000000001
20.792671073531018 0.11122950000000001 0.04463115999999999 0.044605239999999984 -2.3200000000000015e-06 0.06662649999999998 0.06465796000000001 0.06579608
20.792671551386086 0.1108799 0.04282783999999999 0.04279935999999998 -2.4000000000000016e-06 0.06808285999999998 0.06632644000000001 0.06734192000000001
20.82237166619746 0.09725828 0.026951599999999992 0.026916339999999983 -2.4600000000000014e-06 0.07034431999999999 0.06859906000000002 0.06960806000000001
20.902056622132747 0.09919996 0.02783207999999999 0.027795419999999984 -2.4800000000000012e-06 0.07140693999999999 0.06955368000000002 0.07062512000000001
20.902057069066526 0.10308144000000001 0.02959307999999999 0.029553579999999982 -2.5200000000000013e-06 0.07353033999999999 0.07146504000000002 0.07265904000000001
21.168027957670304 0.10205496000000001 0.02878845999999999 0.028748359999999983 -2.5600000000000013e-06 0.07330911999999999 0.07129912000000002 0.07246114000000001
21.168028052164864 0.10326572000000002 0.02984719999999999 0.029805719999999983 -2.6000000000000014e-06 0.07346256 0.07146108000000002 0.07261818
21.168028061561373 0.10568960000000002 0.03196471999999999 0.03192047999999998 -2.6800000000000014e-06 0.07377175999999999 0.07178500000000003 0.07293358
21.168028156055932 0.10363556000000002 0.030355239999999988 0.03030987999999998 -2.7600000000000015e-06 0.07332836 0.07145492000000003 0.07253798
21.176404278414584 0.10387216000000002 0.030126479999999987 0.03007967999999998 -2.7800000000000013e-06 0.07379518 0.07195158000000003 0.07301738
21.176404526575773 0.10434224000000002 0.029668999999999987 0.02961923999999998 -2.8200000000000014e-06 0.07472574 0.07294826000000003 0.07397582000000001
21.23959600219161 0.10044832000000002 0.02497175999999999 0.024922099999999982 -2.840000000000001e-06 0.07552898 0.07383416000000002 0.07481394000000001
21.239596317217515 0.09265656000000003 0.015576999999999988 0.015527659999999981 -2.8800000000000012e-06 0.0771317 0.07560596000000003 0.07648798000000001
21.278627321930124 0.09580270000000003 0.01937141999999999 0.019321899999999982 -2.900000000000001e-06 0.07648362 0.07496530000000003 0.07584304000000001
21.278627866883696 0.10209474000000003 0.02696029999999999 0.02691025999999998 -2.940000000000001e-06 0.07518734 0.07368350000000003 0.07455288000000002
21.388012937630357 0.10058402000000004 0.02391001999999999 0.02385809999999998 -2.960000000000001e-06 0.07672878000000001 0.07517314000000003 0.07607248000000001
21.388013317465628 0.09756290000000004 0.017809539999999992 0.01775393999999998 -3.000000000000001e-06 0.0798119 0.07815226000000003 0.07911172000000001
21.51953245249795 0.09881168000000004 0.01653687999999999 0.01647953999999998 -3.0600000000000008e-06 0.08233514 0.08064700000000002 0.08162296000000001
21.63189897217559 0.09714982000000004 0.014301559999999991 0.01424155999999998 -3.100000000000001e-06 0.08291130000000001 0.08125712000000003 0.08221344000000001
21.63189948880338 0.09381058000000005 0.00983099999999999 0.009766159999999979 -3.180000000000001e-06 0.08404754 0.08248012000000003 0.08338628000000001
21.69210970859887 0.10029436000000004 0.016511879999999993 0.016444939999999977 -3.2400000000000007e-06 0.0838526 0.08222584000000004 0.08316632
21.723781914955225 0.09727306000000004 0.011717639999999993 0.011650639999999978 -3.2600000000000006e-06 0.0856256 0.08395906000000003 0.08492254
21.72378244147757 0.09122994000000004 0.0021288799999999927 0.002061839999999978 -3.2600000000000006e-06 0.08917132 0.08742522000000003 0.0884347
21.752405661181264 0.09053358000000003 0.0009302999999999926 0.0008617999999999779 -3.2800000000000004e-06 0.089675 0.08791730000000003 0.08893348000000001
21.75240573362888 0.09242532000000003 0.0037711199999999924 0.0037021799999999777 -3.3e-06 0.08872638000000001 0.08694774000000004 0.08797602000000002
21.752406227590825 0.09620656000000004 0.009452799999999992 0.009382779999999978 -3.34e-06 0.08682706000000001 0.08500894000000003 0.08606002000000001
21.752406300038437 0.09481876000000004 0.007055599999999992 0.006982659999999977 -3.3800000000000002e-06 0.08783942000000002 0.08599310000000003 0.08706046000000002
21.755139387961272 0.09272524000000004 0.0044341799999999916 0.004359059999999977 -3.4e-06 0.08836952000000002 0.08654168000000004 0.08759836000000001
21.755139507430428 0.10042914000000004 0.01543847999999999 0.015363099999999977 -3.42e-06 0.08506940000000002 0.08299880000000004 0.08419582000000002
21.755140197571833 0.11584146000000003 0.03744715999999999 0.037371219999999976 -3.46e-06 0.07847364000000001 0.07591304000000004 0.07739334000000002
21.75514031704099 0.11164390000000003 0.032204159999999996 0.032123939999999976 -3.5e-06 0.07952340000000001 0.07701032000000005 0.07846314000000001
21.774131287312294 0.12104776000000003 0.04470162 0.044622419999999975 -3.56e-06 0.07642884000000001 0.07403012000000005 0.07541682000000001
21.78891998357104 0.12006316000000003 0.043767879999999995 0.043687619999999976 -3.5799999999999996e-06 0.07637906000000001 0.07405770000000005 0.07539968000000001
21.788920362942914 0.11809272000000003 0.04190036 0.04181797999999998 -3.6199999999999996e-06 0.07627830000000001 0.07411302000000004 0.07536476000000002
21.80758419052196 0.11898480000000003 0.041312299999999996 0.04123195999999998 -3.6799999999999995e-06 0.07775646000000001 0.07570200000000005 0.07688966000000001
21.843037563902328 0.11729994000000003 0.03862652 0.03854173999999998 -3.7999999999999996e-06 0.07876194000000002 0.07687188000000005 0.0779645
21.85211183855875 0.11657540000000004 0.037426499999999994 0.03734107999999998 -3.82e-06 0.07923808000000002 0.07732268000000005 0.07842994
21.852112022373966 0.11512732000000003 0.035026579999999995 0.03493991999999998 -3.8599999999999995e-06 0.08019120000000002 0.07822452000000005 0.07936142
21.89228140880445 0.11630442000000003 0.03659576 0.03650877999999998 -3.879999999999999e-06 0.07979946000000002 0.07777526000000004 0.07894542
21.892281484440396 0.11625680000000004 0.036105019999999995 0.036017139999999975 -3.919999999999999e-06 0.08024352000000001 0.07822492000000004 0.07939184
21.892282330258535 0.11616180000000004 0.035123379999999996 0.03503389999999997 -3.9599999999999985e-06 0.08113184000000001 0.07912436000000005 0.08028484000000001
21.892282405894484 0.11846660000000003 0.038261779999999995 0.038171619999999976 -3.999999999999998e-06 0.08029896000000002 0.07822564000000004 0.07942416000000001
21.963919941576727 0.12280166000000003 0.047524819999999995 0.04743039999999998 -4.119999999999998e-06 0.07537530000000002 0.07323928000000005 0.07447404
21.9803657393959 0.12032770000000004 0.04542905999999999 0.04533357999999998 -4.139999999999998e-06 0.07499818000000003 0.07285912000000004 0.07409564
21.980365853596155 0.11690288000000004 0.041527919999999996 0.04143181999999998 -4.1599999999999974e-06 0.07547514000000002 0.07344782000000004 0.07461974
21.98036637330253 0.11005332000000004 0.033725599999999994 0.03362821999999998 -4.199999999999997e-06 0.07642922000000002 0.07462518000000004 0.07566802
21.980366487502785 0.10510456000000004 0.029534199999999997 0.02943461999999998 -4.239999999999997e-06 0.07567410000000002 0.07386518000000004 0.07491086
22.044306030475077 0.10271164000000005 0.023139339999999998 0.02303519999999998 -4.239999999999997e-06 0.07968060000000002 0.07771172000000004 0.07884991999999999
22.067897564101578 0.10388986000000004 0.024560199999999997 0.024448199999999982 -4.299999999999997e-06 0.07944588000000002 0.07755968000000003 0.07865006
22.178440595960808 0.10073966000000004 0.020657659999999998 0.02054603999999998 -4.319999999999997e-06 0.08019786000000002 0.07843604000000004 0.07945452
22.178440731742334 0.10026128000000004 0.019455539999999997 0.01934387999999998 -4.3399999999999966e-06 0.08092166000000002 0.07913124000000005 0.08016626
22.17844085642325 0.09930284000000003 0.017051379999999998 0.016939639999999978 -4.379999999999996e-06 0.08236750000000002 0.08052408000000005 0.08158974000000001
22.17844099220478 0.09300256000000003 0.009246179999999998 0.009135039999999978 -4.419999999999996e-06 0.08387186000000002 0.08227680000000005 0.08319886000000001
22.18951934701327 0.08723560000000002 -0.0008891400000000018 -0.0010040600000000219 -4.479999999999996e-06 0.08824406000000001 0.08678712000000005 0.08762932000000001
22.21806830057048 0.08583288000000003 -0.0027260400000000016 -0.0028418400000000217 -4.519999999999996e-06 0.08867914000000002 0.08728814000000006 0.08809222000000001
22.21806880896501 0.08304488000000003 -0.006399880000000002 -0.006517440000000022 -4.599999999999996e-06 0.08956678000000001 0.08826626000000005 0.08901802000000002
22.24295637460093 0.08259964000000003 -0.007263220000000002 -0.007381580000000022 -4.639999999999995e-06 0.08998572000000002 0.08860574000000006 0.08940344000000001
22.2429565359542 0.08768328000000003 0.00021263999999999832 9.371999999997771e-05 -4.659999999999995e-06 0.08759408000000002 0.08606832000000006 0.08695030000000001
22.24295700850756 0.09782552000000003 0.015164439999999998 0.015044399999999977 -4.739999999999995e-06 0.08278568000000001 0.08099296000000006 0.08202930000000001
22.24295716986083 0.09691928000000002 0.013437639999999997 0.013315999999999977 -4.819999999999995e-06 0.08360788000000001 0.08169056000000006 0.08279894000000002
22.28408398112134 0.09826402000000002 0.014943759999999997 0.014822579999999978 -4.819999999999995e-06 0.08344606000000002 0.08150178000000007 0.08262574000000002
22.28408404861294 0.09891128000000002 0.015166279999999997 0.015045499999999977 -4.839999999999995e-06 0.08387042000000001 0.08195810000000006 0.08306360000000002
22.284084241583788 0.10020552000000002 0.015611479999999997 0.015491539999999977 -4.879999999999995e-06 0.08471866000000002 0.08287070000000006 0.08393900000000001
22.284084309075382 0.10289576000000002 0.018623639999999997 0.01850465999999998 -4.919999999999994e-06 0.08439582000000001 0.08249242000000007 0.08359276000000002
22.30131404678496 0.10559378000000001 0.021874919999999996 0.021756359999999978 -5.039999999999994e-06 0.08384226000000002 0.08218402000000007 0.08314264000000002
22.30995123511686 0.10262802000000001 0.017148139999999996 0.01702835999999998 -5.039999999999994e-06 0.08560450000000001 0.08398192000000007 0.08491992000000002
22.309951769872455 0.09669674000000002 0.007694419999999995 0.007572119999999979 -5.039999999999994e-06 0.08912950000000001 0.08757720000000008 0.08847456000000002
22.334371298867097 0.09305300000000001 0.0036369799999999954 0.003512499999999979 -5.059999999999994e-06 0.08954540000000001 0.08817176000000007 0.08896584000000002
22.334371344782035 0.08862502000000001 -0.0018953800000000047 -0.0020200600000000206 -5.079999999999994e-06 0.09065000000000001 0.08932632000000007 0.09009152000000002
22.33437185546148 0.07976734000000002 -0.012960340000000004 -0.013085420000000021 -5.119999999999993e-06 0.09285772 0.09163588000000007 0.09234220000000003
22.334371901376414 0.07248146000000003 -0.021075180000000006 -0.02120462000000002 -5.159999999999993e-06 0.09369112 0.09282508000000007 0.09332568000000002
22.53003743303477 0.07184674000000002 -0.021614560000000005 -0.021744220000000022 -5.179999999999993e-06 0.09359602 0.09279402000000007 0.09325760000000002
22.530037473044075 0.07328934000000002 -0.020577920000000006 -0.020712220000000024 -5.219999999999992e-06 0.09400666 0.09324742000000008 0.09368628000000002
22.530037489826878 0.07399062000000002 -0.020059700000000007 -0.020196320000000025 -5.239999999999992e-06 0.09419206000000001 0.09347408000000008 0.09388910000000003
22.53003752983618 0.07272162000000001 -0.021138540000000008 -0.021275640000000026 -5.279999999999992e-06 0.09400242 0.09341212000000008 0.09375334000000003
22.590250584087112 0.07279982000000002 -0.021327520000000006 -0.021464520000000025 -5.299999999999992e-06 0.09426952000000001 0.09361086000000009 0.09399160000000004
22.590250651831276 0.07278064000000002 -0.020997440000000006 -0.021135020000000025 -5.319999999999991e-06 0.09392086000000001 0.09318858000000009 0.09361188000000004
22.5902515055412 0.07273592000000002 -0.020337160000000007 -0.020476020000000025 -5.359999999999991e-06 0.09321718000000001 0.09234406000000009 0.09284876000000003
22.59025157328536 0.07289088000000002 -0.020715160000000007 -0.020853820000000026 -5.399999999999991e-06 0.09375002000000002 0.09274118000000009 0.09332436000000004
22.77344389027437 0.07281260000000002 -0.021041680000000007 -0.021181780000000025 -5.4199999999999905e-06 0.09399972000000002 0.09302694000000009 0.09358928000000004
22.773443963896764 0.07201316000000002 -0.022285600000000006 -0.022426100000000025 -5.43999999999999e-06 0.09444462000000002 0.09347190000000008 0.09403420000000004
22.773444456683926 0.07041448000000002 -0.024773480000000007 -0.024914860000000025 -5.47999999999999e-06 0.09533474000000002 0.09436178000000008 0.09492424000000003
22.77344453030632 0.07026052000000002 -0.02542644000000001 -0.025570660000000026 -5.5199999999999895e-06 0.09583662000000001 0.09493318000000008 0.09545544000000003
22.802188236790812 0.07264668000000002 -0.023183180000000008 -0.023326680000000027 -5.539999999999989e-06 0.09597882 0.09490824000000007 0.09552714000000002
22.80218855102868 0.07739420000000002 -0.018696580000000008 -0.018838560000000025 -5.619999999999989e-06 0.09623826 0.09485700000000008 0.09565554000000002
22.826035926470652 0.07434682000000002 -0.022675900000000006 -0.022818180000000025 -5.639999999999989e-06 0.09717052000000001 0.09587930000000008 0.09662578000000002
22.826036360069864 0.06831134000000003 -0.030634860000000007 -0.030777660000000026 -5.679999999999989e-06 0.0990946 0.09792542000000008 0.09860134000000002
22.886973174827485 0.06882370000000003 -0.030315580000000005 -0.030459520000000025 -5.699999999999989e-06 0.09928884 0.09804988000000009 0.09876614000000003
22.886973226602418 0.06801424000000003 -0.03175994000000001 -0.03190226000000002 -5.7199999999999884e-06 0.09992216000000001 0.09871812000000009 0.09941418000000003
22.88697409628157 0.06639144000000004 -0.034648740000000004 -0.034787740000000025 -5.759999999999988e-06 0.10118488 0.1000562000000001 0.10070870000000003
22.886974148056506 0.06741592000000003 -0.03401006 -0.03415138000000002 -5.799999999999988e-06 0.10157300000000001 0.1003050800000001 0.10103810000000002
22.897536120372667 0.06443002000000003 -0.03735734 -0.037497880000000025 -5.859999999999988e-06 0.10193360000000001 0.1007508200000001 0.10143464000000002
22.934178098039496 0.06285340000000003 -0.0391127 -0.03925336000000002 -5.879999999999988e-06 0.10211248000000002 0.1008972400000001 0.10159982000000002
22.93417846085699 0.059696960000000035 -0.04262346 -0.04276436000000002 -5.919999999999987e-06 0.10246712000000002 0.10119152000000009 0.10192898000000002
22.951122723197443 0.05955740000000004 -0.042018360000000005 -0.042159140000000025 -5.979999999999988e-06 0.10172240000000002 0.10032242000000009 0.10113176000000001
22.955355117793893 0.05993972000000004 -0.04313496000000001 -0.04327628000000003 -6.039999999999988e-06 0.10322192000000002 0.10184888000000009 0.10264268000000001
22.95802583629896 0.05881164000000004 -0.044262140000000005 -0.044404120000000026 -6.059999999999988e-06 0.10322170000000003 0.10193416000000008 0.10267854000000001
22.958026221318544 0.05648588000000004 -0.04651646 -0.04665980000000003 -6.099999999999987e-06 0.10315166000000003 0.10210432000000008 0.10270982000000001
23.160104427989456 0.055987440000000034 -0.04730102 -0.04744516000000003 -6.119999999999987e-06 0.10343860000000003 0.10244588000000009 0.10301980000000001
23.160105027997105 0.05499492000000004 -0.04887026 -0.049015760000000026 -6.159999999999987e-06 0.10401672000000003 0.10312936000000009 0.10364236
23.189843309335238 0.05357790000000004 -0.0509975 -0.05114270000000003 -6.1799999999999866e-06 0.10472666000000004 0.10391090000000008 0.1043825
23.189843760639334 0.05074490000000004 -0.05525194 -0.05539650000000003 -6.219999999999986e-06 0.10614754000000004 0.10547350000000008 0.10586318
23.23527443274562 0.051567860000000035 -0.05420278 -0.05434882000000003 -6.239999999999986e-06 0.10592284000000005 0.10538404000000008 0.10569554
23.235274723802554 0.053215300000000035 -0.05210434 -0.05225338000000003 -6.279999999999986e-06 0.10547488000000005 0.10520592000000008 0.10536142000000001
23.25552864110063 0.05322332000000003 -0.05233354 -0.05248276000000003 -6.319999999999985e-06 0.10571232000000005 0.10535528000000008 0.10556170000000001
23.255528715360732 0.05325914000000003 -0.051214459999999996 -0.05136368000000003 -6.339999999999985e-06 0.10462908000000005 0.10432444000000007 0.10450056
23.255529562554717 0.05333762000000003 -0.04897633999999999 -0.04912560000000003 -6.379999999999985e-06 0.10246952000000005 0.10226252000000008 0.1023822
23.255529636814817 0.05335510000000003 -0.04943473999999999 -0.049584400000000035 -6.419999999999984e-06 0.10294584000000005 0.10256124000000008 0.1027836
23.277826656860036 0.05581064000000003 -0.04748341999999999 -0.04763306000000003 -6.439999999999984e-06 0.10345006000000005 0.10291908000000008 0.10322606000000001
23.277827305000763 0.06072876000000003 -0.04358069999999999 -0.043730340000000034 -6.479999999999984e-06 0.10446550000000006 0.10362996000000008 0.10411302000000001
23.298466199418392 0.06262548000000003 -0.04146481999999999 -0.041614960000000034 -6.4999999999999835e-06 0.10424686000000005 0.10331632000000007 0.10385430000000001
23.298466471548544 0.06641860000000002 -0.03723293999999999 -0.037384120000000035 -6.539999999999983e-06 0.10380918000000006 0.10268900000000007 0.10333662
23.307565586338896 0.07114592000000003 -0.031063579999999993 -0.031215160000000033 -6.559999999999983e-06 0.10236756000000005 0.10115624000000008 0.10185656
23.30756598950991 0.08060616000000002 -0.018724819999999993 -0.01887728000000003 -6.5999999999999825e-06 0.09948996000000006 0.09809080000000008 0.09889972
23.30851037793991 0.08208050000000003 -0.016344639999999994 -0.01649728000000003 -6.619999999999982e-06 0.09858432000000006 0.09715254000000008 0.09798032
23.308510568963985 0.08503554000000003 -0.011584159999999993 -0.011736920000000031 -6.659999999999982e-06 0.09677908000000006 0.09526650000000007 0.09614099999999999
23.330707629161907 0.08401132000000003 -0.012997239999999993 -0.013150660000000031 -6.679999999999982e-06 0.09716862000000005 0.09562844000000008 0.09651889999999999
23.330707817641606 0.08195816000000003 -0.015823399999999994 -0.01597838000000003 -6.719999999999981e-06 0.09794322000000005 0.09635764000000008 0.09727433999999999
23.40788267719043 0.08257636000000003 -0.015156659999999994 -0.015313240000000032 -6.739999999999981e-06 0.09789632000000005 0.09624776000000007 0.09720085999999999
23.407883043320872 0.08380744000000002 -0.013823339999999993 -0.013983120000000031 -6.779999999999981e-06 0.09779736000000006 0.09602812000000008 0.09705097999999998
23.517268114067534 0.08340198000000003 -0.014482739999999992 -0.01464160000000003 -6.799999999999981e-06 0.09805040000000005 0.09626462000000008 0.09729703999999999
23.51726867272594 0.08259270000000003 -0.015801459999999993 -0.015958480000000032 -6.83999999999998e-06 0.09855808000000005 0.09674014000000007 0.09779115999999999
23.525604811564918 0.08551906000000004 -0.012983939999999992 -0.013140860000000032 -6.87999999999998e-06 0.09866684000000005 0.09667594000000007 0.09782695999999999
23.525605453248886 0.09137138000000003 -0.007348899999999992 -0.007505500000000032 -6.9199999999999795e-06 0.09888384000000004 0.09654834000000007 0.09789859999999999
23.607211036886262 0.09142972000000003 -0.007338859999999992 -0.007496060000000032 -6.959999999999979e-06 0.09893278000000004 0.09658076000000007 0.09794055999999998
23.607211068502373 0.09297070000000003 -0.005475159999999992 -0.005634020000000032 -6.999999999999979e-06 0.09861174000000004 0.09624478000000007 0.09761321999999999
23.607211140777327 0.09605314000000004 -0.001747679999999992 -0.001909980000000032 -7.039999999999978e-06 0.09797018000000005 0.09557258000000007 0.09695873999999999
23.60721117239344 0.09617202000000004 -0.0017276399999999919 -0.001891140000000032 -7.119999999999978e-06 0.09807030000000004 0.09563678000000007 0.09704369999999998
23.619559791188287 0.09218780000000004 -0.006751019999999992 -0.006914220000000032 -7.139999999999978e-06 0.09910918000000005 0.09680720000000008 0.09813807999999999
23.619559913763254 0.08877060000000005 -0.010526359999999992 -0.010690180000000032 -7.179999999999978e-06 0.09946796000000005 0.09726994000000008 0.09854071999999998
23.619560221424138 0.08193644000000004 -0.01807711999999999 -0.01824218000000003 -7.259999999999978e-06 0.10018588000000005 0.09819502000000008 0.09934603999999998
23.619560343999108 0.07397880000000004 -0.02812395999999999 -0.02828842000000003 -7.2999999999999775e-06 0.10227452000000005 0.10052094000000007 0.10153479999999998
23.634990523995548 0.07812004000000004 -0.02336155999999999 -0.02352450000000003 -7.319999999999977e-06 0.10165188000000006 0.09977250000000007 0.10085907999999998
23.63499080710043 0.08643184000000004 -0.01383679999999999 -0.013996820000000031 -7.359999999999977e-06 0.10043604000000006 0.09827570000000006 0.09952471999999997
23.646419003417805 0.08875114000000003 -0.01160545999999999 -0.011766020000000032 -7.359999999999977e-06 0.10052460000000006 0.09828626000000007 0.09958033999999998
23.86703124673151 0.08820084000000003 -0.012407639999999989 -0.01256798000000003 -7.379999999999977e-06 0.10077628000000007 0.09850488000000007 0.09981805999999997
23.867031317068292 0.08896602000000003 -0.011111359999999989 -0.01127340000000003 -7.419999999999976e-06 0.10024692000000006 0.09804618000000007 0.09931851999999997
23.867031701675998 0.09050250000000004 -0.008518639999999989 -0.00868400000000003 -7.459999999999976e-06 0.09919408000000006 0.09712926000000006 0.09832299999999997
23.867031772012776 0.08937890000000004 -0.010123119999999989 -0.01028748000000003 -7.499999999999976e-06 0.09967400000000005 0.09756558000000007 0.09878451999999996
24.141540763478098 0.08884656000000003 -0.010968259999999988 -0.011132920000000029 -7.499999999999976e-06 0.09998712000000005 0.09788000000000006 0.09909817999999995
24.141540964574673 0.08778180000000003 -0.012658619999999988 -0.012824480000000029 -7.539999999999975e-06 0.10061396000000006 0.09850776000000007 0.09972537999999995
24.204732440190504 0.08673378000000004 -0.014303279999999988 -0.014469260000000029 -7.559999999999975e-06 0.10121074000000006 0.09909984000000006 0.10032017999999995
24.204732802281026 0.08462666000000003 -0.017592639999999986 -0.01775922000000003 -7.599999999999975e-06 0.10239362000000006 0.10028384000000007 0.10150353999999995
24.248639681221555 0.08676536000000003 -0.015380099999999987 -0.01554684000000003 -7.6199999999999745e-06 0.10231996000000006 0.10008126000000007 0.10137549999999995
24.248639910246645 0.09104304000000003 -0.010954979999999986 -0.01112208000000003 -7.659999999999974e-06 0.10217288000000006 0.09967546000000008 0.10111929999999995
24.249985473636517 0.09281304000000003 -0.010050839999999986 -0.01021842000000003 -7.779999999999975e-06 0.10303934000000006 0.10027792000000008 0.10187433999999995
24.327656408039907 0.09447308000000003 -0.008357519999999986 -0.00852568000000003 -7.799999999999974e-06 0.10300668000000006 0.10016646000000008 0.10180843999999996
24.32765678636529 0.09779376000000004 -0.004970919999999986 -0.00514024000000003 -7.839999999999974e-06 0.10294196000000005 0.09994374000000009 0.10167703999999995
24.328919046771667 0.09709228000000003 -0.005660919999999986 -0.0058298400000000306 -7.859999999999974e-06 0.10293008000000005 0.09991292000000009 0.10165717999999996
24.32891936007164 0.09569376000000003 -0.007041079999999986 -0.0072092800000000306 -7.899999999999973e-06 0.10291100000000004 0.09984920000000008 0.10161925999999996
24.35428299868787 0.09456616000000002 -0.008463059999999986 -0.00863168000000003 -7.919999999999973e-06 0.10320582000000005 0.10017396000000008 0.10192669999999997
24.35428329481147 0.09231088000000003 -0.011306979999999986 -0.01147652000000003 -7.959999999999973e-06 0.10379542000000004 0.10082360000000008 0.10254161999999997
24.356704734748426 0.09218508000000003 -0.011401919999999986 -0.01157020000000003 -7.979999999999973e-06 0.10376332000000005 0.10079594000000008 0.10251139999999997
24.356704774757723 0.09302396000000003 -0.010978479999999985 -0.011146840000000031 -8.019999999999972e-06 0.10417888000000004 0.10120030000000009 0.10292223999999997
24.356704860013018 0.09345580000000003 -0.010766799999999984 -0.010935260000000032 -8.039999999999972e-06 0.10439916000000005 0.1013858000000001 0.10312783999999997
24.35670490002232 0.09320268000000004 -0.010956639999999985 -0.011122620000000031 -8.079999999999972e-06 0.10433348000000005 0.1013304800000001 0.10306651999999997
24.381119523189007 0.09716062000000003 -0.005982659999999984 -0.006148780000000031 -8.079999999999972e-06 0.10331758000000005 0.1002007000000001 0.10200257999999997
24.381120011451543 0.10506258000000003 0.0039655400000000165 0.0037990599999999687 -8.079999999999972e-06 0.10127166000000004 0.09794230000000011 0.09986701999999997
24.40031945551442 0.10645598000000003 0.0051491200000000166 0.004984359999999969 -8.119999999999971e-06 0.10147978000000005 0.0980712600000001 0.10004175999999998
24.400319575621282 0.10678746000000003 0.005681260000000016 0.005516379999999969 -8.159999999999971e-06 0.10127928000000004 0.0978881600000001 0.09984859999999998
24.400319910458904 0.10745438000000003 0.006745460000000016 0.0065802999999999695 -8.23999999999997e-06 0.10088236000000005 0.0975197600000001 0.09946371999999998
24.40032003056577 0.11023942000000003 0.009112700000000015 0.00895097999999997 -8.31999999999997e-06 0.10129680000000005 0.09777960000000009 0.09981295999999998
24.434562431336495 0.10990492000000003 0.009211840000000015 0.009048959999999969 -8.33999999999997e-06 0.10086434000000005 0.0973259200000001 0.09937153999999998
24.434562677537958 0.10923336000000003 0.009410080000000015 0.009244799999999968 -8.379999999999969e-06 0.09999698000000005 0.0964184000000001 0.09848721999999999
24.447827689268614 0.11163028000000003 0.012011240000000015 0.011844919999999967 -8.419999999999969e-06 0.09979382000000006 0.0961115800000001 0.09824031999999999
24.447828276215013 0.11644628000000003 0.017213560000000017 0.01704523999999997 -8.499999999999968e-06 0.09940954000000006 0.0954981800000001 0.0977594
24.451891730312777 0.11308214000000003 0.012889840000000017 0.01271851999999997 -8.559999999999967e-06 0.10037218000000006 0.0965497400000001 0.09875953999999999
24.50056179017313 0.11275038000000003 0.012327080000000016 0.01215403999999997 -8.579999999999967e-06 0.10060492000000006 0.0966958400000001 0.09895572
24.500562176632254 0.11207142000000002 0.011201520000000017 0.01102511999999997 -8.619999999999967e-06 0.10105496000000005 0.0970152000000001 0.09935063999999999
24.51792992279497 0.11137060000000001 0.010224060000000017 0.01004651999999997 -8.639999999999966e-06 0.10133276000000005 0.09729006000000011 0.09962719999999999
24.517930101608957 0.10997052000000002 0.008269180000000018 0.00808927999999997 -8.679999999999966e-06 0.10188996000000004 0.09784002000000011 0.10018131999999999
24.530300457970387 0.10987764000000001 0.009069700000000019 0.00888995999999997 -8.699999999999966e-06 0.10099640000000004 0.0969700400000001 0.09929771999999999
24.530301122823005 0.10969296 0.01067090000000002 0.01049151999999997 -8.739999999999965e-06 0.09921016000000005 0.0952292400000001 0.09753063999999999
24.53971070236686 0.11044252 0.01090026000000002 0.010720639999999969 -8.759999999999965e-06 0.09973062000000005 0.0956890400000001 0.09802551999999999
24.53971115857059 0.11194396000000001 0.01135902000000002 0.011178959999999969 -8.799999999999965e-06 0.10077378000000005 0.0966089200000001 0.09901668
24.581131071433212 0.11306566000000001 0.01311846000000002 0.012937659999999969 -8.819999999999965e-06 0.10013680000000005 0.0958940000000001 0.09834682
24.581131177480163 0.11526970000000002 0.01663742000000002 0.01645517999999997 -8.859999999999964e-06 0.09882340000000005 0.09452012000000011 0.09700790000000001
24.641556648785283 0.11404192000000002 0.015680300000000022 0.015499739999999968 -8.919999999999964e-06 0.09855112000000005 0.0945360800000001 0.09685724000000001
24.64788478181689 0.11546902000000002 0.016617800000000023 0.01643351999999997 -8.919999999999964e-06 0.09904444000000005 0.0948993800000001 0.09729572000000002
24.727636206811518 0.11736344000000001 0.018746320000000025 0.01856113999999997 -8.959999999999963e-06 0.09881126000000005 0.0946138400000001 0.09704046000000002
24.727636880014124 0.12115484000000001 0.023003360000000025 0.02281633999999997 -9.039999999999963e-06 0.09834754000000005 0.0940428000000001 0.09653146000000003
24.73327375360094 0.12160688000000001 0.024279920000000024 0.024091339999999968 -9.099999999999962e-06 0.09752458000000006 0.0931748400000001 0.09568954000000003
24.769987161393807 0.12324720000000002 0.025874100000000025 0.02568421999999997 -9.119999999999962e-06 0.09757204000000005 0.0931243000000001 0.09569566000000003
24.76998724276433 0.12348022000000002 0.026046820000000026 0.02585613999999997 -9.139999999999962e-06 0.09763316000000005 0.09315978000000011 0.09574596000000003
24.769987717988194 0.12394634000000002 0.026392300000000025 0.02620005999999997 -9.179999999999961e-06 0.09775540000000005 0.09323054000000011 0.09584648000000004
24.76998779935871 0.12722858 0.029580660000000026 0.02938581999999997 -9.219999999999961e-06 0.09785192000000005 0.09312934000000012 0.09585960000000004
24.819519306165972 0.12918654000000002 0.031502300000000025 0.03130701999999997 -9.23999999999996e-06 0.09788868000000005 0.09309324000000012 0.09586562000000004
24.8195196761135 0.13309994000000003 0.03534558000000002 0.03514941999999997 -9.27999999999996e-06 0.09795968000000005 0.09302112000000012 0.09587626000000005
24.879046561223944 0.13113100000000003 0.033382420000000024 0.033187379999999975 -9.29999999999996e-06 0.09795280000000005 0.09303604000000013 0.09587858000000005
24.879046900228126 0.12718536000000003 0.029456020000000024 0.029263419999999974 -9.33999999999996e-06 0.09793116000000004 0.09306684000000012 0.09587906000000004
24.908785181566262 0.12485822000000002 0.027253060000000023 0.027060239999999975 -9.35999999999996e-06 0.09780722000000004 0.09309158000000012 0.09581786000000005
24.90878589387382 0.12019962000000002 0.022846980000000024 0.022653719999999974 -9.399999999999959e-06 0.09755518000000005 0.09314110000000012 0.09569306000000005
24.917693526769497 0.12219282000000002 0.024961240000000023 0.024767819999999975 -9.419999999999959e-06 0.09743430000000004 0.09296978000000011 0.09555090000000005
24.917693630660565 0.11978322000000002 0.022243960000000024 0.022048859999999976 -9.459999999999959e-06 0.09774374000000004 0.09338962000000012 0.09590690000000004
24.917693647330633 0.11860974000000002 0.020885360000000023 0.020689379999999976 -9.479999999999958e-06 0.09792976000000003 0.09357766000000012 0.09609378000000005
24.9176937512217 0.12261490000000001 0.025114080000000025 0.024917739999999976 -9.519999999999958e-06 0.09770660000000003 0.09323514000000012 0.09582026000000005
24.920993300201012 0.12291174000000002 0.025862580000000024 0.025665459999999977 -9.539999999999958e-06 0.09725574000000003 0.09272910000000012 0.09534612000000005
24.920993367474516 0.12215198000000002 0.024810160000000026 0.024613419999999976 -9.559999999999958e-06 0.09754802000000004 0.09301174000000012 0.09563434000000005
24.92099386661057 0.12063210000000002 0.022705240000000026 0.022509219999999976 -9.599999999999957e-06 0.09813238000000005 0.09357722000000011 0.09621074000000006
24.920993933884073 0.12122502000000002 0.024202320000000027 0.024004699999999976 -9.639999999999957e-06 0.09722986000000004 0.09256562000000011 0.09526222000000006
24.982248771732664 0.12288510000000001 0.026575020000000026 0.026374579999999977 -9.699999999999956e-06 0.09652012000000004 0.09165512000000012 0.09446782000000006
25.14373775434241 0.12237584000000001 0.025732200000000024 0.025532379999999976 -9.719999999999956e-06 0.09685308000000004 0.09189390000000011 0.09476106000000006
25.14373833721802 0.12136208000000001 0.024046480000000023 0.023847899999999977 -9.759999999999956e-06 0.09752384000000004 0.09237138000000011 0.09535030000000007
25.253123407964686 0.12055422000000002 0.023710080000000022 0.02351121999999998 -9.779999999999955e-06 0.09705270000000005 0.09199454000000011 0.09491894000000006
25.25312374987792 0.11894122000000001 0.02303732000000002 0.02283793999999998 -9.819999999999955e-06 0.09611302000000005 0.09124102000000012 0.09405778000000006
25.413759217147298 0.11862902000000002 0.022455880000000022 0.02225529999999998 -9.839999999999955e-06 0.09638348000000005 0.09146160000000012 0.09430720000000006
25.413759233780123 0.11839032000000002 0.02190096000000002 0.02170155999999998 -9.859999999999955e-06 0.09669854000000006 0.09174214000000011 0.09460770000000006
25.413760138601386 0.11791956000000002 0.02079112000000002 0.02059419999999998 -9.859999999999955e-06 0.09733518000000005 0.0923073000000001 0.09521418000000006
25.413760155234208 0.11728892000000002 0.01962820000000002 0.019428919999999978 -9.859999999999955e-06 0.09786986000000004 0.0927485400000001 0.09570942000000006
25.469006314894656 0.11829080000000002 0.02059964000000002 0.020401599999999978 -9.879999999999955e-06 0.09789910000000004 0.0927516000000001 0.09572762000000005
25.469006384139455 0.11809892000000001 0.02013016000000002 0.01993225999999998 -9.899999999999954e-06 0.09817660000000004 0.0930150600000001 0.09599920000000005
25.469006745130507 0.11771136000000001 0.01919124000000002 0.01899349999999998 -9.939999999999954e-06 0.09872784000000004 0.0935469800000001 0.09654228000000005
25.46900681437531 0.11971824000000002 0.02113412000000002 0.02093877999999998 -9.979999999999954e-06 0.09878948000000004 0.0935534600000001 0.09658064000000005
25.478233428562902 0.11866896000000002 0.01966856000000002 0.01947081999999998 -1.0039999999999953e-05 0.09920822000000004 0.0940019600000001 0.09701192000000006
25.49554429246058 0.12007350000000001 0.02126934000000002 0.02107201999999998 -1.0059999999999953e-05 0.09901160000000005 0.0937392800000001 0.09678744000000006
25.495544594496966 0.12287934000000002 0.024470860000000018 0.02427437999999998 -1.0099999999999952e-05 0.09861512000000004 0.09321364000000011 0.09633648000000006
25.515973794691526 0.11964568000000002 0.02065710000000002 0.02046037999999998 -1.0119999999999952e-05 0.09919548000000004 0.09387850000000011 0.09695248000000006
25.51597412570277 0.11317988000000002 0.013029740000000019 0.012832539999999979 -1.0159999999999952e-05 0.10035756000000004 0.09520686000000012 0.09818472000000006
25.5237340374649 0.11240100000000003 0.011974980000000019 0.011778099999999979 -1.0179999999999952e-05 0.10063314000000004 0.09544392000000011 0.09844404000000005
25.523734078119492 0.11315798000000003 0.013783780000000018 0.013587459999999978 -1.0199999999999951e-05 0.09958078000000004 0.0944548200000001 0.09741836000000005
25.52373460387446 0.11467082000000003 0.017401420000000018 0.017206179999999977 -1.0239999999999951e-05 0.09747494000000004 0.0924765000000001 0.09536632000000005
25.52373464452905 0.11310990000000004 0.015291860000000018 0.015097259999999977 -1.027999999999995e-05 0.09802298000000004 0.0929508600000001 0.09588328000000004
25.566005815381786 0.11686592000000004 0.02022352000000002 0.020029079999999977 -1.027999999999995e-05 0.09684718000000003 0.09160666000000009 0.09463644000000004
25.566006236056648 0.12437692000000004 0.03008704000000002 0.029892999999999975 -1.027999999999995e-05 0.09449430000000003 0.08891810000000008 0.09214196000000005
25.623579554144037 0.12101572000000005 0.02622130000000002 0.026027739999999976 -1.027999999999995e-05 0.09499836000000003 0.08953034000000008 0.09269168000000005
25.62535919644943 0.11859770000000006 0.023791880000000022 0.023598539999999977 -1.029999999999995e-05 0.09500956000000003 0.08968742000000009 0.09276442000000006
25.625359790227034 0.11376138000000005 0.018932960000000023 0.018740019999999975 -1.033999999999995e-05 0.09503176000000003 0.08999510000000009 0.09290706000000006
25.71742893197588 0.11338452000000004 0.019024520000000024 0.018833619999999975 -1.039999999999995e-05 0.09456136000000004 0.08974592000000009 0.09252996000000005
25.724709473149595 0.11403070000000004 0.019565180000000022 0.019373819999999976 -1.041999999999995e-05 0.09466738000000004 0.08981938000000009 0.09262224000000005
25.724709543032105 0.11403068000000004 0.019560980000000023 0.019369459999999977 -1.043999999999995e-05 0.09467174000000003 0.0898540400000001 0.09263938000000005
25.72471002974398 0.11403840000000004 0.019552620000000024 0.019360739999999977 -1.0479999999999949e-05 0.09468822000000003 0.08991308000000009 0.09267382000000005
25.724710099626485 0.11531496000000004 0.020633940000000024 0.020441499999999977 -1.0519999999999948e-05 0.09488406000000003 0.09008812000000009 0.09286090000000005
25.744588566042374 0.11667854000000004 0.022007280000000025 0.021813799999999977 -1.0539999999999948e-05 0.09487536000000003 0.09002244000000009 0.09282816000000005
25.74458902882055 0.11940254000000004 0.024754000000000026 0.024558399999999977 -1.0579999999999948e-05 0.09485476000000004 0.08989236000000009 0.09276136000000004
25.74769340160603 0.11772952000000005 0.022809200000000026 0.022612919999999977 -1.0599999999999948e-05 0.09512724000000004 0.09019072000000009 0.09304476000000005
25.747693640851335 0.11430380000000004 0.018919480000000027 0.018721879999999975 -1.0639999999999947e-05 0.09559260000000004 0.09078756000000009 0.09356560000000004
25.769890701049256 0.11487308000000004 0.019438520000000025 0.019240899999999974 -1.0659999999999947e-05 0.09564288000000004 0.0907841200000001 0.09359322000000005
25.76989084130772 0.11600964000000004 0.020476600000000025 0.020278899999999975 -1.0699999999999947e-05 0.09574148000000005 0.0907775200000001 0.09364742000000005
25.807780504436387 0.11698470000000004 0.021660240000000025 0.021463879999999973 -1.0719999999999946e-05 0.09553158000000005 0.09050438000000009 0.09341084000000005
25.8077806048453 0.11893494000000004 0.024027480000000025 0.023833759999999975 -1.0759999999999946e-05 0.09511198000000004 0.0899580200000001 0.09293776000000005
25.843821773841206 0.11951430000000005 0.024450360000000025 0.024256099999999975 -1.0819999999999946e-05 0.09526900000000003 0.0900318200000001 0.09305968000000005
25.886397706320533 0.11906242000000004 0.023750440000000025 0.023555939999999977 -1.0839999999999945e-05 0.09551730000000004 0.0903406400000001 0.09333350000000004
25.886397846688244 0.11849602000000005 0.022785040000000024 0.022590159999999977 -1.0859999999999945e-05 0.09591668000000005 0.0907767600000001 0.09374838000000005
25.88639827273009 0.11736138000000004 0.020854280000000024 0.02065919999999998 -1.0899999999999945e-05 0.09671304000000004 0.09165040000000009 0.09457734000000005
25.8863984130978 0.11646898000000004 0.019454440000000024 0.01925867999999998 -1.0939999999999944e-05 0.09722120000000004 0.09227092000000009 0.09513290000000005
25.921863668610065 0.11494810000000004 0.017767840000000024 0.01757027999999998 -1.0999999999999944e-05 0.09738878000000004 0.09263854000000009 0.09538484000000005
26.06626540911322 0.11586728000000004 0.018882960000000025 0.01868495999999998 -1.1019999999999944e-05 0.09719330000000004 0.09239904000000008 0.09517078000000005
26.066265821312363 0.11770656000000004 0.021113160000000027 0.02091439999999998 -1.1059999999999943e-05 0.09680318000000004 0.09192032000000008 0.09474330000000006
26.13998649907542 0.11730574000000005 0.020617340000000026 0.02041889999999998 -1.1059999999999943e-05 0.09689786000000004 0.09197590000000008 0.09482148000000006
26.139986660243125 0.11649322000000005 0.019625700000000027 0.01942801999999998 -1.1099999999999943e-05 0.09707626000000004 0.09209546000000009 0.09497504000000005
26.15814824746421 0.11742754000000005 0.02091242000000003 0.02071559999999998 -1.1099999999999943e-05 0.09672300000000005 0.09169344000000008 0.09460122000000006
26.158148878415197 0.11930398000000006 0.023485980000000028 0.02329079999999998 -1.1099999999999943e-05 0.09602424000000004 0.09088896000000009 0.09385786000000006
26.171540919197376 0.11881744000000007 0.02290050000000003 0.02270539999999998 -1.1119999999999943e-05 0.09612310000000004 0.09101558000000008 0.09396844000000006
26.17154128889143 0.11784320000000006 0.02172954000000003 0.02153455999999998 -1.1159999999999942e-05 0.09631974000000004 0.09126922000000008 0.09418912000000006
26.17709883966573 0.11701848000000006 0.02074118000000003 0.02054711999999998 -1.1199999999999942e-05 0.09648250000000004 0.09147738000000008 0.09437104000000006
26.177098843520334 0.11672640000000006 0.02034800000000003 0.02015415999999998 -1.1219999999999942e-05 0.09658340000000004 0.09159996000000008 0.09448110000000005
26.177098926831682 0.11614400000000007 0.01956164000000003 0.01936827999999998 -1.1259999999999941e-05 0.09678692000000004 0.09184488000000007 0.09470210000000005
26.17709893068629 0.11573108000000007 0.01906748000000003 0.01887457999999998 -1.1279999999999941e-05 0.09686772000000005 0.09194888000000008 0.09479268000000006
26.180868624658714 0.11645430000000007 0.02025172000000003 0.020058019999999982 -1.1299999999999941e-05 0.09640752000000005 0.09144468000000008 0.09431392000000006
26.180868691336507 0.11647194000000007 0.02020092000000003 0.02000909999999998 -1.131999999999994e-05 0.09647410000000005 0.09149398000000009 0.09437320000000006
26.180868885121157 0.11650766000000007 0.02009928000000003 0.01991121999999998 -1.135999999999994e-05 0.09660774000000005 0.09157666000000009 0.09448532000000005
26.18086895179895 0.11795582000000007 0.022467840000000027 0.02227829999999998 -1.139999999999994e-05 0.09568886000000006 0.09056538000000008 0.09352744000000006
26.1953886643334 0.11839916000000007 0.022900200000000027 0.02271047999999998 -1.139999999999994e-05 0.09570004000000006 0.09056398000000009 0.09353330000000006
26.195389042476428 0.11927888000000007 0.023764960000000026 0.023574839999999982 -1.143999999999994e-05 0.09571540000000006 0.09056130000000008 0.09354106000000005
26.198720090657602 0.11858096000000007 0.022982260000000025 0.022787399999999982 -1.1499999999999939e-05 0.09580498000000007 0.09060930000000009 0.09361312000000005
26.203178135858955 0.11920866000000006 0.023307920000000024 0.023112679999999983 -1.1519999999999939e-05 0.09610742000000007 0.09084090000000009 0.09388568000000005
26.20317853787835 0.12046414000000007 0.023959280000000024 0.023763319999999984 -1.1559999999999938e-05 0.09671230000000007 0.09130398000000009 0.09443076000000006
26.238180423678187 0.11953654000000007 0.022694460000000024 0.022497779999999985 -1.1579999999999938e-05 0.09705028000000007 0.09163904000000009 0.09476750000000006
26.23818049020389 0.11967812000000007 0.022844340000000025 0.022645279999999983 -1.1599999999999938e-05 0.09704440000000007 0.09161118000000008 0.09475234000000006
26.238180527569256 0.11997856000000007 0.023144100000000025 0.022940239999999983 -1.1639999999999938e-05 0.09704992000000007 0.09155538000000009 0.09473198000000006
26.238180594094956 0.11805688000000007 0.020614380000000026 0.020409079999999982 -1.1679999999999937e-05 0.09765940000000006 0.09222462000000009 0.09536670000000007
26.333788707940286 0.11750848000000007 0.019125000000000027 0.018916819999999984 -1.1739999999999937e-05 0.09860332000000006 0.09283536000000009 0.09617004000000007
26.344597302902336 0.11840516000000006 0.020021640000000028 0.019813419999999984 -1.1759999999999937e-05 0.09860340000000006 0.09275714000000009 0.09613710000000007
26.34459739340138 0.12020468000000006 0.02181496000000003 0.021606659999999986 -1.1799999999999936e-05 0.09860972000000007 0.09260062000000009 0.09607474000000008
26.349920566259623 0.12015358000000007 0.02179080000000003 0.021581079999999985 -1.1819999999999936e-05 0.09858420000000007 0.0925755600000001 0.09604942000000008
26.3499206228641 0.11984202000000006 0.02119964000000003 0.020988559999999986 -1.1839999999999936e-05 0.09886518000000007 0.0928092800000001 0.09631046000000008
