26.3499206228641 -0.00041294 -0.00028624 -0.00056242 1.616e-05 0.00013332 0.00022706 0.00017286
26.349920566259623 -0.0006306199999999999 -0.00036202 -0.00066406 0.00011774 -8.432e-05 0.00017536 2.5239999999999996e-05
26.34459739340138 0.00100318 0.0013563 0.0011767000000000001 2.765999999999999e-05 -0.0002012 -0.00012140000000000002 -0.00016752
26.344597302902336 0.00182354 0.00221544 0.0020998600000000003 -2.0260000000000013e-05 -0.00025608 -0.00026910000000000004 -0.00026156
26.333788707940286 0.0006369799999999999 0.00189114 0.0003844600000000001 0.00022687999999999994 2.5620000000000016e-05 -2.130000000000003e-05 5.8600000000000015e-06
26.32200757764974 0.00025201999999999994 0.00125604 -6.979999999999964e-06 4.015999999999994e-05 0.00021882 0.00026676 0.00023908
26.29445300942401 -0.0019034199999999999 -0.0007523999999999999 -0.0019525999999999999 -0.00021394000000000006 0.00026304 0.00056214 0.00038926
26.238180594094956 -0.00352158 -0.00244044 -0.00438096 -0.00032814000000000004 0.0011874400000000001 0.00140854 0.00128074
26.238180527569256 -0.0036745799999999998 -0.00213784 -0.00425664 -0.00013242000000000004 0.0007144000000000001 0.00102498 0.00084546
26.23818049020389 -0.00375444 -0.0019865599999999996 -0.00420756 -2.478000000000003e-05 0.0004778200000000001 0.00083462 0.00062838
26.238180423678187 -0.00456468 -0.0028305599999999998 -0.00543624 -6.946000000000003e-05 0.0009409600000000001 0.0012548400000000001 0.0010734
26.23574761875679 -0.0036986399999999996 -0.0022248599999999995 -0.00452754 -9.022000000000003e-05 0.0009190600000000001 0.0012711 0.00106764
26.20317853787835 -0.0027401199999999995 -0.0007257799999999994 -0.00389622 -5.738000000000003e-05 0.0012134200000000002 0.0014912200000000001 0.0013306799999999999
26.203178135858955 -0.0022378599999999995 2.372000000000051e-05 -0.00354858 -6.922000000000003e-05 0.0013798800000000002 0.0015961600000000001 0.0014711799999999999
26.198720090657602 -0.0027715599999999993 -0.0009285999999999995 -0.00404412 -0.00031072000000000006 0.0015832200000000002 0.0019290400000000001 0.0017291799999999999
26.1964036491417 -0.0022645599999999992 -0.0004806999999999995 -0.0035211 -0.00019978000000000004 0.0014562600000000002 0.0021193 0.0017360199999999998
26.195389042476428 -0.0011375999999999992 0.0001341000000000005 -0.0025473 -0.00035062000000000005 0.0017602600000000003 0.0022819000000000003 0.00198038
26.1953886643334 -0.0006124599999999992 0.0004414600000000005 -0.00209758 -0.00039242000000000004 0.0018775000000000003 0.0023839000000000004 0.0020911799999999998
26.194432136549835 -0.0007466999999999992 0.00017434000000000053 -0.0025617 -0.00036254000000000006 0.0021775 0.0026833000000000004 0.00239094
26.194431709114603 -0.0008219599999999992 4.080000000000053e-05 -0.002821 -0.00032002000000000007 0.0023190000000000003 0.0028134600000000003 0.0025276599999999997
26.18086895179895 0.0002478800000000009 0.0012877200000000007 -0.00032696000000000027 -0.00051026 0.0010850000000000002 0.0015275800000000002 0.0012717799999999997
26.180868885121157 6.392000000000089e-05 0.0013158000000000006 -0.0005221200000000003 -0.00039494 0.0009808800000000002 0.0015703000000000002 0.0012296199999999996
26.180868691336507 -2.4499999999999105e-05 0.0013298600000000006 -0.0006183600000000003 -0.0003387 0.0009324600000000002 0.0015945000000000002 0.0012118399999999996
26.180868624658714 0.0004947800000000009 0.0019532600000000005 0.0006052999999999996 -0.00041344 0.0003028200000000002 0.0009507600000000003 0.0005762599999999997
26.17709893068629 0.0001885000000000009 0.0015083400000000004 0.00021199999999999957 -0.00051636 0.0004927600000000002 0.0011395400000000003 0.0007657199999999997
26.177098926831682 -0.0003107399999999991 0.0009699400000000004 -0.0004470400000000004 -0.000584 0.0007202000000000002 0.0013612200000000002 0.0009907199999999996
26.177098843520334 -0.000582259999999999 0.0007007400000000005 -0.0008003000000000003 -0.00059234 0.0008103000000000001 0.0014872400000000001 0.0010959599999999996
26.17709883966573 -0.001199659999999999 -0.00018909999999999955 -0.0015859800000000003 -0.00079914 0.0011853800000000002 0.0018723200000000002 0.0014752799999999996
26.17154128889143 -0.002037819999999999 -0.0013127799999999995 -0.00276294 -0.0007434200000000001 0.0014684600000000002 0.0022902400000000002 0.0018152399999999996
26.171540919197376 -0.0024827999999999994 -0.0018746599999999993 -0.0033878600000000004 -0.0006792600000000001 0.0015842400000000002 0.0024993800000000003 0.0019704199999999996
26.158148878415197 -0.0012799599999999995 -0.0001506199999999993 -0.0009467400000000002 -0.0005810200000000001 0.0002477200000000003 0.0014306600000000003 0.0007468599999999996
26.15814824746421 -0.0006500799999999995 0.0007114200000000007 0.00029557999999999993 -0.0005554000000000002 -0.00039033999999999965 0.0008922800000000003 0.00015083999999999963
26.15645250303728 0.0005627200000000005 0.0017523800000000009 0.0018791799999999998 -0.0007771600000000002 -0.0005393799999999997 0.0006057600000000003 -5.620000000000036e-05
26.15645196179238 0.0011214200000000006 0.002272800000000001 0.00262052 -0.0008250400000000002 -0.0006741399999999997 0.00047236000000000034 -0.00019038000000000036
26.146814478585014 0.0009407800000000005 0.001970600000000001 0.0021858399999999997 -0.0008172400000000002 -0.0004278999999999997 0.0008134800000000003 9.589999999999962e-05
26.14681404081456 0.0008555800000000005 0.0018195000000000012 0.0019702599999999997 -0.0008069200000000002 -0.00030785999999999975 0.0009878400000000002 0.00023885999999999962
26.139986660243125 -0.0003711799999999994 0.0011824600000000013 0.0008431799999999998 -0.0006572400000000002 -0.0005572199999999998 0.0008230400000000003 2.517999999999962e-05
26.13998649907542 -0.0009907999999999994 0.0008639200000000013 0.00027479999999999985 -0.0005751200000000003 -0.0006905999999999998 0.0007417200000000003 -8.624000000000038e-05
26.136795021767185 -4.1659999999999354e-05 0.0016429000000000014 0.0010978799999999999 -0.00046748000000000026 -0.0006721799999999998 0.0008485200000000003 -3.0560000000000385e-05
26.126713680454245 0.00011238000000000066 0.0014911800000000015 0.0010896399999999998 -0.0006560800000000003 -0.0003212999999999998 0.0010872800000000004 0.0002729999999999996
26.1267131703874 0.00017088000000000064 0.0014153000000000015 0.0010487999999999997 -0.0007012600000000003 -0.0001767999999999998 0.0011689000000000003 0.0003909799999999996
26.121866387107296 -0.00021077999999999933 0.0018985400000000015 0.0009355799999999997 -0.0003529600000000003 -0.0007935399999999997 0.0010637200000000002 -9.940000000000437e-06
26.11707575947643 9.970000000000069e-05 0.0019646600000000013 0.0009643399999999996 -0.0003574400000000003 -0.0005072999999999997 0.0012129600000000001 0.00021849999999999956
26.117075145935136 0.00025984000000000066 0.0019976800000000012 0.0009792999999999996 -0.00035668000000000033 -0.00036287999999999967 0.00127786 0.00032937999999999956
26.099688419377284 0.0008710400000000007 0.0022815200000000013 0.0013985399999999995 -0.00044364000000000035 -8.395999999999968e-05 0.0012869000000000001 0.0004944599999999995
26.099688356947894 0.0013273200000000008 0.0025671600000000015 0.0016478599999999995 -0.00033808000000000037 1.744000000000032e-05 0.0014383 0.0006169399999999995
26.099687964432796 0.0015452200000000008 0.0027100000000000015 0.0017615799999999996 -0.00027172000000000036 5.526000000000032e-05 0.00151644 0.0006717599999999995
26.09968790200341 0.0018003200000000009 0.0028519200000000013 0.0019798999999999997 -0.00032440000000000035 0.0001447200000000003 0.0015971 0.0007574999999999995
26.09099667468484 0.002655590000000001 0.004152180000000002 0.00404507 -0.00036238000000000036 -0.0010271999999999996 0.00058607 -0.0003465300000000005
26.090574562306703 0.002987270000000001 0.004359060000000001 0.00429231 -0.00038230000000000035 -0.0009227999999999996 0.00074787 -0.00021793000000000048
26.090574472371934 0.003406470000000001 0.0047796600000000015 0.00446211 -2.9260000000000353e-05 -0.0010264399999999996 0.00078183 -0.0002635300000000005
26.09057413207085 0.003620870000000001 0.0049899800000000015 0.00452381 0.00015919999999999964 -0.0010621999999999995 0.00078771 -0.0002817100000000005
26.090574042136076 0.0037713900000000008 0.005093440000000001 0.00465739 0.00014453999999999964 -0.0010305999999999996 0.00088863 -0.0002208700000000005
26.08504663836794 0.0038271100000000008 0.005369200000000001 0.00460431 0.0006164999999999996 -0.0013937599999999995 0.00117715 -0.0003091100000000005
26.085046141014324 0.0038792700000000006 0.005507100000000001 0.00459719 0.0008334199999999996 -0.0015513799999999996 0.0013106300000000001 -0.00034393000000000054
26.073809903682125 0.005577630000000001 0.007068840000000001 0.00639683 0.0006686599999999996 -0.0014879599999999995 0.00135803 -0.0002872300000000005
26.066265821312363 0.006896350000000001 0.00885516 0.00859223 0.0006467399999999996 -0.0023427199999999995 0.0004714700000000001 -0.0011554300000000005
26.06626540911322 0.00757235 0.009748340000000001 0.00971757 0.0006087399999999995 -0.0027540399999999997 3.1790000000000073e-05 -0.0015787300000000004
26.043864449327323 0.00770387 0.00944354 0.00946401 0.00040227999999999954 -0.0021624999999999995 0.00066533 -0.0009694900000000005
26.02808373165529 0.00739339 0.009232540000000001 0.00898325 0.00043695999999999953 -0.0020268999999999994 0.0007797699999999999 -0.0008428100000000005
26.028083622672252 0.00643583 0.00850206 0.00780777 0.0005139999999999995 -0.0018859799999999993 0.00118037 -0.0005923300000000005
26.02808309774866 0.00597673 0.008136820000000001 0.0072460300000000005 0.0005271999999999995 -0.0017965399999999992 0.00138053 -0.00045617000000000053
26.028082988765618 0.00581889 0.008031340000000001 0.0070072500000000005 0.0005428599999999995 -0.0017312599999999992 0.00144005 -0.00039333000000000055
25.95807918717585 0.00549201 0.0074376400000000014 0.006525090000000001 0.0004106199999999995 -0.0014437399999999993 0.00161561 -0.00015303000000000056
25.957952564718088 0.00607549 0.007803280000000001 0.007002050000000001 0.0004906599999999995 -0.0014172999999999994 0.00171521 -9.571000000000056e-05
25.957951930811454 0.0063993900000000005 0.007986120000000001 0.007282150000000001 0.00048655999999999954 -0.0013693999999999994 0.00176801 -4.5750000000000556e-05
25.921863668610065 0.004767810000000001 0.006584100000000001 0.005263690000000001 0.0008022199999999995 -0.0012981199999999994 0.00212183 0.00014468999999999946
25.8863984130978 0.0039806500000000005 0.0056601 0.0037589700000000012 0.0009826199999999996 -0.0007609599999999994 0.00280767 0.0007445699999999995
25.88639827273009 0.0031026900000000004 0.004464340000000001 0.0018888100000000012 0.0009858599999999996 0.00022800000000000066 0.00384367 0.0017533699999999995
25.886397846688244 0.00266845 0.003866460000000001 0.0009645700000000012 0.0009775399999999996 0.0007263400000000007 0.00436863 0.00226293
25.886397706320533 0.0023401100000000003 0.0034044400000000008 0.00029793000000000115 0.0009729799999999996 0.0010692000000000006 0.00471695 0.00260809
25.843821773841206 0.00285965 0.0039337600000000006 0.0009018300000000011 0.0007285999999999996 0.0012292200000000007 0.00458933 0.00264673
25.8077806048453 0.00425861 0.005739880000000001 0.003335590000000001 0.0007477999999999996 0.00017522000000000067 0.00365581 0.0016435299999999998
25.807780504436387 0.0049591900000000005 0.0066429800000000015 0.004544710000000001 0.0007675999999999997 -0.0003531399999999993 0.00316631 0.0011315699999999997
25.802680372667663 0.00558943 0.007465880000000001 0.0050986300000000016 0.0013502599999999998 -0.0008594799999999993 0.00342665 0.0009486299999999997
25.784062612101923 0.00586019 0.00866856 0.005960070000000001 0.0014063399999999998 -0.0015062399999999994 0.0027605299999999998 0.00029370999999999965
25.784062604264232 0.0047766300000000005 0.00800368 0.005127330000000001 0.0014344199999999998 -0.0017851399999999993 0.00258547 5.862999999999965e-05
25.78406254816884 0.0026861900000000006 0.0066738000000000006 0.003515690000000001 0.0014433399999999998 -0.0022728599999999994 0.00218595 -0.00039185000000000034
25.784062540331146 0.0027882300000000005 0.0072751000000000005 0.003917790000000001 0.0015009999999999997 -0.0026305799999999996 0.0018587299999999998 -0.0007367100000000003
25.76989084130772 0.0035563100000000005 0.00825594 0.004970150000000001 0.0015454799999999997 -0.0029593399999999995 0.0016321699999999998 -0.0010223500000000004
25.769890701049256 0.0039602100000000005 0.00874632 0.005511150000000001 0.0015493199999999996 -0.0031002999999999994 0.0015143099999999998 -0.0011535700000000005
25.752233995149375 0.0035676100000000006 0.00815232 0.004612270000000001 0.0015684799999999997 -0.0026131799999999992 0.00206583 -0.0006392900000000005
25.752233553480053 0.0033028500000000004 0.007855319999999999 0.00413957 0.0015961999999999997 -0.002432979999999999 0.00241129 -0.0003893700000000005
25.747693640851335 0.0004340500000000005 0.0042051599999999995 0.00022825000000000015 0.0014695199999999998 -0.001263739999999999 0.00373909 0.0008467499999999996
25.74769340160603 -0.0009862899999999995 0.0023800799999999997 -0.00171475 0.0013914799999999998 -0.0006630399999999991 0.00439827 0.0014721299999999997
25.74458902882055 0.0010777900000000003 0.00533088 0.0010638099999999999 0.0015367199999999999 -0.001522759999999999 0.0034700300000000002 0.0005834899999999997
25.744588566042374 0.0020592100000000006 0.00680626 0.00239539 0.00166264 -0.0019988199999999992 0.00300743 0.00011310999999999965
25.725685530757143 0.0023865100000000005 0.00711088 0.00218083 0.0019795 -0.0017738199999999993 0.0032090900000000004 0.00032826999999999965
25.724710099626485 0.0036403900000000003 0.00822016 0.00323523 0.0020223 -0.0016171399999999993 0.0033422500000000006 0.00047502999999999966
25.72471002974398 0.0035737900000000003 0.00811072 0.00323011 0.0021089399999999997 -0.0017652199999999994 0.0033952100000000005 0.0004117499999999997
25.724709543032105 0.00357133 0.008056 0.00326125 0.0021140399999999998 -0.0018039199999999994 0.0034200100000000007 0.00039984999999999966
25.724709473149595 0.0041976900000000004 0.008610640000000001 0.0037931099999999997 0.00213936 -0.0017347399999999994 0.0034849900000000007 0.00046726999999999966
25.72249527214192 0.00443313 0.008693480000000002 0.0037763499999999995 0.00212352 -0.0014666599999999994 0.0037411100000000006 0.0007303099999999996
25.7224946624995 0.00453877 0.008734920000000002 0.0037530299999999996 0.0021323799999999997 -0.0013465599999999995 0.0038691900000000006 0.0008537699999999996
25.71742893197588 0.0039783100000000005 0.008683500000000002 0.004135229999999999 0.0018784599999999998 -0.0020352399999999994 0.0033393300000000006 0.0002320499999999996
25.701837762547463 0.0038635900000000005 0.008644500000000001 0.0038231099999999994 0.00227794 -0.0022373199999999992 0.0037484700000000007 0.0002878499999999996
25.65982546798814 0.00448399 0.0086805 0.00418497 0.00203212 -0.001732959999999999 0.0042707100000000005 0.0007997699999999996
25.625359790227034 -2.0689999999999424e-05 0.0035627800000000006 -0.0005593100000000004 0.0017569200000000001 -0.001218159999999999 0.00492479 0.0013733299999999994
25.62535919644943 -0.0022720899999999996 0.0010039600000000008 -0.0029246700000000003 0.0016139400000000001 -0.000961219999999999 0.0052562500000000005 0.0016617099999999994
25.623579554144037 -0.00554461 -0.002327299999999999 -0.00701655 0.0018476400000000002 -0.00037555999999999896 0.00617467 0.002387769999999999
25.566006236056648 0.00011954999999999952 0.0056418200000000005 0.0028892499999999995 0.0016878800000000001 -0.004457479999999999 0.0020434299999999997 -0.0017149500000000007
25.566005815381786 0.0029494299999999994 0.00962632 0.007838169999999998 0.00161172 -0.006500359999999998 -2.121000000000024e-05 -0.0037670100000000008
25.52373464452905 0.0006918299999999996 0.008427720000000001 0.005696409999999999 0.00171948 -0.0067239599999999984 -0.0002584900000000002 -0.003996370000000001
25.52373460387446 0.0012653099999999995 0.0103052 0.009343249999999999 0.00160608 -0.009683919999999999 -0.0030004100000000002 -0.006864330000000001
25.523734078119492 0.0015216699999999995 0.01124396 0.011160169999999999 0.0015679399999999999 -0.011206339999999999 -0.004343410000000001 -0.00831105
25.5237340374649 0.0003838499999999994 0.01064472 0.010089609999999999 0.00162156 -0.011327219999999999 -0.004449370000000001 -0.00842563
25.51597412570277 -0.006101190000000001 0.004856 0.002617409999999999 0.00163612 -0.010354619999999998 -0.003321770000000001 -0.00738763
25.515973794691526 -0.00936781 0.00196156 -0.0011282300000000013 0.00165234 -0.0098918 -0.0027364100000000008 -0.00687311
25.495544594496966 -0.007535730000000001 0.0051505200000000004 0.0022014499999999985 0.00165678 -0.011393839999999999 -0.004471450000000001 -0.00847343
25.49554429246058 -0.006631370000000001 0.0067450800000000005 0.0038840299999999984 0.0016411000000000002 -0.01215638 -0.005306590000000001 -0.00926659
25.478233428562902 -0.007747190000000001 0.005873100000000001 0.0023573299999999986 0.00171052 -0.01181486 -0.004855150000000001 -0.00887869
25.46900681437531 -0.005758350000000001 0.007531380000000001 0.004230249999999999 0.001775 -0.01176342 -0.004630670000000001 -0.00875425
25.469006745130507 -0.005751430000000001 0.0069275000000000005 0.0035560099999999988 0.0015408000000000002 -0.01084802 -0.0038066700000000007 -0.00787741
25.469006384139455 -0.005822850000000001 0.006625540000000001 0.0031429899999999987 0.0015016600000000001 -0.01046728 -0.0033772900000000007 -0.00747615
25.469006314894656 -0.004925210000000001 0.007454680000000001 0.003945749999999999 0.0016748800000000001 -0.01054564 -0.003264290000000001 -0.00747377
25.460661603982125 -0.0038376900000000012 0.008225000000000001 0.004944309999999999 0.00163688 -0.01041868 -0.003234410000000001 -0.00738777
25.460661563972828 -0.003473310000000001 0.00851052 0.005288629999999999 0.00163806 -0.010399799999999999 -0.003204990000000001 -0.00736445
25.460661539083148 -0.002748350000000001 0.00908164 0.005971509999999999 0.00165038 -0.010370039999999999 -0.003145190000000001 -0.0073220099999999995
25.460661499073844 -0.002224770000000001 0.00946682 0.006458049999999999 0.0016437799999999999 -0.0103264 -0.003125010000000001 -0.0072882699999999995
25.45848333245807 -0.001769970000000001 0.0097167 0.006701089999999999 0.0016529 -0.010123799999999999 -0.002873730000000001 -0.0070651099999999994
25.45848278969805 -0.0015422500000000009 0.00984166 0.006831009999999999 0.00164752 -0.01002062 -0.002741030000000001 -0.006949469999999999
25.428744508359912 -0.0017642900000000008 0.00942686 0.006163569999999999 0.0017592 -0.009686899999999998 -0.002106190000000001 -0.006488709999999999
25.42874399980819 -0.0018667100000000008 0.00921946 0.005824569999999999 0.00182416 -0.009515279999999997 -0.0018096100000000008 -0.006264369999999999
25.413760155234208 -0.002275390000000001 0.008243140000000001 0.00456293 0.00190804 -0.008746199999999997 -0.0011275300000000007 -0.005531969999999999
25.413760138601386 -0.002410550000000001 0.0075587000000000015 0.00335253 0.0019875599999999998 -0.007750519999999997 -0.0001315300000000008 -0.004536129999999999
25.413759233780123 -0.002547810000000001 0.007216480000000002 0.0026824099999999997 0.0021002599999999996 -0.007330359999999997 0.00037966999999999916 -0.004077549999999999
25.413759217147298 -0.002836170000000001 0.006728320000000002 0.00197943 0.0022225199999999995 -0.007038019999999996 0.0007555099999999992 -0.003749989999999999
25.365208341435576 -0.002299530000000001 0.007208440000000002 0.0025567899999999998 0.0022446399999999996 -0.007100899999999997 0.0008123899999999992 -0.003762349999999999
25.36520827167758 -0.001391770000000001 0.007790160000000002 0.0034163099999999997 0.0021131199999999996 -0.006921139999999997 0.0009390299999999992 -0.003604989999999999
25.36520778484119 -0.0009232500000000009 0.008081020000000001 0.00384779 0.0020466599999999996 -0.0068176199999999965 0.0009835699999999991 -0.003526349999999999
25.365207715083194 -0.0006713500000000009 0.008321040000000002 0.00411317 0.0020772799999999995 -0.0068617199999999965 0.001007389999999999 -0.003541809999999999
25.306921071762652 -0.003289330000000001 0.005741220000000002 0.00134045 0.0019665199999999994 -0.006596219999999996 0.001395229999999999 -0.003224709999999999
25.299379471106835 -0.0031653700000000007 0.006510780000000002 0.00203579 0.0021400999999999994 -0.007341179999999997 0.0009091099999999991 -0.003860469999999999
25.25312374987792 -0.004992690000000001 0.0051626200000000014 0.00183047 0.0016831399999999994 -0.008506259999999996 -6.865000000000094e-05 -0.004946549999999999
25.253123407964686 -0.005932910000000001 0.004488520000000001 0.00170435 0.0014782799999999994 -0.009115499999999997 -0.0005469100000000009 -0.005500529999999999
25.17339392058077 -0.005199030000000001 0.005009360000000001 0.00238295 0.0015205999999999993 -0.009102539999999998 -0.0004925500000000009 -0.0054700899999999995
25.173393465722675 -0.0048113700000000014 0.005269760000000001 0.00275777 0.0015051399999999994 -0.009074259999999997 -0.0004594100000000009 -0.005439749999999999
25.154532851785067 -0.004327290000000001 0.005657720000000001 0.00349377 0.0013742999999999995 -0.009195339999999998 -0.0006507700000000009 -0.005590469999999999
25.15453278449518 -0.005279570000000001 0.00476672 0.0023203700000000004 0.0011806599999999996 -0.008780579999999998 -0.00010233000000000095 -0.005119309999999999
25.15453204217451 -0.005778310000000001 0.004321200000000001 0.0016941100000000004 0.0011219999999999995 -0.008594419999999998 0.00015880999999999903 -0.0049015099999999995
25.15453197488462 -0.005548990000000001 0.0045152000000000005 0.0020280900000000006 0.0010670399999999996 -0.008644119999999998 6.334999999999903e-05 -0.004970509999999999
25.14373833721802 -0.007419390000000001 0.0038031600000000003 0.0002452100000000007 0.0012477199999999995 -0.008912319999999998 -0.00011721000000000096 -0.005201749999999999
25.14373775434241 -0.00833581 0.0034471600000000003 -0.0006228499999999993 0.0013140799999999994 -0.009027039999999998 -0.00020661000000000095 -0.005305789999999999
25.06400839497601 -0.008718730000000001 0.00265444 -0.0017476899999999992 0.0013172399999999995 -0.008288279999999999 0.000604829999999999 -0.004536349999999999
25.064007925045267 -0.00890869 0.00225808 -0.0023085699999999994 0.0013154999999999994 -0.007915599999999998 0.001012129999999999 -0.004149069999999999
24.982248771732664 -0.008432770000000001 0.00426802 1.9850000000000943e-05 0.0012156599999999995 -0.009668199999999998 -0.0006430900000000009 -0.005860569999999999
24.920993933884073 -0.008846530000000002 0.0051961 0.0016540900000000009 0.0010549399999999994 -0.011555479999999998 -0.002457490000000001 -0.007717089999999999
24.92099386661057 -0.011319370000000002 0.004229500000000001 -0.0005330699999999992 0.0012570999999999995 -0.012043319999999998 -0.0029540900000000012 -0.00820865
24.920993367474516 -0.012514370000000002 0.0037462200000000006 -0.0015589499999999993 0.0012839399999999995 -0.012239259999999998 -0.0031907300000000014 -0.00842177
24.920993300201012 -0.012739870000000002 0.0042102400000000005 -0.0007618099999999993 0.0012212999999999994 -0.013199239999999998 -0.004102490000000001 -0.00936141
24.9176937512217 -0.009390270000000003 0.00840972 0.0032129900000000006 0.0015013399999999994 -0.014104479999999997 -0.005012930000000001 -0.010268850000000001
24.917693647330633 -0.010415930000000002 0.007143160000000001 0.0018914100000000007 0.0014395999999999994 -0.013746819999999998 -0.004721630000000001 -0.00993919
24.917693630660565 -0.012569850000000002 0.00460988 -0.0008459099999999994 0.0014301199999999994 -0.013153939999999998 -0.004142230000000001 -0.009351990000000001
24.917693526769497 -0.010925390000000002 0.00670952 0.0011107900000000006 0.0016060399999999993 -0.013642119999999997 -0.004585110000000001 -0.009821050000000001
24.914725947343143 -0.010822030000000002 0.00661608 0.0008471500000000006 0.0016741999999999994 -0.013343279999999997 -0.004285590000000001 -0.009521930000000001
24.91472570698167 -0.010788670000000002 0.00656936 0.0007027300000000006 0.0017217199999999993 -0.013212999999999997 -0.00412717 -0.00937979
24.90878589387382 -0.015558470000000001 0.0018890399999999998 -0.0035616299999999997 0.0015412799999999993 -0.013537999999999998 -0.004177210000000001 -0.009588790000000002
24.908785181566262 -0.01794269 -0.0004510400000000002 -0.00571523 0.0014740599999999993 -0.013701399999999997 -0.0042263100000000005 -0.009703970000000001
24.879046900228126 -0.021961050000000003 -0.0044384 -0.009583069999999999 0.0013935399999999993 -0.013771399999999998 -0.00430363 -0.00977709
24.879046561223944 -0.02399963 -0.0064321000000000005 -0.01153485 0.0013728799999999993 -0.013837559999999999 -0.00432801 -0.00982561
24.851534231365836 -0.023838790000000002 -0.006523340000000001 -0.01187397 0.0016457199999999994 -0.013610439999999998 -0.00381633 -0.00947845
24.851533908540212 -0.02376707 -0.00656898 -0.01204065 0.0017802399999999993 -0.013506559999999997 -0.00355471 -0.00930803
24.8195196761135 -0.02020871 -0.00252518 -0.008056609999999999 0.0016879199999999994 -0.013839879999999997 -0.00413471 -0.00974543
24.819519306165972 -0.01841171 -0.00050322 -0.006049229999999999 0.0016257399999999994 -0.013988099999999996 -0.0044288899999999996 -0.009955229999999999
24.76998779935871 -0.015330630000000001 0.00227026 -0.0029888699999999994 0.0017076999999999995 -0.014049339999999997 -0.0045124499999999994 -0.01002587
24.769987717988194 -0.01486687 0.00252338 -0.0026183099999999996 0.0016406599999999995 -0.013889099999999996 -0.004447929999999999 -0.00990603
24.76998724276433 -0.01463681 0.00264994 -0.0024271099999999997 0.0016120799999999995 -0.013821659999999996 -0.0044233499999999995 -0.00985667
24.769987161393807 -0.013081510000000001 0.00403664 -0.0009000899999999997 0.0016541999999999996 -0.013835499999999995 -0.004486609999999999 -0.00989137
24.737513712616032 -0.012206110000000001 0.00454332 -0.00030772999999999966 0.0017161199999999996 -0.013614379999999995 -0.00418469 -0.00963617
24.73751365144633 -0.011415310000000001 0.00520552 0.0004904300000000004 0.0016663599999999995 -0.013571939999999996 -0.004000569999999999 -0.00953397
24.737513608724967 -0.01104651 0.00553662 0.0008654500000000004 0.0016680999999999996 -0.013579919999999995 -0.0039009499999999994 -0.00949655
24.737513547555263 -0.01061929 0.00578998 0.0011576500000000003 0.0016999799999999996 -0.013476779999999995 -0.0037392699999999994 -0.009368709999999999
24.73327375360094 -0.01031917 0.00573256 0.0026930500000000002 0.0014339399999999997 -0.014446019999999995 -0.004846329999999999 -0.010396089999999998
24.727636880014124 -0.006909730000000001 0.00931424 0.006936610000000001 0.0013852199999999997 -0.015231459999999995 -0.005713729999999999 -0.011216089999999998
24.727636206811518 -0.0052099300000000015 0.0111051 0.009032850000000002 0.0013851599999999996 -0.015627819999999994 -0.006146829999999999 -0.011627949999999998
24.648976169997024 -0.004971330000000001 0.011367539999999999 0.008947730000000003 0.0015719999999999996 -0.015490939999999993 -0.005922069999999999 -0.011453989999999997
24.648975651040605 -0.004848370000000001 0.011498739999999999 0.008912510000000002 0.0016575199999999996 -0.015418259999999993 -0.005809249999999999 -0.011364389999999997
24.64788478181689 -0.0038049700000000013 0.012732579999999999 0.009638390000000002 0.0019623199999999996 -0.015405539999999992 -0.005610229999999999 -0.011273069999999996
24.641556648785283 -0.005455570000000002 0.011949279999999998 0.008832470000000002 0.0018658999999999995 -0.016153799999999992 -0.006084649999999999 -0.011905829999999996
24.595565574205132 -0.005942970000000001 0.011816119999999998 0.008596470000000002 0.0019707799999999997 -0.016510119999999993 -0.006263249999999999 -0.012187149999999996
24.59556556636744 -0.006768850000000002 0.010948259999999998 0.007831250000000001 0.0018481999999999997 -0.016448199999999993 -0.006228429999999999 -0.012136669999999995
24.595565499490753 -0.008528210000000001 0.009212579999999998 0.006158730000000001 0.0017587599999999996 -0.01644555999999999 -0.006164309999999999 -0.012108109999999995
24.595565491653065 -0.008780450000000002 0.009145919999999998 0.0060205100000000015 0.0018350599999999997 -0.016635879999999992 -0.006254629999999999 -0.012256249999999995
24.581131177480163 -0.0077469300000000026 0.011696719999999999 0.009758270000000001 0.0015799399999999997 -0.01908499999999999 -0.008766149999999999 -0.014731689999999995
24.581131071433212 -0.0072518300000000025 0.012972059999999999 0.01159889 0.0014792799999999997 -0.02032987999999999 -0.010021889999999999 -0.015981149999999996
24.557093224888757 -0.007527790000000003 0.012164419999999999 0.010367570000000001 0.0015449599999999997 -0.01944019999999999 -0.00922377 -0.015130109999999995
24.557092700695044 -0.007685350000000003 0.011760559999999998 0.00977705 0.0015567399999999998 -0.01901903999999999 -0.00876511 -0.014693129999999995
24.53971115857059 -0.006294790000000003 0.013547399999999998 0.010310650000000001 0.0016528199999999997 -0.018258159999999992 -0.008088389999999999 -0.013967729999999996
24.53971070236686 -0.005623470000000004 0.014440779999999997 0.010554710000000002 0.0017218999999999997 -0.017899979999999992 -0.007743589999999999 -0.013615189999999996
24.530301122823005 -0.006686790000000003 0.014634179999999997 0.012290470000000001 0.0014596999999999998 -0.020436859999999994 -0.01026471 -0.016145429999999995
24.530300457970387 -0.007220730000000003 0.014730819999999997 0.01311049 0.0013456799999999997 -0.021676799999999993 -0.01152397 -0.017393529999999994
24.517930101608957 -0.009298130000000003 0.013986019999999997 0.011193610000000001 0.0014612399999999997 -0.021952879999999994 -0.011938289999999999 -0.017727929999999992
24.51792992279497 -0.010342090000000003 0.013613579999999997 0.010234890000000002 0.0015195199999999997 -0.022096399999999995 -0.012143629999999999 -0.01789752999999999
24.500562176632254 -0.011920050000000003 0.013356139999999997 0.008848090000000001 0.0017844799999999997 -0.022552519999999996 -0.01246895 -0.01829844999999999
24.50056179017313 -0.012732130000000003 0.013227439999999997 0.008108810000000001 0.0019481799999999997 -0.022789019999999997 -0.01263215 -0.01850400999999999
24.451891730312777 -0.017025730000000003 0.010393279999999996 0.003441170000000001 0.0024502599999999997 -0.022917059999999996 -0.01210139 -0.01835412999999999
24.447828276215013 -0.012666690000000003 0.014910479999999997 0.008878050000000002 0.0021866999999999998 -0.023731339999999997 -0.01304395 -0.019222529999999988
24.447827689268614 -0.010485450000000004 0.017169119999999996 0.011585430000000002 0.0020617599999999997 -0.024132519999999998 -0.01353011 -0.019659569999999987
24.434562677537958 -0.011832330000000004 0.016697679999999996 0.011721550000000002 0.0020432 -0.02559692 -0.01503463 -0.02114092999999999
24.434562431336495 -0.012519250000000004 0.016461939999999994 0.011782230000000003 0.0020431399999999997 -0.02634448 -0.01577593 -0.021885849999999988
24.40032003056577 -0.010246010000000003 0.019894419999999996 0.014026390000000003 0.00212898 -0.02640124 -0.016046770000000002 -0.02203292999999999
24.400319910458904 -0.010016930000000004 0.020416739999999996 0.015263870000000002 0.00202746 -0.027308119999999998 -0.016855250000000002 -0.022898289999999988
24.400319575621282 -0.009936950000000003 0.020677919999999995 0.015829170000000004 0.00203346 -0.027799439999999998 -0.01727077 -0.023357629999999987
24.40031945551442 -0.008786610000000004 0.022394099999999997 0.016961570000000002 0.00206816 -0.0278162 -0.01741357 -0.023427569999999988
24.381120011451543 -0.0028508900000000035 0.030637859999999996 0.02721333 0.0019015999999999998 -0.031965679999999996 -0.02167297 -0.027623409999999987
24.381119523189007 5.846999999999667e-05 0.034759679999999994 0.03227761 0.00187946 -0.03409846 -0.02381129 -0.029758529999999988
24.35670490002232 0.00010466999999999667 0.033766559999999994 0.03227081 0.00157946 -0.03374546 -0.023494849999999998 -0.029420969999999987
24.356704860013018 0.0005828899999999967 0.034096379999999996 0.03241923 0.00157866 -0.03341486 -0.023058989999999998 -0.029045969999999987
24.356704774757723 0.0016048899999999966 0.03475606 0.03275135 0.0015505 -0.032696819999999994 -0.02222111 -0.028277369999999986
24.356704734748426 0.0016450499999999966 0.03425952 0.03278155 0.0013702200000000001 -0.03250657999999999 -0.02205851 -0.028098789999999985
24.35428329481147 -0.0006521100000000033 0.03239004 0.03002459 0.0013944200000000002 -0.03207097999999999 -0.02165455 -0.027676549999999984
24.35428299868787 -0.0017912300000000032 0.03145532 0.02866233 0.0013917600000000001 -0.031845179999999994 -0.02144669 -0.027458329999999982
24.32891936007164 -0.003902390000000003 0.030702240000000002 0.02727961 0.00143872 -0.032620579999999996 -0.022009130000000002 -0.028143889999999984
24.328919046771667 -0.004917390000000003 0.030325800000000003 0.02660473 0.00144366 -0.032965659999999994 -0.02232713 -0.028477549999999983
24.32765678636529 -0.003064910000000003 0.0346168 0.02954817 0.00179302 -0.034405979999999996 -0.02363565 -0.029862269999999982
24.327656408039907 -0.0022156100000000033 0.036762340000000004 0.030903769999999997 0.00209618 -0.035215439999999994 -0.02428369 -0.030603629999999982
24.249985473636517 -0.0006596300000000033 0.03800926 0.03108113 0.00279446 -0.03453509999999999 -0.02322595 -0.029764049999999983
24.248639910246645 0.002289249999999997 0.042560100000000003 0.03545893 0.00303346 -0.036203059999999995 -0.024877709999999997 -0.03142516999999998
24.248639681221555 0.0037254699999999972 0.044835520000000004 0.03758081 0.00322498 -0.03708022 -0.02571643 -0.03228610999999998
24.204732802281026 0.0019649099999999972 0.04262084000000001 0.03414957 0.00340882 -0.035593339999999994 -0.024201309999999997 -0.030787309999999977
24.204732440190504 0.0011065899999999971 0.041513480000000005 0.03245455 0.0034853799999999997 -0.03483317999999999 -0.023445849999999997 -0.030029129999999977
24.159227545277997 0.002190249999999997 0.04241012 0.03315865 0.0035973399999999997 -0.03456551999999999 -0.022775889999999997 -0.029591789999999975
24.141540964574673 0.001241209999999997 0.041171280000000005 0.031214529999999997 0.00377878 -0.03375187999999999 -0.021799529999999998 -0.028709509999999976
24.141540763478098 0.0007891899999999969 0.040551920000000005 0.03028771 0.0038282399999999997 -0.03332653999999999 -0.021312209999999998 -0.028258009999999976
24.117772289064746 0.0011164299999999968 0.04060068000000001 0.03001207 0.003974999999999999 -0.03287041999999999 -0.02084013 -0.027795169999999977
24.117771725088296 0.0012718299999999968 0.040625060000000005 0.02987239 0.004050099999999999 -0.03265043999999999 -0.02060211 -0.027567589999999975
24.08803344375016 0.0011903499999999967 0.04023034 0.02905319 0.004103899999999999 -0.03196651999999999 -0.01976907 -0.026820749999999977
24.08803295641487 0.0011520299999999966 0.04003298 0.02865063 0.0041235399999999985 -0.03162191999999999 -0.01934883 -0.02644422999999998
24.04344947316761 0.0018417899999999966 0.04425686 0.03163251 0.0047464299999999985 -0.03453689999999999 -0.022295790000000003 -0.02937270999999998
23.867031772012776 0.0009118299999999966 0.04313626 0.030123870000000004 0.0046111899999999985 -0.03382297999999999 -0.021540990000000003 -0.028641549999999977
23.867031701675998 0.0022677499999999968 0.0446329 0.03295175 0.004304229999999998 -0.03498797999999999 -0.022813350000000003 -0.02985182999999998
23.867031317068292 0.002902749999999997 0.045381160000000004 0.03432811 0.004206689999999998 -0.03563179999999999 -0.02345159 -0.03049328999999998
23.86703124673151 0.002429009999999997 0.044820900000000004 0.03356331 0.004148189999999998 -0.03528223999999999 -0.02306913 -0.03012984999999998
23.646419003417805 0.0053394299999999974 0.046088880000000006 0.03583749 0.0038530499999999976 -0.03435085999999999 -0.02226783 -0.02925336999999998
23.63499080710043 0.012354909999999997 0.05434112000000001 0.045557890000000004 0.0037859299999999977 -0.03698865999999999 -0.025003749999999998 -0.03193256999999998
23.634990523995548 0.015894469999999997 0.058467240000000004 0.05044507 0.0037054099999999975 -0.03825575999999999 -0.026354689999999997 -0.03323504999999998
23.619560343999108 0.008677549999999997 0.05064496 0.040292270000000005 0.0039148499999999975 -0.035529359999999996 -0.023206049999999995 -0.03033052999999998
23.619560221424138 0.002791629999999997 0.042642 0.032793630000000004 0.0035907299999999977 -0.033592519999999994 -0.021049769999999995 -0.02830112999999998
23.619559913763254 -0.00016713000000000275 0.03864052 0.029035310000000005 0.0034366699999999976 -0.03263889999999999 -0.019961609999999994 -0.02729074999999998
23.619559791188287 -0.0037327500000000026 0.03472938 0.023979030000000005 0.0035038699999999975 -0.03121543999999999 -0.018387269999999994 -0.02580362999999998
23.60721117239344 -0.0035826300000000024 0.03395654 0.024091750000000006 0.0034489099999999973 -0.03112303999999999 -0.018126189999999993 -0.02564006999999998
23.607211140777327 -0.0005811900000000023 0.036406140000000003 0.027871190000000004 0.003293829999999997 -0.03174599999999999 -0.018642349999999995 -0.02621794999999998
23.607211068502373 0.0009246899999999978 0.037630920000000005 0.029772630000000005 0.003206269999999997 -0.03205399999999999 -0.018896389999999996 -0.02650318999999998
23.607211036886262 0.0010064299999999978 0.03724456 0.029829670000000006 0.0031781299999999973 -0.032001159999999994 -0.018773949999999994 -0.026420989999999978
23.525605453248886 0.005507749999999997 0.04327288 0.035125390000000006 0.0036502899999999974 -0.033267719999999994 -0.019968269999999993 -0.027657069999999978
23.525604811564918 0.007757089999999997 0.04628704 0.037772810000000004 0.0038877899999999973 -0.03390329999999999 -0.020565389999999992 -0.028276429999999977
23.51726867272594 0.006832449999999997 0.04537192 0.03626465 0.004065909999999997 -0.03349789999999999 -0.020108909999999994 -0.027849469999999977
23.517268114067534 0.006373749999999997 0.04491436 0.035512850000000006 0.004151049999999997 -0.03328993999999999 -0.019880509999999994 -0.027632889999999976
23.407883043320872 0.006849709999999997 0.04586596 0.03668453000000001 0.0041954099999999975 -0.03403005999999999 -0.020660509999999993 -0.028389809999999977
23.40788267719043 0.007044589999999996 0.046341839999999995 0.037213930000000006 0.004282349999999997 -0.03445153999999999 -0.021043149999999993 -0.028794909999999976
23.330707817641606 0.004504749999999997 0.04473919999999999 0.03434893000000001 0.004286509999999997 -0.03413053999999999 -0.020702989999999994 -0.028465829999999977
23.330707629161907 0.0031555299999999967 0.04393783999999999 0.032819150000000005 0.004385329999999997 -0.03404881999999999 -0.020527349999999993 -0.028344489999999976
23.308510568963985 0.004525289999999997 0.04705075999999999 0.037442750000000004 0.004302769999999997 -0.037220099999999985 -0.023833789999999994 -0.03157280999999998
23.30851037793991 0.005180809999999997 0.04860719999999999 0.03972313 0.004288209999999997 -0.03883039999999999 -0.025484669999999994 -0.033200229999999976
23.30756598950991 0.013084529999999997 0.05808415999999999 0.05197621 0.004124929999999997 -0.04301647999999999 -0.029795389999999995 -0.03743890999999998
23.307565586338896 0.017030629999999998 0.06282265999999999 0.05808837 0.004056189999999997 -0.04511379999999999 -0.03195177 -0.039561149999999976
23.298466471548544 0.020495709999999997 0.06600157999999999 0.06227329 0.004034589999999997 -0.04581203999999999 -0.03268741 -0.040275149999999975
23.298466199418392 0.022228369999999997 0.06759099999999998 0.06436993 0.004017609999999997 -0.046159059999999995 -0.03304835 -0.04062804999999998
23.277827305000763 0.02629129 0.07316387999999999 0.06796477000000001 0.004364769999999997 -0.04603814 -0.033078109999999994 -0.04057068999999998
23.277826656860036 0.02831715 0.07595025999999999 0.06975135 0.004547129999999997 -0.04598124 -0.033094269999999995 -0.04054460999999998
23.276528733256974 0.027430589999999998 0.07491482 0.06751707 0.004844729999999998 -0.04493112 -0.031759829999999996 -0.039374529999999984
23.276528099350344 0.026991429999999997 0.0743971 0.06637747 0.005006409999999998 -0.04439236 -0.031110909999999995 -0.03878928999999998
23.255529636814817 0.026195989999999995 0.0749977 0.06576187 0.005081609999999998 -0.0446474 -0.031473869999999994 -0.03908984999999998
23.255529562554717 0.025343189999999995 0.07498614 0.06863059 0.004336329999999998 -0.047623639999999995 -0.03448650999999999 -0.04208144999999998
23.255528715360732 0.024948029999999996 0.07498036000000001 0.07009519 0.003935709999999998 -0.049082759999999996 -0.03599498999999999 -0.04356138999999998
23.25552864110063 0.024523709999999997 0.07528068000000002 0.06977239 0.003988789999999997 -0.04923738 -0.03615560999999999 -0.04371852999999998
23.246513571226206 0.025433149999999998 0.07597440000000001 0.07034647000000001 0.0038448299999999974 -0.04875806 -0.035723929999999994 -0.04325932999999998
23.246513116726497 0.025879189999999996 0.07632128 0.07062513000000001 0.0037748499999999976 -0.048520719999999996 -0.035506069999999994 -0.04303020999999998
23.235274723802554 0.028022189999999995 0.07744208000000001 0.07263657000000001 0.0037484099999999976 -0.04836272 -0.035148469999999994 -0.04278800999999998
23.23527443274562 0.029108909999999995 0.07800248000000001 0.07364701000000001 0.0037299699999999974 -0.048268 -0.03498020999999999 -0.04266226999999998
23.189843760639334 0.026531589999999994 0.07540984000000002 0.06961377000000002 0.0037599299999999973 -0.04684204 -0.03353352999999999 -0.04122758999999998
23.189843309335238 0.025270369999999993 0.07411348000000002 0.06764465000000001 0.0037131699999999974 -0.0460874 -0.03279760999999999 -0.04048084999999998
23.160105027997105 0.024388449999999992 0.07315572000000002 0.06593481000000001 0.0037990099999999976 -0.04534532 -0.03199148999999999 -0.03971172999999998
23.160104427989456 0.02395230999999999 0.07267686000000002 0.06509319000000001 0.003829209999999998 -0.04497002 -0.03158228999999999 -0.03932212999999998
23.13712804597984 0.02378974999999999 0.07180614000000002 0.06359691 0.0039574899999999975 -0.04376462 -0.03029776999999999 -0.038083329999999985
23.137127575690698 0.02370858999999999 0.07137078000000002 0.06284901000000001 0.0040214699999999975 -0.043161859999999996 -0.02965542999999999 -0.03746386999999998
22.958026221318544 0.021264709999999992 0.06930462000000003 0.06081893000000001 0.0038070699999999975 -0.0433613 -0.02964734999999999 -0.037575749999999984
22.95802583629896 0.02003450999999999 0.06827154000000002 0.05979447000000001 0.0037068099999999975 -0.04346676 -0.02964332999999999 -0.037635029999999986
22.955355117793893 0.020415209999999993 0.06851796000000002 0.05823561000000001 0.004199529999999997 -0.04201992 -0.02808986999999999 -0.036143189999999985
22.951122723197443 0.01930892999999999 0.06790398000000002 0.058477350000000004 0.004373469999999997 -0.043541880000000005 -0.02925218999999999 -0.037513469999999986
22.93417846085699 0.016120649999999993 0.06476098000000002 0.055018670000000006 0.004279229999999998 -0.043177200000000006 -0.02879374999999999 -0.037109229999999986
22.934178098039496 0.014522309999999993 0.06318954000000003 0.05327541000000001 0.004239389999999997 -0.04299244000000001 -0.02856956999999999 -0.036907849999999985
22.897536120372667 0.011530049999999993 0.06017652000000003 0.050304030000000007 0.0038987699999999976 -0.042672640000000005 -0.02834564999999999 -0.036628489999999986
22.886974148056506 0.012312889999999993 0.060858520000000034 0.05104591000000001 0.0037641299999999975 -0.04249704000000001 -0.02836320999999999 -0.03653440999999998
22.88697409628157 0.010900329999999993 0.05935872000000003 0.04812687000000001 0.003919169999999998 -0.041145560000000005 -0.02688444999999999 -0.03512924999999998
22.886973226602418 0.010218669999999992 0.05860886000000003 0.046686170000000006 0.003979709999999998 -0.040447040000000004 -0.026158029999999992 -0.03441894999999998
22.886973174827485 0.010604249999999992 0.05894984000000003 0.04704391000000001 0.003920129999999998 -0.040359620000000006 -0.02617450999999999 -0.03437536999999998
22.826036360069864 0.004319409999999992 0.053573400000000035 0.03924715000000001 0.004061809999999998 -0.038989380000000004 -0.02446294999999999 -0.03286112999999998
22.826035926470652 0.001172869999999992 0.05088540000000003 0.03534293000000001 0.004137949999999998 -0.038307820000000006 -0.02361002999999999 -0.03210726999999998
22.80218855102868 0.004256949999999992 0.056733960000000035 0.039249450000000005 0.004603109999999998 -0.039595420000000006 -0.02497230999999999 -0.03342638999999998
22.802188236790812 0.0057993099999999916 0.05965818000000003 0.04118289000000001 0.004844429999999998 -0.040227820000000004 -0.02565362999999999 -0.03407942999999998
22.800987547556684 0.0028581699999999915 0.057490620000000034 0.035894010000000004 0.005543069999999998 -0.038578720000000004 -0.02332544999999999 -0.03214382999999998
22.79619723126532 0.006141489999999991 0.060743340000000035 0.039088290000000005 0.005588369999999998 -0.038535040000000007 -0.02302016999999999 -0.03198974999999998
22.77344453030632 0.005653569999999991 0.06058634000000004 0.03812381000000001 0.005819889999999998 -0.038290000000000005 -0.02264608999999999 -0.03169026999999998
22.773444456683926 0.0036684099999999904 0.05901310000000004 0.03545137000000001 0.006041809999999997 -0.03782464000000001 -0.02196716999999999 -0.031134829999999978
22.773443963896764 0.0027397699999999903 0.05822650000000004 0.03419577000000001 0.006068469999999998 -0.03752432000000001 -0.02163828999999999 -0.030822469999999977
22.77344389027437 0.0024533299999999906 0.058147940000000044 0.033615250000000006 0.0062650899999999975 -0.037426860000000006 -0.02145960999999999 -0.03069074999999998
22.716550547604264 0.00798436999999999 0.06324680000000005 0.039990670000000006 0.006187989999999997 -0.038194200000000005 -0.02218716999999999 -0.031441289999999976
22.709104599260087 0.013473409999999991 0.06776888000000005 0.047071150000000006 0.005937369999999997 -0.039535020000000004 -0.02324112999999999 -0.032661089999999976
22.684929100293047 0.014429449999999991 0.06853720000000005 0.04713263000000001 0.006157209999999997 -0.03886026 -0.02230172999999999 -0.031874689999999976
22.684928466386417 0.015054249999999991 0.06892136000000004 0.04717919000000001 0.006252509999999998 -0.03837732 -0.02201770999999999 -0.031475669999999976
22.59025157328536 0.01433516999999999 0.06971880000000004 0.04650163000000001 0.006414589999999998 -0.03858092 -0.02236518999999999 -0.031739949999999975
22.5902515055412 0.01293108999999999 0.06997112000000004 0.04733783000000001 0.006209749999999997 -0.0406164 -0.02444982999999999 -0.033796149999999976
22.590250651831276 0.012257089999999991 0.07009716000000003 0.047797210000000014 0.006071329999999997 -0.04161136 -0.02549374999999999 -0.03481176999999998
22.590250584087112 0.01187072999999999 0.07049592000000003 0.04742179000000001 0.006192369999999997 -0.04174334 -0.025668029999999988 -0.03496158999999998
22.53003752983618 0.011070529999999992 0.06878340000000004 0.04644079000000001 0.0059320899999999975 -0.0413023 -0.02496210999999999 -0.03440878999999998
22.530037489826878 0.011755729999999992 0.06935876000000003 0.04703931000000001 0.005852109999999997 -0.04113564 -0.02479486999999999 -0.03424188999999998
22.530037473044075 0.013081809999999992 0.07050960000000003 0.04815955000000001 0.005772349999999997 -0.040850000000000004 -0.02448778999999999 -0.033947209999999985
22.53003743303477 0.012672289999999992 0.06965336000000004 0.047641850000000006 0.005672909999999997 -0.04064236 -0.024145609999999987 -0.03368280999999999
22.334371901376414 0.0062621299999999925 0.061678560000000035 0.039488970000000005 0.005538269999999997 -0.038765 -0.021972329999999988 -0.031680609999999984
22.33437185546148 -0.0018235100000000073 0.05217800000000004 0.028043810000000006 0.0059729899999999975 -0.0358402 -0.01853940999999999 -0.028541449999999982
22.334371344782035 -0.005749690000000007 0.04742778000000004 0.022501710000000005 0.006012329999999997 -0.034263600000000005 -0.01683740999999999 -0.026911949999999983
22.334371298867097 -0.008978750000000008 0.043440340000000036 0.018403610000000004 0.005964169999999997 -0.03334638 -0.01573858999999999 -0.025918109999999984
22.309951769872455 -0.014390230000000007 0.037703500000000036 0.008652450000000004 0.006487329999999997 -0.02952986 -0.011798909999999989 -0.022049629999999983
22.30995123511686 -0.01710835000000001 0.034835060000000036 0.003804190000000004 0.006719789999999997 -0.027632200000000003 -0.00978888999999999 -0.020104549999999985
22.30131404678496 -0.014548210000000008 0.036815780000000034 0.006768310000000004 0.006946649999999997 -0.028263040000000003 -0.00994506999999999 -0.020535169999999985
22.287954260719864 -0.008773150000000007 0.042990860000000033 0.011996590000000005 0.007329329999999997 -0.028098940000000003 -0.01007112999999999 -0.020493469999999986
22.284084309075382 -0.005667790000000008 0.044804060000000034 0.015020910000000005 0.007048209999999997 -0.027736780000000003 -0.00953480999999999 -0.020057829999999985
22.284084241583788 -0.004466630000000008 0.04555226000000003 0.015107150000000005 0.0073423699999999965 -0.026916020000000002 -0.008352009999999991 -0.019084309999999986
22.28408404861294 -0.0038316300000000077 0.04592630000000003 0.015182890000000004 0.007450789999999996 -0.02646518 -0.007764189999999991 -0.018575669999999985
22.28408398112134 -0.0023151300000000077 0.04683290000000003 0.016650250000000005 0.007351009999999996 -0.02631626 -0.007496149999999991 -0.018376489999999985
22.24295716986083 -0.005017410000000008 0.047039180000000035 0.014237010000000005 0.007970129999999997 -0.027224420000000003 -0.008208749999999992 -0.019202129999999984
22.24295700850756 0.0022613899999999925 0.056886260000000036 0.029524890000000005 0.007359209999999997 -0.03462262 -0.015594269999999992 -0.026594969999999985
22.2429565359542 0.005962509999999992 0.06180984000000003 0.03724657000000001 0.006979589999999997 -0.03826356 -0.019297109999999992 -0.030262009999999985
22.24295637460093 0.004590089999999992 0.06191300000000003 0.036016370000000006 0.007312169999999997 -0.03873836 -0.019654009999999993 -0.030687069999999986
22.21806880896501 0.002513609999999992 0.05887300000000003 0.03218233000000001 0.007384049999999997 -0.03705264 -0.017687329999999994 -0.028882829999999988
22.21806830057048 0.001525269999999992 0.05735300000000003 0.030336490000000008 0.007348429999999997 -0.03615954 -0.016707829999999993 -0.02795326999999999
22.18951934701327 -0.004265690000000008 0.05166758000000003 0.019549510000000006 0.008234869999999997 -0.032049959999999995 -0.012239569999999993 -0.02369236999999999
22.17844099220478 -0.009628250000000008 0.04467962000000003 0.011887630000000007 0.007959029999999997 -0.029474799999999995 -0.009360809999999994 -0.02098912999999999
22.17844085642325 -0.010051330000000008 0.04293314000000003 0.009048750000000006 0.008105149999999997 -0.027205119999999996 -0.006885529999999994 -0.01863268999999999
22.178440731742334 -0.010260570000000007 0.04205982000000003 0.007637410000000006 0.008170769999999997 -0.026068659999999997 -0.0056511699999999936 -0.01745492999999999
22.178440595960808 -0.012976690000000006 0.03856592000000003 0.003759490000000006 0.008086469999999997 -0.024822579999999997 -0.004217249999999994 -0.01612960999999999
22.148829907828613 -0.014098030000000006 0.03670976000000003 0.0007251100000000058 0.008246489999999997 -0.023069559999999996 -0.0022468499999999934 -0.01428490999999999
22.104191866367344 -0.014514070000000006 0.03613464000000003 -0.0009926099999999943 0.008513129999999997 -0.022034559999999995 -0.0009495699999999933 -0.01313922999999999
22.104191232460714 -0.014713830000000006 0.03584710000000003 -0.0018457099999999943 0.008639409999999997 -0.021507479999999995 -0.00030022999999999335 -0.01256056999999999
22.067897564101578 -0.013483470000000006 0.036150640000000026 -0.0004843699999999944 0.008487669999999998 -0.021486719999999994 0.00012289000000000662 -0.01237006999999999
22.044306030475077 -0.015271050000000006 0.033623980000000026 -0.007497889999999994 0.009202809999999997 -0.016975859999999995 0.004989370000000007 -0.007709209999999991
22.02913019108836 -0.016813050000000006 0.033002380000000026 -0.010248709999999994 0.009694149999999997 -0.016258319999999996 0.0062724700000000065 -0.006753109999999991
21.980366487502785 -0.022797650000000006 0.028802460000000026 -0.014413269999999995 0.009431109999999996 -0.017815319999999996 0.004784470000000007 -0.008280989999999992
21.98036637330253 -0.030906250000000007 0.023222660000000027 -0.021809509999999997 0.009387469999999997 -0.018484039999999997 0.004480870000000007 -0.008795669999999992
21.980365853596155 -0.03496637000000001 0.020432760000000025 -0.02550611 0.009364369999999997 -0.018824459999999998 0.004338870000000007 -0.009052389999999992
21.9803657393959 -0.038058030000000014 0.018332780000000024 -0.02770791 0.009355009999999997 -0.019704959999999997 0.0035947900000000066 -0.009875329999999991
21.963919941576727 -0.037576590000000014 0.023362160000000024 -0.01894311 0.009357529999999998 -0.027990899999999996 -0.004423189999999993 -0.01804822999999999
21.944369576682433 -0.03775715000000002 0.023172800000000025 -0.02039843 0.009479729999999997 -0.026838379999999995 -0.0030951899999999925 -0.01682166999999999
21.944369568844742 -0.03557961000000002 0.025520580000000025 -0.018484889999999997 0.009700229999999997 -0.026794859999999997 -0.0031500099999999926 -0.01681964999999999
21.94436950481324 -0.03126133000000002 0.030216220000000026 -0.014638369999999998 0.010140309999999998 -0.026763179999999998 -0.0032144899999999926 -0.01682852999999999
21.944369496975547 -0.031318270000000016 0.030121600000000026 -0.015326109999999997 0.010162469999999998 -0.026154539999999997 -0.0025527699999999924 -0.01619748999999999
21.910809420519918 -0.030707650000000017 0.03160354000000003 -0.014059569999999997 0.010260569999999998 -0.026908559999999998 -0.003151029999999992 -0.01688580999999999
21.892282405894484 -0.028433090000000015 0.03263514000000003 -0.010698609999999997 0.009890289999999998 -0.02762468 -0.003688829999999992 -0.01752668999999999
21.892282330258535 -0.028203770000000013 0.03206830000000003 -0.011680529999999998 0.009861009999999998 -0.02638416 -0.002351149999999992 -0.01624516999999999
21.892281484440396 -0.02809131000000001 0.031784900000000026 -0.012205009999999999 0.009875529999999999 -0.02576174 -0.0017079699999999918 -0.015613989999999989
21.89228140880445 -0.02695589000000001 0.03230066000000002 -0.010508809999999999 0.00968061 -0.02612758 -0.0019643099999999917 -0.01593362999999999
21.864405278838774 -0.02577717000000001 0.033453620000000024 -0.010242449999999998 0.010005529999999999 -0.02554014 -0.0011073099999999916 -0.015232469999999991
21.86440519587422 -0.02242953000000001 0.036508620000000026 -0.007162049999999998 0.010197409999999999 -0.02546478 -0.0007951899999999916 -0.015057229999999991
21.864404469228216 -0.02071207000000001 0.03803612000000003 -0.005574529999999998 0.01024517 -0.025382599999999998 -0.0006387499999999916 -0.01494372999999999
21.864404386263658 -0.02013583000000001 0.038612600000000025 -0.0054423899999999975 0.01041771 -0.025111039999999998 -0.00021558999999999164 -0.01460820999999999
21.852112022373966 -0.02163047000000001 0.03652144000000002 -0.007927869999999997 0.01056323 -0.024265719999999998 0.0009142100000000084 -0.013642889999999989
21.85211183855875 -0.02238171000000001 0.03547580000000002 -0.009205789999999997 0.01065883 -0.023834639999999997 0.0014808300000000085 -0.013154629999999988
21.847617682695155 -0.02380485000000001 0.03396026000000002 -0.012303949999999998 0.01073443 -0.022235279999999996 0.0034112700000000083 -0.01141558999999999
21.843037563902328 -0.02442381000000001 0.03117860000000002 -0.014868709999999997 0.01042297 -0.019978019999999996 0.005723010000000008 -0.00913534999999999
21.80758419052196 -0.023241210000000012 0.031846520000000024 -0.015600709999999997 0.01059133 -0.018231779999999996 0.007298010000000008 -0.00746134999999999
21.788920362942914 -0.024459810000000012 0.028493560000000025 -0.01779819 0.01041465 -0.017076179999999996 0.00893465000000001 -0.00610282999999999
21.78891998357104 -0.025003090000000013 0.026817100000000024 -0.01881279 0.01023723 -0.016427439999999998 0.009752670000000008 -0.00538266999999999
21.774131287312294 -0.016131550000000015 0.034643320000000026 -0.006584669999999997 0.00992961 -0.019476399999999998 0.006868830000000008 -0.00836196999999999
21.75514031704099 -0.021856070000000016 0.03132820000000003 -0.012639069999999997 0.01048653 -0.01970344 0.006849790000000008 -0.00850124999999999
21.755140197571833 -0.010250190000000015 0.046174440000000025 0.009568970000000001 0.00979457 -0.029613639999999997 -0.003163049999999992 -0.01845476999999999
21.755139507430428 -0.004457830000000015 0.053597520000000023 0.02067209 0.009449810000000001 -0.03457966 -0.008153849999999992 -0.02343122999999999
21.755139387961272 -0.007320290000000015 0.05194000000000002 0.01765945 0.009715630000000001 -0.0346953 -0.008148629999999992 -0.02349588999999999
21.752406300038437 -0.008856090000000014 0.05010120000000002 0.015048530000000001 0.00986027 -0.03376482 -0.007107669999999991 -0.022518809999999993
21.752406227590825 -0.005750410000000015 0.05324800000000002 0.020672410000000002 0.00962135 -0.0360441 -0.009213269999999992 -0.024724809999999993
21.75240573362888 -0.004217470000000015 0.05482138000000002 0.023471750000000003 0.00951657 -0.03720574 -0.010265709999999992 -0.025840369999999994
21.752405661181264 -0.004990290000000015 0.053901980000000016 0.022175250000000004 0.009587130000000001 -0.03675262 -0.009743769999999992 -0.025358209999999996
21.72378244147757 -0.010691570000000015 0.04803886000000002 0.011999210000000003 0.010257210000000001 -0.03294794 -0.005710609999999992 -0.021457129999999994
21.723781914955225 -0.013551750000000015 0.045107420000000016 0.006893530000000004 0.01060845 -0.031053700000000004 -0.003699769999999992 -0.019513689999999993
21.69210970859887 -0.007266030000000015 0.05025908000000002 0.013680190000000004 0.01049415 -0.03144028 -0.003727429999999992 -0.019748829999999995
21.63189948880338 -0.009916990000000014 0.04650520000000002 0.009017310000000004 0.01053543 -0.029469640000000002 -0.0015141499999999919 -0.017675829999999997
21.63189897217559 -0.011232070000000014 0.04462818000000002 0.006700070000000004 0.01054197 -0.028474000000000003 -0.00040698999999999185 -0.016633149999999996
21.51953245249795 -0.008663530000000013 0.044923980000000016 0.0047011700000000045 0.01089165 -0.024256240000000002 0.004074290000000008 -0.012304209999999996
21.459899282227486 -0.005697570000000013 0.04782710000000002 0.007366250000000005 0.01098713 -0.02405084 0.004390930000000008 -0.012051889999999996
21.459898648320856 -0.004198790000000013 0.049278660000000016 0.008715830000000004 0.01102017 -0.02393468 0.004546730000000008 -0.011919009999999996
21.388013317465628 -0.006859350000000013 0.046464220000000014 0.0023114700000000047 0.01148749 -0.0206582 0.00792397000000001 -0.008600009999999995
21.388012937630357 -0.008213030000000014 0.04505690000000001 -0.0009030099999999953 0.011732669999999999 -0.019042580000000003 0.00962281000000001 -0.006949269999999995
21.278627866883696 -0.0021104700000000136 0.05019378000000001 0.006035830000000004 0.011776269999999998 -0.019922460000000003 0.009024730000000009 -0.007710269999999995
21.278627321930124 0.0009507899999999865 0.05276224000000001 0.009526050000000005 0.011778869999999999 -0.020354020000000004 0.008735090000000008 -0.008081949999999994
21.239596317217515 -0.0058254100000000135 0.04353544000000001 0.0006994500000000042 0.011349549999999998 -0.017874300000000003 0.011409490000000008 -0.005520109999999994
21.23959600219161 -0.009217350000000013 0.03892218000000001 -0.003707709999999996 0.011126449999999998 -0.01663596 0.012759770000000009 -0.004234549999999994
21.176404526575773 -0.008185550000000014 0.03844550000000001 -0.004827189999999996 0.011186689999999997 -0.014544920000000001 0.015029650000000009 -0.002068069999999994
21.176404278414584 -0.0076476700000000135 0.038207120000000004 -0.005368469999999996 0.011199149999999998 -0.01347822 0.01616405000000001 -0.0009728099999999939
21.168028156055932 -0.009574790000000014 0.03586988000000001 -0.007006149999999996 0.011035749999999999 -0.01360426 0.01631753000000001 -0.0009809299999999938
21.168028061561373 -0.007543950000000014 0.037705560000000006 -0.005391989999999996 0.01137387 -0.01352566 0.016584250000000012 -0.0008229699999999938
21.168028052164864 -0.006532310000000013 0.03862344000000001 -0.004585229999999996 0.01154323 -0.01349014 0.01672241000000001 -0.0007441499999999939
21.168027957670304 -0.0075014700000000135 0.03745496000000001 -0.0054145299999999955 0.01147329 -0.013560059999999999 0.01679525000000001 -0.0007538499999999938
20.960881656503055 -0.006153510000000013 0.03934586000000001 -0.0038895699999999954 0.011579490000000001 -0.01384326 0.016840070000000013 -0.0008986899999999939
20.902057069066526 -0.002955750000000013 0.04325674000000001 -0.0029981699999999953 0.012358730000000002 -0.01231614 0.01834283000000001 0.0006181500000000061
20.902056622132747 -0.0013594100000000131 0.04521214000000001 -0.002566109999999995 0.012758950000000002 -0.01155208 0.01908789000000001 0.001374190000000006
20.82237166619746 -0.022822070000000014 0.03419842000000001 -0.019110569999999997 0.013435150000000002 -0.01714648 0.01413039000000001 -0.003951529999999994
20.792671551386086 -0.021831830000000014 0.033808380000000006 -0.021911809999999997 0.013730830000000001 -0.013650639999999999 0.01794979000000001 -0.0003192099999999938
20.792671073531018 -0.021356670000000015 0.03361336000000001 -0.023341409999999996 0.013912730000000002 -0.011927779999999999 0.01984743000000001 0.0014773900000000062
20.79226051077761 -0.022533690000000016 0.03734806000000001 -0.018011669999999997 0.013726490000000001 -0.0182483 0.01378233000000001 -0.004735369999999993
20.629668962980617 -0.016585930000000016 0.042556140000000006 -0.011898069999999997 0.01387149 -0.01855914 0.01358721000000001 -0.004997369999999993
20.629668861515842 -0.013037050000000015 0.04658930000000001 -0.008767629999999997 0.01416665 -0.01843586 0.01369845000000001 -0.0048791699999999934
20.62966850803613 -0.011240750000000015 0.04860582000000001 -0.007154449999999996 0.014271909999999999 -0.018358 0.01376123000000001 -0.004807669999999993
20.629668406571355 -0.008276650000000014 0.05120990000000001 -0.004115709999999996 0.014366289999999999 -0.018527019999999998 0.01366393000000001 -0.004946429999999993
20.551571306706233 -0.004077610000000014 0.05428298000000001 -0.0014124299999999962 0.014602689999999998 -0.017267659999999997 0.01521213000000001 -0.003565229999999993
20.55157129441385 -0.0006075700000000134 0.057329580000000005 -0.003396989999999996 0.015510129999999999 -0.012720499999999997 0.02000337000000001 0.0010848900000000068
20.55157038525215 0.0011309099999999865 0.05885286000000001 -0.004412509999999996 0.01598335 -0.010439719999999998 0.02237781000000001 0.0034051900000000067
20.551570372959763 0.0032342499999999863 0.060389380000000006 -0.0030496299999999963 0.01609657 -0.009812499999999998 0.02315407000000001 0.004095290000000007
20.497679046182093 0.0040982499999999865 0.06098010000000001 -0.0028674299999999963 0.01623705 -0.009271179999999999 0.02383891000000001 0.004697170000000007
20.497679007237373 0.0025486099999999868 0.05613402000000001 -0.004879709999999996 0.01573613 -0.008307619999999998 0.02496503000000001 0.005729330000000006
20.497678591237605 0.0017719699999999869 0.05371108000000001 -0.005890369999999996 0.01548999 -0.007827459999999998 0.02552861000000001 0.006244690000000007
20.497678552292886 0.002210849999999987 0.05400632000000001 -0.005795569999999996 0.01555663 -0.007550019999999998 0.02587109000000001 0.006549570000000006
20.474419406711835 -0.0013967100000000132 0.05039596000000001 -0.016270689999999997 0.01632335 -0.0014491799999999978 0.03205573000000001 0.012685770000000006
20.474418899281638 -0.003200110000000013 0.048590820000000014 -0.02151997 0.01671793 0.001602120000000002 0.03513899000000001 0.015750550000000006
20.4446806179435 0.0007647299999999869 0.051204060000000017 -0.01608389 0.01638373 0.000465120000000002 0.03435871000000001 0.014764030000000006
20.44468007406196 0.002743069999999987 0.05251056000000002 -0.01337709 0.01622825 -0.00010785999999999793 0.03396789000000001 0.014267910000000007
20.328110086589014 -0.008915170000000014 0.04631908000000002 -0.02297637 0.01636445 -0.0023030199999999976 0.032468130000000005 0.012366110000000007
20.328110078751322 -0.014599530000000013 0.04476804000000002 -0.02762085 0.017143349999999998 -0.0041217999999999975 0.030825830000000005 0.010621790000000006
20.32811001154878 -0.025993290000000013 0.04166584000000002 -0.03697337 0.01874267 -0.007762359999999998 0.027548030000000005 0.007134270000000006
20.32811000371109 -0.031815150000000014 0.038570140000000024 -0.04175371 0.01878509 -0.008846279999999998 0.026796850000000004 0.006190730000000006
19.962116670802587 -0.025669390000000014 0.045822180000000025 -0.03893587 0.019821850000000002 -0.006555119999999998 0.029394570000000005 0.008611210000000006
19.962116120118242 -0.022566010000000015 0.04944814000000002 -0.03748923 0.02030571 -0.005382239999999997 0.030694550000000004 0.009837710000000006
19.940382854915057 -0.027266050000000014 0.04816642000000002 -0.048671729999999996 0.02198709 -0.0005811599999999972 0.03582047000000001 0.014775830000000007
19.932377838780106 -0.024422770000000014 0.050865140000000024 -0.04723529 0.02239921 0.0004135600000000027 0.03714883000000001 0.01591131000000001
19.93237733815271 -0.022975430000000012 0.052214340000000026 -0.04649121 0.02258141 0.0009346200000000026 0.03780415000000001 0.01648901000000001
19.830997336638905 -0.011097290000000011 0.06668094000000002 -0.03099453 0.02325941 -0.003361919999999997 0.03440323000000001 0.012570350000000008
19.82552595801248 -0.005757050000000012 0.07319574000000002 -0.02517797 0.02367249 -0.004251319999999997 0.033851910000000006 0.011823590000000009
19.82552587126604 -0.005886450000000012 0.07492318000000002 -0.03060449 0.02485949 -0.00014115999999999695 0.03830571000000001 0.01607871000000001
19.825525391602923 -0.005980810000000012 0.07578688000000001 -0.03336569 0.025496630000000003 0.0018885400000000032 0.04053023000000001 0.01819059000000001
19.825525304856484 -0.0032909300000000118 0.07904432000000002 -0.030426370000000005 0.025676710000000002 0.0014590200000000031 0.04024723000000001 0.01782287000000001
19.60023763460812 -0.026723630000000012 0.06710636000000002 -0.053032750000000003 0.027570430000000003 -0.0012609599999999967 0.03898489000000001 0.015717830000000012
19.525380865507646 -0.026229990000000012 0.07091040000000001 -0.05033411 0.027974830000000003 -0.0038703199999999965 0.03677977000000001 0.013278990000000013
19.525380793157034 -0.015168430000000012 0.08326604000000001 -0.04130163 0.029375790000000002 -0.0032422399999999965 0.03769657000000001 0.014028870000000013
19.525380055897084 -0.009636410000000012 0.08944378000000001 -0.03678711 0.030077490000000002 -0.0029264599999999966 0.03815183000000001 0.014403490000000012
19.525379983546472 -0.009393250000000013 0.09134574000000001 -0.03544029 0.03028259 -0.004235199999999996 0.03705223000000001 0.013182990000000012
19.147125555650106 0.02821342999999999 0.14920066 0.03828749000000001 0.028948670000000003 -0.039022379999999995 0.0021044300000000113 -0.02167194999999999
19.147124939856877 0.04702359999999999 0.17812738 0.07515901 0.02827092 -0.05640597 -0.01537114999999999 -0.039094349999999986
19.140318561911446 0.053206899999999994 0.18845992 0.07265557 0.03043572 -0.04988403 -0.008634049999999989 -0.032481629999999984
19.11057972729635 0.059709519999999995 0.19535716 0.07940173 0.03060438 -0.05029617 -0.00799570999999999 -0.032450609999999984
19.07009058474014 0.04993879 0.2048341 0.09546505 0.03078006 -0.07630587 -0.033402649999999985 -0.058206029999999985
19.055242513705032 0.05886827 0.23430785999999998 0.10500695 0.03603016 -0.08216839 -0.04040962999999999 -0.06455136999999998
19.05524208634813 0.06332894 0.24904507999999997 0.10977275 0.0386593 -0.08510266999999999 -0.043912789999999986 -0.06772563999999998
18.93921154972361 0.07493962 0.26358699999999996 0.11904807 0.04012542 -0.08423346999999999 -0.04271142999999999 -0.06671631999999998
18.939211460384556 0.07354182 0.26694176 0.11581971 0.040393860000000004 -0.08267134999999999 -0.04033838999999999 -0.06481207999999998
18.93921074011305 0.07280223999999999 0.26861912 0.11413721 0.040592 -0.08192659 -0.03915292999999999 -0.06388139999999998
18.939210650773994 0.07860941999999999 0.27589014 0.11877861 0.041318940000000005 -0.08148775 -0.03854568999999999 -0.06337151999999997
18.88175569756002 0.09162113999999999 0.30049102 0.12368409000000001 0.045411900000000005 -0.07747447 -0.03396904999999999 -0.059120599999999975
18.88175568972233 0.08493358 0.29572126 0.11759595 0.045498000000000004 -0.07816001 -0.03402534999999999 -0.05954067999999998
18.881755590543555 0.07156441999999999 0.28618138 0.10546427 0.04563144 -0.07953097 -0.03411978999999999 -0.060373119999999975
18.881755582705864 0.07806785999999999 0.29848152 0.10791143 0.04768304 -0.07752629000000001 -0.03183748999999999 -0.058251319999999975
18.41461632101469 0.07526657999999999 0.30648276 0.11995185 0.0474947 -0.09217963000000001 -0.04613730999999999 -0.07275551999999998
18.414616046680038 0.07386886999999999 0.3104833 0.12597267 0.04739963 -0.09950309000000002 -0.053290589999999985 -0.08000718999999998
18.351424571064204 0.06827160999999998 0.31836904 0.13586161000000002 0.04828739 -0.11587703000000002 -0.06926348999999998 -0.09621194999999998
18.35142428221176 0.06547061999999998 0.32231185 0.14080479 0.04873245 -0.12406626000000003 -0.07724825999999999 -0.10431492999999997
18.26923993958659 0.07584153999999999 0.34525329 0.14875635 0.052621249999999994 -0.12553570000000003 -0.07813329999999999 -0.10553784999999997
18.2692399317489 0.06929977999999999 0.34450412999999996 0.14232405 0.05331166999999999 -0.12633558000000003 -0.0778656 -0.10588734999999998
18.26923980699339 0.05628745999999999 0.34300572999999995 0.12950549 0.05464370999999999 -0.12786134000000002 -0.07733551999999999 -0.10654578999999997
18.2692397991557 0.06140483999999999 0.35447610999999996 0.13340499 0.05666080999999999 -0.12866056 -0.07776127999999999 -0.10718746999999998
17.967025757068882 0.046830759999999985 0.35970246999999994 0.11821611 0.06322717 -0.13461216 -0.08299823999999999 -0.11283758999999997
17.967025639352926 0.054270159999999984 0.3897187899999999 0.16469298999999998 0.06139117 -0.17181368000000002 -0.11868008 -0.14939798999999998
17.96702519065932 0.05798607999999998 0.4047270899999999 0.18791723 0.06048907 -0.19041990000000003 -0.13652142 -0.16768152999999997
17.96702507294337 0.050718279999999984 0.4073402099999999 0.18034601 0.06375037 -0.19337778000000003 -0.13914232 -0.17049724999999996
17.844873535570613 0.019779479999999985 0.39641156999999994 0.17557249 0.06286233 -0.21865502000000003 -0.16303260000000003 -0.19518936999999997
17.84487303781676 0.004322119999999985 0.39094782999999994 0.17319990999999998 0.06240676999999999 -0.23128426000000002 -0.17497818000000004 -0.20753018999999998
17.7354879670701 -0.0016473600000000152 0.4035461899999999 0.16268755 0.07031681 -0.23465142000000003 -0.17702434000000003 -0.21034006999999996
17.735487540035102 -0.004625900000000015 0.40984524999999994 0.15743106999999998 0.07427075 -0.23632742000000004 -0.17805434000000003 -0.21174352999999996
17.517449589951585 -0.05492270000000002 0.37954736999999994 0.11774614999999998 0.07199443 -0.24466298000000003 -0.18304338000000003 -0.21866728999999996
17.517448993250504 -0.08005260000000002 0.3643987899999999 0.09791914999999998 0.07084507 -0.24881652000000004 -0.18555290000000002 -0.22212724999999997
17.487710711912367 -0.10019944000000001 0.35684706999999993 0.07787518999999998 0.07395095 -0.25202528 -0.18670154000000003 -0.22446688999999997
17.487710257301707 -0.11026396000000002 0.35307074999999993 0.06786402999999998 0.07549513000000001 -0.25362280000000004 -0.18727260000000004 -0.22563136999999997
17.481069459041134 -0.11160788000000002 0.37419038999999993 0.09092082999999998 0.07656313000000001 -0.27909156 -0.21145864000000003 -0.25055897
17.481069373483958 -0.11826116000000002 0.39050034999999994 0.09820138999999999 0.08024773 -0.29670996 -0.22737280000000004 -0.26745837
17.481068892631576 -0.12160008000000001 0.39865548999999995 0.10182086999999998 0.08211243 -0.30553308 -0.23533406000000004 -0.27591789
17.4810688070744 -0.12227842000000001 0.40921498999999995 0.11335480999999997 0.08263803 -0.31827094 -0.24741714000000004 -0.28837951
17.056564440613034 -0.1302499 0.4250173099999999 0.12960913999999998 0.0836622 -0.34352092 -0.27195597000000005 -0.31332946
16.908218529776892 -0.12505478 0.4620519899999999 0.12516773999999997 0.09324788 -0.34347012 -0.27196925000000005 -0.3133057
16.90821839021348 -0.12796126 0.4851959099999999 0.16159697999999997 0.09133592 -0.38089388 -0.30644861000000007 -0.3494873
16.908217608322808 -0.1293965 0.4967681099999999 0.17981767999999998 0.09037440000000001 -0.3995883 -0.3237009900000001 -0.36757336
16.908217468759396 -0.1267847 0.5152849899999998 0.17761617999999998 0.09514414 -0.39954472 -0.3237093300000001 -0.36755168
16.570561982481145 -0.18922166 0.4859295499999998 0.09418793999999998 0.10243714 -0.38584644 -0.3040540500000001 -0.35134028
16.57056134857451 -0.22043186 0.4712516499999998 0.052478679999999986 0.10608371999999999 -0.37899396 -0.2942383500000001 -0.3432377
16.395915743643286 -0.23285666 0.4858010899999998 0.04249435999999999 0.11248475999999999 -0.38783548 -0.2999154300000001 -0.35074422
16.395915661274444 -0.23460002 0.5172586499999998 0.04723091999999999 0.11927987999999999 -0.40111052 -0.31094903000000007 -0.36307366
16.3959148221892 -0.2354433 0.5329871499999999 0.04959133999999999 0.12268723999999999 -0.40772158000000003 -0.3164944700000001 -0.36923516
16.39591473982036 -0.24165438 0.5402620699999998 0.04458931999999999 0.12589282 -0.41213622000000005 -0.3193334300000001 -0.37298506
16.362554528710326 -0.31176782000000003 0.5135870299999998 -0.05449976000000001 0.13387781999999998 -0.39114558000000005 -0.2923974700000001 -0.34948621999999996
16.36255371909977 -0.3468081 0.5002496299999999 -0.10402754 0.13785603999999999 -0.38063630000000004 -0.2789377500000001 -0.33773221999999997
16.190249051548356 -0.32568434 0.5916295899999999 -0.10156470000000001 0.15278424 -0.37690358 -0.2715751500000001 -0.33246813999999997
16.190248417641726 -0.31511844 0.6373192499999999 -0.10032758000000001 0.16024336 -0.37503394 -0.2678931900000001 -0.32983391999999995
15.838747443138548 -0.32888778 0.7488945299999998 -0.16551554000000002 0.18685792 -0.35022988 -0.23709465000000013 -0.30250091999999995
15.444259848889207 -0.30291622 1.1015828099999998 -0.25306726 0.23992960000000002 -0.28977828 -0.16372821000000012 -0.23660087999999996
15.444259841051514 -0.28997606000000004 1.2779258299999998 -0.29690896 0.26652444000000003 -0.25959126 -0.12704011000000012 -0.20367121999999996
15.300765637977996 -0.21244232000000005 1.86212177 -0.37562602 0.34415592000000006 -0.18097194 -0.02942719000000013 -0.11703895999999996
14.423885924949502 -0.19167848000000004 2.31468177 -0.5256491 0.40051800000000004 -0.0665471 0.09790428999999987 0.0028308800000000495
14.423885789763686 -0.22321296000000004 2.71990937 -0.7942441 0.46162748000000003 0.10940394 0.28176820999999985 0.18212016000000003
14.423885358539945 -0.23896402000000005 2.92252257 -0.92850924 0.49215816 0.19738734000000002 0.37369906999999986 0.27176890000000004
14.423885223354127 -0.22861638000000006 3.1488021699999997 -1.0035559 0.5203731 0.25456670000000003 0.43736822999999986 0.33168614
13.951248583878687 -0.21999938000000008 3.6877545699999996 -1.2391388600000002 0.5898065 0.42933326000000005 0.6225622299999999 0.51085178
13.951248577830825 -0.10966486000000007 4.33113177 -1.3668641400000001 0.6623309000000001 0.59486866 0.8043544699999998 0.6832455399999999
13.9512476624246 -0.05452272000000007 4.652820569999999 -1.4307454000000002 0.6986103600000001 0.6776126 0.8952639699999998 0.7694343199999999
13.95124765637674 -0.050206900000000075 4.92229537 -1.5485395200000003 0.7333322400000001 0.76500066 0.9878483499999998 0.8590145799999999
