26.3499206228641 -0.00031156 -0.00059116 -0.00059252 -2e-08 0.00028098 0.00023372 0.00026104
26.349920566259623 -0.00036266 -0.0006153199999999999 -0.0006181 -4e-08 0.00025546 0.00020866 0.00023571999999999997
26.34459739340138 0.0014368599999999999 0.001178 0.0011751399999999999 -8e-08 0.00026178 5.214e-05 0.00017335999999999995
26.344597302902336 0.00233354 0.00207464 0.00207174 -1e-07 0.00026186 -2.6080000000000008e-05 0.00014041999999999996
26.333788707940286 0.0017851399999999997 0.00058526 0.0005794799999999998 -1.6e-07 0.00120578 0.00058466 0.00094376
26.32200757764974 0.0013039399999999997 1.8079999999999962e-05 1.0139999999999845e-05 -2.2e-07 0.0012939800000000001 0.00064766 0.00102134
26.29445300942401 -0.0006703000000000002 -0.0021976 -0.00220842 -2.8e-07 0.0015383600000000001 0.0009197000000000001 0.00127736
26.238180594094956 -0.0025919800000000002 -0.00472732 -0.00473958 -3.2e-07 0.0021478400000000003 0.00158894 0.00191208
26.238180527569256 -0.0022915400000000003 -0.0044275600000000005 -0.00444462 -3.6e-07 0.0021533600000000004 0.0015331400000000001 0.00189172
26.23818049020389 -0.0021499600000000002 -0.004277680000000001 -0.00429712 -3.8e-07 0.0021474800000000002 0.0015052800000000001 0.00187656
26.238180423678187 -0.00307756 -0.0055425000000000006 -0.00556266 -4.0000000000000003e-07 0.00248546 0.0018403400000000002 0.0022133
26.23574761875679 -0.00218314 -0.00467604 -0.00469608 -4.0000000000000003e-07 0.00251336 0.0018281600000000001 0.00222428
26.20317853787835 -0.0009276600000000001 -0.00402468 -0.00404544 -4.4e-07 0.00311824 0.00229124 0.00276936
26.203178135858955 -0.00029996000000000005 -0.00369902 -0.00372016 -4.6000000000000004e-07 0.00342068 0.00252284 0.0030419199999999996
26.198720090657602 -0.00099788 -0.00448172 -0.0045076000000000005 -5.200000000000001e-07 0.0035102600000000003 0.00257084 0.0031139799999999997
26.1964036491417 -0.00014276000000000002 -0.00380702 -0.0038348200000000005 -5.200000000000001e-07 0.0036926600000000004 0.00249392 0.0031869399999999997
26.195389042476428 0.0007369599999999999 -0.00294226 -0.0029704600000000003 -5.600000000000001e-07 0.0037080200000000002 0.00249124 0.0031946999999999995
26.1953886643334 0.0011803 -0.0025099 -0.0025382800000000004 -5.600000000000001e-07 0.0037192 0.00248984 0.0032005599999999994
26.194432136549835 0.00093486 -0.00293954 -0.0029671600000000004 -6.000000000000002e-07 0.0039026800000000004 0.0026692 0.0033822799999999992
26.194431709114603 0.00082628 -0.00315438 -0.0031815800000000003 -6.200000000000002e-07 0.0040085400000000005 0.0027578 0.0034808599999999992
26.18086895179895 0.00227444 -0.00078582 -0.0008145000000000001 -6.600000000000002e-07 0.0030896600000000006 0.0017465199999999999 0.0025229799999999993
26.180868885121157 0.00231016 -0.00088746 -0.0009123800000000002 -7.000000000000003e-07 0.0032233000000000006 0.0018291999999999998 0.002635099999999999
26.180868691336507 0.0023278 -0.00093826 -0.0009613000000000002 -7.200000000000003e-07 0.0032898800000000007 0.0018784999999999997 0.0026943799999999993
26.180868624658714 0.00305102 0.00024598 0.0002221399999999998 -7.400000000000003e-07 0.0028296800000000006 0.0013742999999999997 0.0022156199999999993
26.17709893068629 0.0026381 -0.00024817999999999997 -0.0002715600000000002 -7.600000000000003e-07 0.0029104800000000004 0.0014782999999999997 0.002306199999999999
26.177098926831682 0.0020557 -0.00103454 -0.0010574400000000002 -8.000000000000004e-07 0.0031140000000000004 0.0017232199999999997 0.002527199999999999
26.177098843520334 0.00176362 -0.00142772 -0.0014504000000000001 -8.200000000000004e-07 0.0032149000000000006 0.0018457999999999997 0.002637259999999999
26.17709883966573 0.0009389 -0.00241608 -0.00243784 -8.600000000000004e-07 0.0033776600000000006 0.0020539599999999996 0.002819179999999999
26.17154128889143 -3.5340000000000024e-05 -0.00358704 -0.0036086800000000004 -9.000000000000005e-07 0.0035743000000000007 0.0023075999999999995 0.003039859999999999
26.171540919197376 -0.00052188 -0.00417252 -0.00419408 -9.200000000000005e-07 0.003673160000000001 0.0024342199999999995 0.0031504399999999987
26.158148878415197 0.00135456 -0.00159896 -0.00161888 -9.200000000000005e-07 0.0029744000000000007 0.0016297399999999995 0.002407079999999999
26.15814824746421 0.00228888 -0.00031223999999999987 -0.0003313000000000001 -9.200000000000005e-07 0.002621140000000001 0.0012277199999999994 0.002033259999999999
26.15645250303728 0.0035106399999999998 0.0011252 0.0011043 -9.600000000000005e-07 0.002407380000000001 0.0009555199999999994 0.001794819999999999
26.15645196179238 0.0041011599999999995 0.0018438999999999999 0.0018220799999999998 -9.800000000000006e-07 0.002280120000000001 0.0008197999999999994 0.001663999999999999
26.146814478585014 0.00393888 0.00142338 0.00140224 -1.0200000000000006e-06 0.002537760000000001 0.0010427999999999995 0.001906999999999999
26.14681404081456 0.00385494 0.0012131199999999998 0.0011922999999999999 -1.0400000000000006e-06 0.002663780000000001 0.0011539399999999996 0.002026739999999999
26.139986660243125 0.0030424199999999997 0.0002214799999999998 0.0002014199999999999 -1.0800000000000007e-06 0.002842180000000001 0.0012734999999999995 0.002180299999999999
26.13998649907542 0.0026415999999999996 -0.0002743400000000002 -0.00029408000000000006 -1.0800000000000007e-06 0.002936860000000001 0.0013290799999999994 0.0022584799999999993
26.136795021767185 0.0036563199999999994 0.0007012599999999998 0.00067978 -1.1400000000000007e-06 0.002977780000000001 0.0012487399999999995 0.0022482199999999996
26.126713680454245 0.0036196399999999995 0.0005388599999999997 0.0005175399999999999 -1.1800000000000008e-06 0.003103340000000001 0.0013350599999999995 0.0023572199999999997
26.1267131703874 0.0036000999999999993 0.0004576799999999997 0.0004364399999999999 -1.2000000000000008e-06 0.0031649200000000008 0.0013782399999999995 0.0024110399999999997
26.121866387107296 0.004013859999999999 0.0007304999999999997 0.0007108199999999998 -1.2600000000000009e-06 0.003304360000000001 0.0013989399999999996 0.0025003799999999995
26.11707575947643 0.00413794 0.0007643799999999997 0.0007449399999999998 -1.2600000000000009e-06 0.0033943600000000008 0.0015206599999999996 0.0026037799999999995
26.117075145935136 0.00419806 0.0007813399999999997 0.0007620199999999999 -1.2800000000000009e-06 0.0034374000000000006 0.0015815999999999996 0.0026543799999999996
26.099688419377284 0.0045645 0.0011566999999999997 0.0011383799999999998 -1.320000000000001e-06 0.0034275200000000007 0.0016201599999999996 0.0026649399999999998
26.099688356947894 0.00511682 0.0015058199999999997 0.0014874999999999999 -1.360000000000001e-06 0.0036307600000000007 0.0016576799999999997 0.00279826
26.099687964432796 0.0053954 0.0016803799999999998 0.00166206 -1.380000000000001e-06 0.0037348200000000007 0.0016764999999999996 0.00286636
26.09968790200341 0.0055613799999999994 0.0018680399999999998 0.0018502599999999998 -1.400000000000001e-06 0.0037126200000000007 0.0016958199999999996 0.00286168
26.09099667468484 0.0069130599999999995 0.00398016 0.0039618399999999995 -1.400000000000001e-06 0.0029527500000000005 0.0008937699999999995 0.0020840200000000002
26.090574562306703 0.007285539999999999 0.00423104 0.004215399999999999 -1.440000000000001e-06 0.0030717100000000005 0.0009388499999999994 0.00217182
26.090574472371934 0.00788498 0.00473696 0.004720639999999999 -1.480000000000001e-06 0.0031659100000000005 0.0009667299999999994 0.00223806
26.09057413207085 0.00818632 0.0049899 0.004973319999999999 -1.500000000000001e-06 0.0032146100000000006 0.0009805299999999994 0.00227204
26.090574042136076 0.008373160000000001 0.00511536 0.005100299999999999 -1.5200000000000011e-06 0.0032744900000000006 0.0010030499999999995 0.00231616
26.08504663836794 0.00880648 0.00552296 0.005510619999999998 -1.5600000000000012e-06 0.0032975300000000008 0.0010138899999999995 0.00233404
26.085046141014324 0.00902796 0.00572676 0.0057157599999999986 -1.5800000000000012e-06 0.0033138900000000008 0.0010192699999999994 0.00234578
26.073809903682125 0.01075482 0.00739014 0.007379679999999999 -1.5800000000000012e-06 0.003376830000000001 0.0010873099999999993 0.00241088
26.066265821312363 0.0125941 0.00962034 0.009609119999999999 -1.6200000000000012e-06 0.002986710000000001 0.0006085899999999993 0.0019833999999999997
26.06626540911322 0.01351328 0.01073546 0.010723799999999999 -1.6400000000000012e-06 0.002791230000000001 0.00036908999999999933 0.0017693399999999997
26.043864449327323 0.01335416 0.01027052 0.01025484 -1.7000000000000013e-06 0.003101190000000001 0.0006552299999999993 0.0020692199999999997
26.02808373165529 0.01303312 0.00980748 0.00979384 -1.7400000000000013e-06 0.003241230000000001 0.0008479499999999992 0.0022314599999999998
26.028083622672252 0.01217236 0.0086554 0.0086414 -1.7800000000000014e-06 0.0035329500000000013 0.0011315899999999992 0.00251974
26.02808309774866 0.01174156 0.00807934 0.00806518 -1.8000000000000014e-06 0.0036783900000000014 0.001273349999999999 0.00266362
26.028082988765618 0.0115814 0.00784782 0.00783466 -1.8200000000000014e-06 0.0037487700000000015 0.001369709999999999 0.00274496
25.95807918717585 0.01112 0.00723078 0.00721486 -1.9400000000000013e-06 0.003907290000000002 0.001553129999999999 0.00291398
25.957952564718088 0.01170224 0.00775058 0.00773698 -1.9800000000000014e-06 0.003967450000000002 0.001603329999999999 0.00296994
25.957951930811454 0.0119948 0.00801048 0.00799806 -2.000000000000001e-06 0.003998950000000002 0.0016284299999999989 0.0029987399999999997
25.921863668610065 0.01047392 0.0063238800000000005 0.00630966 -2.060000000000001e-06 0.004166530000000002 0.0019960499999999988 0.0032506799999999997
25.8863984130978 0.00958152 0.00492404 0.00490914 -2.100000000000001e-06 0.004674690000000001 0.0026165699999999986 0.00380624
25.88639827273009 0.00844688 0.00299328 0.0029781800000000004 -2.140000000000001e-06 0.005471050000000002 0.003490209999999999 0.0046352
25.886397846688244 0.00788048 0.00202788 0.0020124000000000006 -2.160000000000001e-06 0.005870430000000002 0.003926329999999999 0.00505008
25.886397706320533 0.0074286000000000005 0.00132796 0.0013122400000000005 -2.1800000000000007e-06 0.006118730000000002 0.004235149999999998 0.0053239
25.843821773841206 0.00800796 0.00175084 0.0017345800000000005 -2.2400000000000006e-06 0.006275750000000002 0.004308949999999998 0.0054458200000000005
25.8077806048453 0.0099582 0.00411808 0.004104460000000001 -2.2800000000000006e-06 0.005856150000000002 0.003762589999999998 0.004972740000000001
25.807780504436387 0.01093326 0.005301719999999999 0.005289440000000001 -2.3000000000000004e-06 0.005646250000000002 0.003489449999999998 0.0047361600000000005
25.802680372667663 0.01213506 0.006436019999999999 0.006425420000000001 -2.3600000000000003e-06 0.005712130000000002 0.0034320899999999983 0.004750020000000001
25.784062612101923 0.01296546 0.007447859999999999 0.007437300000000001 -2.4000000000000003e-06 0.005530690000000002 0.0032328099999999983 0.0045610600000000005
25.784062604264232 0.01220824 0.006622019999999999 0.006611620000000001 -2.42e-06 0.005599170000000002 0.003247949999999998 0.004607040000000001
25.78406254816884 0.0106944 0.004970259999999999 0.0049603400000000014 -2.46e-06 0.005736690000000003 0.003278029999999998 0.00469924
25.784062540331146 0.01110928 0.005476179999999999 0.005466200000000002 -2.48e-06 0.0056457300000000024 0.0031786899999999983 0.00460474
25.76989084130772 0.01224584 0.006514259999999999 0.006504200000000002 -2.52e-06 0.005744330000000002 0.0031720899999999985 0.00465894
25.769890701049256 0.01281512 0.007033299999999999 0.007023220000000002 -2.54e-06 0.005794610000000002 0.0031686499999999986 0.00468656
25.752233995149375 0.012291239999999998 0.006129739999999999 0.006118020000000002 -2.58e-06 0.006176010000000002 0.0035457699999999984 0.00506616
25.752233553480053 0.012036459999999999 0.005677959999999999 0.005665440000000002 -2.5999999999999997e-06 0.006373830000000001 0.0037346699999999985 0.00526022
25.747693640851335 0.008610739999999999 0.001788239999999999 0.0017744000000000015 -2.6399999999999997e-06 0.006839190000000001 0.0043315099999999985 0.00578106
25.74769340160603 0.006937719999999999 -0.0001565600000000009 -0.00017107999999999859 -2.6599999999999995e-06 0.007111670000000001 0.004629869999999999 0.00606446
25.74458902882055 0.009661719999999999 0.002590159999999999 0.002573520000000001 -2.6999999999999996e-06 0.007091070000000001 0.004499789999999998 0.00599766
25.744588566042374 0.011025299999999998 0.003963499999999999 0.003945820000000001 -2.7199999999999994e-06 0.007082370000000001 0.004434109999999998 0.00596492
25.725685530757143 0.011374859999999999 0.004090579999999999 0.004073320000000001 -2.7799999999999992e-06 0.007304430000000001 0.004667329999999998 0.00619172
25.724710099626485 0.012651419999999998 0.005171899999999999 0.005154080000000001 -2.8199999999999993e-06 0.007500270000000001 0.004842369999999999 0.0063788000000000004
25.72471002974398 0.012659139999999998 0.0051635399999999994 0.005145360000000001 -2.8599999999999993e-06 0.007516750000000001 0.004901409999999998 0.006413240000000001
25.724709543032105 0.012659119999999998 0.005159339999999999 0.005141000000000001 -2.879999999999999e-06 0.007521110000000001 0.004936069999999998 0.00643038
25.724709473149595 0.013305299999999997 0.005699999999999999 0.005681200000000001 -2.899999999999999e-06 0.007627130000000001 0.005009529999999998 0.0065226600000000004
25.72249527214192 0.013434939999999998 0.005670919999999999 0.005653280000000001 -2.939999999999999e-06 0.007784730000000001 0.005167889999999998 0.00668058
25.7224946624995 0.013502979999999998 0.005656379999999999 0.005639420000000001 -2.9599999999999988e-06 0.007866650000000001 0.005247049999999998 0.00676134
25.71742893197588 0.013126119999999998 0.005747939999999999 0.005733020000000001 -3.0199999999999986e-06 0.007396250000000001 0.004997869999999998 0.00638424
25.701837762547463 0.013345179999999998 0.005792579999999999 0.005777240000000001 -3.0799999999999985e-06 0.007571150000000001 0.005110549999999998 0.006532860000000001
25.65982546798814 0.013742559999999997 0.005941259999999999 0.005923640000000001 -3.1399999999999983e-06 0.007822130000000002 0.005308669999999998 0.006761520000000001
25.625359790227034 0.008906239999999998 0.0010823399999999993 0.001065120000000001 -3.1799999999999984e-06 0.007844330000000002 0.005616349999999998 0.006904160000000001
25.62535919644943 0.006488219999999998 -0.0013470800000000005 -0.0013640799999999989 -3.199999999999998e-06 0.007855530000000001 0.005773429999999999 0.006976900000000001
25.623579554144037 0.0031270199999999977 -0.005212820000000001 -0.005229339999999999 -3.199999999999998e-06 0.008359590000000002 0.006385669999999999 0.007526620000000001
25.566006236056648 0.010638019999999998 0.0046507 0.004634580000000001 -3.199999999999998e-06 0.006006710000000002 0.0036971099999999987 0.005032140000000001
25.566005815381786 0.014394039999999999 0.00958236 0.009566400000000001 -3.199999999999998e-06 0.004830910000000002 0.002352909999999999 0.003785300000000001
25.52373464452905 0.012833119999999998 0.0074728 0.007457480000000001 -3.239999999999998e-06 0.005378950000000001 0.002827269999999999 0.004302260000000001
25.52373460387446 0.014345959999999998 0.01109044 0.011076200000000001 -3.2799999999999982e-06 0.0032731100000000014 0.0008489499999999989 0.002250220000000001
25.523734078119492 0.015102939999999999 0.01289924 0.01288556 -3.299999999999998e-06 0.0022207500000000014 -0.000140150000000001 0.0012245400000000012
25.5237340374649 0.01432406 0.01184448 0.01183112 -3.319999999999998e-06 0.0024963300000000015 9.690999999999902e-05 0.0014838600000000011
25.51597412570277 0.007858259999999999 0.0042171199999999995 0.00420328 -3.359999999999998e-06 0.0036584100000000017 0.001425269999999999 0.002716100000000001
25.515973794691526 0.004624599999999999 0.00040335999999999974 0.0003892800000000001 -3.3799999999999977e-06 0.004238770000000002 0.002090129999999999 0.003332100000000001
25.495544594496966 0.007430439999999998 0.0036048799999999995 0.00359164 -3.4199999999999977e-06 0.003842290000000002 0.0015644899999999991 0.0028811400000000012
25.49554429246058 0.008834979999999997 0.005205659999999999 0.005192840000000001 -3.4399999999999976e-06 0.003645670000000002 0.0013018099999999992 0.0026566600000000012
25.478233428562902 0.007785699999999998 0.0037400999999999992 0.0037248800000000007 -3.4999999999999974e-06 0.004064410000000002 0.0017503099999999993 0.0030879400000000013
25.46900681437531 0.009792579999999999 0.005682979999999999 0.0056701600000000005 -3.5399999999999974e-06 0.004126050000000002 0.0017567899999999992 0.003126300000000001
25.469006745130507 0.009405019999999998 0.004744059999999999 0.0047314 -3.5799999999999975e-06 0.0046772900000000015 0.0022887099999999994 0.003669380000000001
25.469006384139455 0.009213139999999998 0.004274579999999998 0.00426206 -3.5999999999999973e-06 0.0049547900000000015 0.0025521699999999994 0.003940960000000001
25.469006314894656 0.010215019999999998 0.005246019999999998 0.00523474 -3.619999999999997e-06 0.004984030000000001 0.0025552299999999995 0.0039591600000000015
25.460661603982125 0.011221859999999998 0.006290539999999998 0.00627842 -3.659999999999997e-06 0.004947230000000001 0.0024289899999999994 0.0038846400000000017
25.460661563972828 0.011602159999999999 0.006654519999999998 0.00664256 -3.679999999999997e-06 0.004963410000000001 0.0024175899999999994 0.0038891800000000016
25.460661539083148 0.012369599999999998 0.007382479999999998 0.0073709199999999996 -3.719999999999997e-06 0.0050025300000000016 0.0023940699999999994 0.003901860000000002
25.460661499073844 0.012873839999999998 0.007904739999999997 0.00789278 -3.739999999999997e-06 0.004984930000000001 0.0023291499999999994 0.003864300000000002
25.45848333245807 0.013363839999999998 0.008142459999999997 0.00813098 -3.779999999999997e-06 0.005236770000000001 0.0024539899999999996 0.004062580000000002
25.45848278969805 0.013606979999999998 0.008261359999999997 0.00825008 -3.7999999999999967e-06 0.005360850000000001 0.0025165299999999995 0.004160700000000002
25.428744508359912 0.013188579999999998 0.007700519999999997 0.00768996 -3.839999999999996e-06 0.0055026100000000015 0.0027706099999999993 0.004349860000000002
25.42874399980819 0.012992659999999998 0.007420099999999997 0.00740986 -3.859999999999996e-06 0.005586810000000002 0.002897689999999999 0.004452160000000002
25.413760155234208 0.012362019999999998 0.006257179999999998 0.00624458 -3.859999999999996e-06 0.006121490000000002 0.003338929999999999 0.004947400000000002
25.413760138601386 0.011891259999999997 0.005147339999999998 0.00513722 -3.859999999999996e-06 0.006758130000000002 0.003904089999999999 0.005553880000000002
25.413759233780123 0.011652559999999998 0.004592419999999998 0.004583479999999999 -3.879999999999996e-06 0.007073190000000002 0.004184629999999999 0.005854380000000003
25.413759217147298 0.011340359999999997 0.004010979999999998 0.004000839999999999 -3.899999999999996e-06 0.007343650000000002 0.004405209999999999 0.006103800000000003
25.365208341435576 0.011981719999999998 0.004606499999999998 0.00459348 -3.939999999999995e-06 0.007392450000000002 0.004379569999999998 0.006121200000000003
25.36520827167758 0.012755959999999998 0.005379859999999998 0.0053656 -3.979999999999995e-06 0.007394570000000002 0.0043655299999999985 0.006116520000000003
25.36520778484119 0.013146859999999998 0.005766539999999998 0.00575164 -3.999999999999995e-06 0.007399450000000002 0.004358729999999998 0.006116460000000003
25.365207715083194 0.013467839999999998 0.006064299999999998 0.00604812 -4.0199999999999945e-06 0.007423970000000002 0.0043459699999999985 0.006125240000000003
25.306921071762652 0.010877159999999999 0.0031364199999999983 0.0031198199999999997 -4.079999999999995e-06 0.007761650000000002 0.004808149999999999 0.0065154200000000035
25.299379471106835 0.011687759999999998 0.003999219999999998 0.0039873 -4.139999999999995e-06 0.007704770000000002 0.004610689999999999 0.006399260000000004
25.25312374987792 0.010074759999999999 0.0033264599999999977 0.00331402 -4.179999999999995e-06 0.006765090000000002 0.0038571699999999987 0.005538100000000004
25.253123407964686 0.009266899999999998 0.0029900599999999975 0.00297734 -4.1999999999999945e-06 0.006293950000000002 0.003480329999999999 0.005106740000000004
25.17339392058077 0.010114019999999998 0.0037255799999999974 0.0037113000000000003 -4.239999999999994e-06 0.006407150000000002 0.003438689999999999 0.005154620000000004
25.173393465722675 0.010546579999999998 0.0040933199999999975 0.0040783 -4.259999999999994e-06 0.006472710000000002 0.003415629999999999 0.005182800000000004
25.154532851785067 0.010976779999999998 0.004703759999999998 0.00468598 -4.2999999999999936e-06 0.006295270000000002 0.0033163499999999987 0.005038320000000004
25.15453278449518 0.010059939999999998 0.0032622799999999976 0.0032457400000000004 -4.339999999999993e-06 0.006818750000000002 0.0037711099999999985 0.005532800000000004
25.15453204217451 0.009600499999999998 0.0025415399999999975 0.0025256200000000006 -4.359999999999993e-06 0.007079450000000002 0.003998909999999999 0.005779620000000004
25.15453197488462 0.009815359999999999 0.0028467599999999977 0.0028293000000000007 -4.379999999999993e-06 0.006990650000000002 0.003948869999999998 0.005707180000000004
25.14373833721802 0.008801599999999998 0.0011610399999999977 0.0011448200000000008 -4.419999999999992e-06 0.007661410000000002 0.004426349999999998 0.006296420000000004
25.14373775434241 0.008292339999999999 0.00031821999999999775 0.00030262000000000084 -4.439999999999992e-06 0.007994370000000002 0.004665129999999998 0.006589660000000004
25.06400839497601 0.007634979999999999 -0.0008132200000000023 -0.0008302199999999991 -4.479999999999992e-06 0.008469890000000002 0.005085209999999998 0.007041780000000004
25.064007925045267 0.007306019999999999 -0.0013789400000000023 -0.0013966599999999992 -4.499999999999992e-06 0.008707410000000002 0.005292629999999998 0.007266600000000004
24.982248771732664 0.0089661 0.0009937599999999978 0.0009732200000000008 -4.559999999999992e-06 0.007997670000000002 0.004382129999999998 0.006472200000000004
24.920993933884073 0.00955902 0.0024908399999999976 0.0024687000000000008 -4.5999999999999915e-06 0.0070951500000000015 0.003370529999999998 0.005523680000000005
24.92099386661057 0.00803914 0.0003859199999999975 0.0003645000000000007 -4.639999999999991e-06 0.007679510000000001 0.003936009999999998 0.006100080000000005
24.920993367474516 0.00727938 -0.0006665000000000026 -0.0006875399999999993 -4.659999999999991e-06 0.007971790000000001 0.004218649999999997 0.006388300000000005
24.920993300201012 0.00757622 8.199999999999744e-05 6.0180000000000715e-05 -4.679999999999991e-06 0.007520930000000001 0.0037126099999999973 0.005914160000000005
24.9176937512217 0.011581379999999999 0.004310719999999997 0.00428854 -4.71999999999999e-06 0.007297770000000001 0.0033700899999999975 0.005640640000000005
24.917693647330633 0.0104079 0.0029521199999999973 0.0029290600000000007 -4.73999999999999e-06 0.0074837900000000014 0.0035581299999999975 0.005827520000000005
24.917693630660565 0.0079983 0.00023483999999999745 0.00021010000000000082 -4.77999999999999e-06 0.007793230000000002 0.003977969999999997 0.006183520000000005
24.917693526769497 0.0099915 0.0023490999999999976 0.0023242000000000007 -4.79999999999999e-06 0.007672350000000001 0.0038066499999999974 0.006041360000000005
24.914725947343143 0.01004682 0.0021547399999999974 0.0021309600000000008 -4.839999999999989e-06 0.007920950000000001 0.0039957699999999974 0.006264880000000005
24.91472570698167 0.01007374 0.0020575599999999973 0.002034480000000001 -4.859999999999989e-06 0.008044370000000002 0.0040902499999999975 0.006376100000000005
24.90878589387382 0.00541514 -0.0023485200000000024 -0.002372039999999999 -4.899999999999989e-06 0.007792330000000002 0.0041397699999999975 0.006251300000000005
24.908785181566262 0.0030879999999999996 -0.004551480000000002 -0.004575219999999999 -4.9199999999999885e-06 0.0076683900000000015 0.004164509999999997 0.006190100000000005
24.879046900228126 -0.0008576400000000007 -0.008477880000000002 -0.008499179999999999 -4.959999999999988e-06 0.007646750000000002 0.004195309999999997 0.0061905800000000046
24.879046561223944 -0.002826580000000001 -0.010441040000000002 -0.010461219999999999 -4.979999999999988e-06 0.007639870000000002 0.004210229999999997 0.006192900000000005
24.851534231365836 -0.002627580000000001 -0.010495720000000002 -0.010513779999999999 -4.979999999999988e-06 0.007891470000000001 0.004401269999999997 0.006418940000000005
24.851533908540212 -0.002536800000000001 -0.010523060000000002 -0.01053998 -4.999999999999988e-06 0.00800845 0.004496689999999997 0.006526840000000005
24.8195196761135 0.001376599999999999 -0.006679780000000002 -0.006697579999999999 -5.039999999999987e-06 0.00807945 0.004424569999999997 0.006537480000000005
24.819519306165972 0.003334559999999999 -0.004758140000000003 -0.0047763799999999985 -5.059999999999987e-06 0.00811621 0.004388469999999997 0.006543500000000005
24.76998779935871 0.006616799999999999 -0.0015697800000000028 -0.0015906199999999983 -5.099999999999987e-06 0.00821273 0.004287269999999997 0.006556620000000005
24.769987717988194 0.0070829199999999995 -0.0012243000000000028 -0.0012466999999999984 -5.139999999999986e-06 0.008334969999999999 0.004358029999999996 0.006657140000000005
24.76998724276433 0.007315939999999999 -0.001051580000000003 -0.0010747799999999983 -5.159999999999986e-06 0.008396089999999998 0.004393509999999996 0.006707440000000005
24.769987161393807 0.008956259999999999 0.000542599999999997 0.0005181000000000018 -5.179999999999986e-06 0.008443549999999998 0.004342969999999996 0.006713560000000005
24.737513712616032 0.009691859999999998 0.001195439999999997 0.0011683000000000019 -5.219999999999986e-06 0.008528989999999997 0.004426729999999997 0.006798280000000005
24.73751365144633 0.010528779999999998 0.001971119999999997 0.0019462600000000017 -5.299999999999986e-06 0.008587989999999997 0.004437089999999997 0.006836760000000004
24.737513608724967 0.010946059999999999 0.002358959999999997 0.0023352600000000018 -5.3199999999999855e-06 0.008616289999999997 0.004441589999999997 0.006855020000000004
24.737513547555263 0.0113143 0.002685379999999997 0.002660340000000002 -5.339999999999985e-06 0.008659469999999997 0.004483449999999997 0.006897640000000004
24.73327375360094 0.01176634 0.003961939999999997 0.003935340000000002 -5.3999999999999856e-06 0.007836509999999998 0.0036154899999999972 0.006055720000000004
24.727636880014124 0.01555774 0.008218979999999997 0.008190540000000001 -5.479999999999986e-06 0.007372789999999998 0.003044449999999997 0.005546720000000004
24.727636206811518 0.01745216 0.010347499999999997 0.010318160000000002 -5.519999999999985e-06 0.007139609999999998 0.0027589099999999972 0.005291460000000004
24.648976169997024 0.01779916 0.010471419999999997 0.010440120000000002 -5.559999999999985e-06 0.007364729999999997 0.002960109999999997 0.005506460000000004
24.648975651040605 0.0179752 0.010533379999999997 0.010501100000000003 -5.579999999999985e-06 0.007479809999999997 0.003056529999999997 0.005613660000000004
24.64788478181689 0.0194023 0.011470879999999996 0.011434880000000003 -5.579999999999985e-06 0.007973129999999997 0.003419829999999997 0.006052140000000004
24.641556648785283 0.01817452 0.010513759999999995 0.010479440000000003 -5.639999999999985e-06 0.007700849999999997 0.003435789999999997 0.005901480000000003
24.595565574205132 0.018107559999999998 0.010357559999999995 0.010323200000000003 -5.679999999999985e-06 0.007790169999999997 0.0035107499999999974 0.005984720000000003
24.59556556636744 0.01735666 0.009471679999999994 0.009438700000000003 -5.699999999999984e-06 0.007923789999999997 0.003600309999999997 0.0060997600000000035
24.595565499490753 0.01585874 0.007699879999999994 0.007669700000000003 -5.739999999999984e-06 0.008194909999999996 0.0037737899999999974 0.006329680000000003
24.595565491653065 0.0158264 0.007621759999999994 0.007591540000000003 -5.759999999999984e-06 0.008240749999999996 0.0038095699999999974 0.0063712800000000035
24.581131177480163 0.018030440000000002 0.011140719999999993 0.011109060000000004 -5.7999999999999834e-06 0.006927349999999996 0.0024356899999999973 0.005032360000000003
24.581131071433212 0.01915214 0.012900159999999992 0.012867760000000004 -5.819999999999983e-06 0.0062903699999999965 0.0017207699999999973 0.0043625000000000035
24.557093224888757 0.018429820000000003 0.011759199999999992 0.011724640000000005 -5.899999999999983e-06 0.006711209999999997 0.002190489999999997 0.004803980000000004
24.557092700695044 0.018053320000000005 0.011188699999999992 0.011153040000000005 -5.939999999999983e-06 0.006906329999999997 0.0024250899999999974 0.005015760000000004
24.53971115857059 0.019554760000000004 0.011647459999999993 0.011611360000000005 -5.9799999999999826e-06 0.007949489999999997 0.0033449699999999975 0.006006920000000004
24.53971070236686 0.020304320000000004 0.011876819999999993 0.011840480000000004 -5.999999999999982e-06 0.008469949999999997 0.0038047699999999973 0.006501800000000004
24.530301122823005 0.020119640000000005 0.013478019999999993 0.013442040000000004 -6.039999999999982e-06 0.006683709999999997 0.0020639699999999974 0.004734720000000004
24.530300457970387 0.020026760000000005 0.014278539999999994 0.014242720000000004 -6.059999999999982e-06 0.005790149999999997 0.0011939899999999974 0.003851120000000004
24.517930101608957 0.018626680000000003 0.012323659999999993 0.012285480000000005 -6.099999999999981e-06 0.006347349999999997 0.0017439499999999976 0.004405240000000004
24.51792992279497 0.017925860000000002 0.011346199999999994 0.011306880000000005 -6.119999999999981e-06 0.006625149999999997 0.0020188099999999976 0.004681800000000004
24.500562176632254 0.017246900000000003 0.010220639999999994 0.010177960000000005 -6.159999999999981e-06 0.007075189999999997 0.0023381699999999975 0.005076720000000004
24.50056179017313 0.016915140000000002 0.009657879999999994 0.009613480000000004 -6.179999999999981e-06 0.007307929999999997 0.0024842699999999976 0.005272900000000004
24.451891730312777 0.013551000000000002 0.005334159999999993 0.005286760000000004 -6.239999999999981e-06 0.008270569999999998 0.0035358299999999976 0.006273040000000004
24.447828276215013 0.018367 0.010536479999999994 0.010487080000000003 -6.319999999999981e-06 0.007886289999999997 0.0029224299999999976 0.005792120000000004
24.447827689268614 0.02076392 0.013137639999999994 0.013087200000000004 -6.359999999999981e-06 0.007683129999999997 0.0026156099999999974 0.0055452200000000035
24.434562677537958 0.02009236 0.013335879999999994 0.013283040000000003 -6.39999999999998e-06 0.006815769999999997 0.0017080899999999974 0.004660900000000003
24.434562431336495 0.01975786 0.013435019999999994 0.013381020000000002 -6.41999999999998e-06 0.006383309999999997 0.0012544099999999975 0.004219480000000004
24.40032003056577 0.022542899999999998 0.015802259999999995 0.0157517 -6.49999999999998e-06 0.006797749999999997 0.0015142499999999974 0.0045687200000000035
24.400319910458904 0.02320982 0.016866459999999996 0.01681562 -6.57999999999998e-06 0.006400829999999997 0.0011458499999999973 0.004183840000000004
24.400319575621282 0.023541299999999998 0.017398599999999997 0.01734764 -6.61999999999998e-06 0.006200329999999997 0.0009627499999999972 0.003990680000000003
24.40031945551442 0.024934699999999997 0.018582179999999997 0.01853294 -6.6599999999999794e-06 0.006408449999999997 0.0010917099999999973 0.004165420000000003
24.381120011451543 0.03283666 0.028530379999999998 0.02848078 -6.6599999999999794e-06 0.004362529999999996 -0.0011666900000000026 0.002029860000000003
24.381119523189007 0.0367946 0.03350436 0.033454620000000004 -6.6599999999999794e-06 0.0033466299999999963 -0.0022964700000000027 0.0009659200000000031
24.35670490002232 0.036541479999999994 0.03331452 0.03326726000000001 -6.699999999999979e-06 0.0032809499999999965 -0.002351790000000003 0.0009046000000000031
24.356704860013018 0.03697332 0.0335262 0.03347884000000001 -6.719999999999979e-06 0.0035012299999999967 -0.002166290000000003 0.001110200000000003
24.356704774757723 0.0378122 0.033949639999999996 0.03390220000000001 -6.7599999999999785e-06 0.003916789999999996 -0.0017619300000000031 0.001521040000000003
24.356704734748426 0.037686399999999995 0.033854699999999995 0.03380852000000001 -6.779999999999978e-06 0.003884689999999996 -0.0017895900000000032 0.001490820000000003
24.35428329481147 0.035431119999999997 0.031010779999999995 0.030963680000000007 -6.819999999999978e-06 0.004474289999999996 -0.0011399500000000033 0.002105740000000003
24.35428299868787 0.03430352 0.029588799999999995 0.029541280000000007 -6.839999999999978e-06 0.0047691099999999965 -0.0008151900000000033 0.002413180000000003
24.32891936007164 0.032905 0.028208639999999993 0.028161840000000007 -6.879999999999977e-06 0.004750029999999996 -0.0008789100000000033 0.002375260000000003
24.328919046771667 0.03220352 0.027518639999999994 0.02747224000000001 -6.899999999999977e-06 0.0047381499999999965 -0.0009097300000000032 0.002355400000000003
24.32765678636529 0.0355242 0.030905239999999994 0.03085768000000001 -6.939999999999977e-06 0.004673429999999997 -0.0011324500000000032 0.0022240000000000033
24.327656408039907 0.03718424 0.03259855999999999 0.03255042000000001 -6.9599999999999766e-06 0.004640769999999996 -0.0012439100000000032 0.0021581000000000035
24.249985473636517 0.03895424 0.03350269999999999 0.03345408000000001 -7.079999999999976e-06 0.005507229999999997 -0.0006414500000000033 0.0029131400000000033
24.248639910246645 0.04323192 0.03792781999999999 0.03787884000000001 -7.119999999999976e-06 0.005360149999999997 -0.0010472500000000033 0.0026569400000000035
24.248639681221555 0.04537062 0.040140359999999986 0.04009122000000001 -7.139999999999976e-06 0.005286489999999997 -0.0012498300000000032 0.0025289000000000036
24.204732802281026 0.0432635 0.03685099999999999 0.03680126000000001 -7.179999999999975e-06 0.006469369999999997 -6.583000000000326e-05 0.0037122600000000037
24.204732440190504 0.04221548000000001 0.03520633999999999 0.03515648000000001 -7.199999999999975e-06 0.007066149999999997 0.0005262499999999968 0.004307060000000004
24.159227545277997 0.04351298000000001 0.03602815999999999 0.035976740000000014 -7.259999999999975e-06 0.007543449999999997 0.0007394299999999968 0.004672940000000004
24.141540964574673 0.04244822000000001 0.03433779999999999 0.03428518000000001 -7.299999999999975e-06 0.008170289999999997 0.0013671899999999969 0.0053001400000000035
24.141540763478098 0.04191588000000001 0.03349265999999999 0.03343974000000001 -7.299999999999975e-06 0.008483409999999997 0.0016816099999999968 0.005613800000000004
24.117772289064746 0.04207272000000001 0.033401699999999986 0.03334594000000001 -7.339999999999975e-06 0.008734089999999996 0.0019789699999999966 0.005884160000000004
24.117771725088296 0.04215106000000001 0.033356219999999985 0.03329906000000001 -7.3599999999999744e-06 0.008859329999999997 0.0021278299999999964 0.006019360000000004
24.08803344375016 0.04184738000000001 0.03261609999999999 0.032561340000000015 -7.399999999999974e-06 0.009293409999999997 0.0025671899999999965 0.006455680000000004
24.08803295641487 0.04169564000000001 0.03224603999999999 0.03219236000000002 -7.419999999999974e-06 0.009510649999999997 0.0027868899999999967 0.006673960000000004
24.04344947316761 0.04488962000000001 0.03606101999999999 0.03600539000000002 -7.479999999999974e-06 0.008891659999999997 0.001985199999999997 0.005977900000000004
23.867031772012776 0.04376602000000001 0.034456539999999994 0.03440191000000002 -7.519999999999974e-06 0.009371579999999997 0.002421519999999997 0.006439420000000004
23.867031701675998 0.04530250000000001 0.037049259999999994 0.03699131000000002 -7.559999999999973e-06 0.008318739999999998 0.001504599999999997 0.005443900000000004
23.867031317068292 0.04606768000000001 0.03834553999999999 0.03828589000000002 -7.599999999999973e-06 0.0077893799999999985 0.001045899999999997 0.004944360000000004
23.86703124673151 0.04551738000000001 0.03754335999999999 0.03748393000000002 -7.619999999999973e-06 0.00804106 0.0012645199999999968 0.005182080000000005
23.646419003417805 0.047836680000000006 0.03977469999999999 0.03971473000000002 -7.619999999999973e-06 0.008129619999999999 0.0012750799999999968 0.005237700000000005
23.63499080710043 0.05614848000000001 0.04929945999999999 0.049242410000000014 -7.659999999999972e-06 0.006913779999999999 -0.00022172000000000316 0.003903340000000005
23.634990523995548 0.060289720000000005 0.05406185999999999 0.05400633000000001 -7.679999999999972e-06 0.006291139999999999 -0.0009701600000000031 0.0032276200000000053
23.619560343999108 0.05233208 0.04401501999999999 0.043960090000000014 -7.719999999999972e-06 0.00837978 0.0013557599999999969 0.005416380000000005
23.619560221424138 0.045497920000000004 0.036464259999999984 0.03640809000000002 -7.799999999999971e-06 0.0090977 0.0022808399999999967 0.006221700000000005
23.619559913763254 0.04208072 0.03268891999999998 0.032632130000000016 -7.83999999999997e-06 0.00945648 0.0027435799999999968 0.0066243400000000055
23.619559791188287 0.038096500000000005 0.02766553999999998 0.027609050000000017 -7.85999999999997e-06 0.01049536 0.0039139999999999965 0.007718720000000005
23.60721117239344 0.03821538000000001 0.02768557999999998 0.027627890000000016 -7.93999999999997e-06 0.010595480000000001 0.003978199999999997 0.0078036800000000055
23.607211140777327 0.041297820000000006 0.03141305999999998 0.031351930000000014 -7.97999999999997e-06 0.009953920000000002 0.003305999999999997 0.007149200000000006
23.607211068502373 0.0428388 0.03327675999999998 0.033213970000000016 -8.019999999999969e-06 0.009632880000000002 0.002970019999999997 0.006821860000000006
23.607211036886262 0.04289714 0.033286799999999984 0.033223410000000016 -8.059999999999969e-06 0.009681820000000002 0.003002439999999997 0.006863820000000006
23.525605453248886 0.04874946 0.038921839999999985 0.038858770000000015 -8.099999999999968e-06 0.009898820000000003 0.002874839999999997 0.006935460000000006
23.525604811564918 0.051675820000000004 0.04173935999999998 0.041676390000000015 -8.139999999999968e-06 0.010007580000000002 0.002810639999999997 0.006971260000000006
23.51726867272594 0.05086654 0.04042063999999998 0.040359510000000015 -8.179999999999967e-06 0.010515260000000002 0.003286159999999997 0.007465380000000006
23.517268114067534 0.05046108 0.03976123999999998 0.03970103000000001 -8.199999999999967e-06 0.010768300000000001 0.0035226599999999973 0.007711440000000006
23.407883043320872 0.05169216 0.04109455999999998 0.04103115000000001 -8.239999999999967e-06 0.010669340000000001 0.0033030199999999972 0.007561560000000006
23.40788267719043 0.05231036 0.04176129999999998 0.04169629000000001 -8.259999999999967e-06 0.01062244 0.003193139999999997 0.007488080000000006
23.330707817641606 0.0502572 0.03893513999999998 0.03886857000000001 -8.299999999999966e-06 0.01139704 0.003922339999999997 0.008243520000000006
23.330707629161907 0.04923298 0.03752205999999998 0.037454830000000015 -8.319999999999966e-06 0.011786580000000001 0.004284279999999997 0.008621420000000006
23.308510568963985 0.05218802 0.04228253999999998 0.042215190000000014 -8.359999999999966e-06 0.009981340000000002 0.002398239999999997 0.006782100000000006
23.30851037793991 0.05366236 0.04466271999999998 0.044595190000000014 -8.379999999999966e-06 0.009075700000000003 0.0014599799999999968 0.005862700000000006
23.30756598950991 0.0631226 0.05700147999999998 0.056933070000000016 -8.419999999999965e-06 0.006198100000000002 -0.0016054600000000032 0.002905860000000006
23.307565586338896 0.06784992000000001 0.06317083999999998 0.06310203000000002 -8.439999999999965e-06 0.004756480000000002 -0.003138220000000003 0.0014258000000000061
23.298466471548544 0.07164304 0.06740271999999997 0.06733287000000002 -8.479999999999965e-06 0.004318800000000002 -0.003765540000000003 0.0009081200000000062
23.298466199418392 0.07353976000000001 0.06951859999999997 0.06944825000000002 -8.499999999999964e-06 0.004100160000000002 -0.004079180000000003 0.0006494000000000061
23.277827305000763 0.07845788000000001 0.07342131999999997 0.07335097000000002 -8.539999999999964e-06 0.005115600000000002 -0.0033683000000000033 0.0015363600000000061
23.277826656860036 0.08091342000000001 0.07537263999999998 0.07530231000000001 -8.559999999999964e-06 0.005619820000000002 -0.0030104600000000034 0.001978820000000006
23.276528733256974 0.07982350000000002 0.07341595999999997 0.07334719 -8.599999999999963e-06 0.006485060000000002 -0.0020857800000000032 0.002869140000000006
23.276528099350344 0.07927924000000001 0.07243763999999997 0.07236963 -8.619999999999963e-06 0.006918380000000002 -0.0016232400000000032 0.0033147800000000063
23.255529636814817 0.07929672000000001 0.07197923999999997 0.07191083000000001 -8.659999999999963e-06 0.0073947000000000014 -0.0013245200000000033 0.0037161800000000064
23.255529562554717 0.07937520000000002 0.07421735999999997 0.07414891000000001 -8.699999999999962e-06 0.005235140000000001 -0.0033864400000000036 0.0015978200000000063
23.255528715360732 0.07941102000000003 0.07533643999999996 0.07526799 -8.719999999999962e-06 0.004151900000000001 -0.0044172800000000035 0.0005366800000000064
23.25552864110063 0.07941904000000002 0.07510723999999996 0.07503861 -8.759999999999962e-06 0.004389340000000001 -0.004267920000000003 0.0007369600000000063
23.246513571226206 0.08017076000000002 0.07556615999999997 0.07549605000000001 -8.799999999999961e-06 0.004683700000000001 -0.003964680000000003 0.0010350800000000064
23.246513116726497 0.08054498000000002 0.07579561999999997 0.07572475000000001 -8.819999999999961e-06 0.00482924 -0.0038129600000000033 0.0011832200000000063
23.235274723802554 0.08219242000000002 0.07789405999999996 0.07782019000000001 -8.859999999999961e-06 0.00438128 -0.003991080000000004 0.0008491000000000063
23.23527443274562 0.08301538000000001 0.07894321999999995 0.07886787 -8.87999999999996e-06 0.00415658 -0.004080540000000004 0.0006814600000000063
23.189843760639334 0.08018238000000001 0.07468877999999995 0.07461407 -8.91999999999996e-06 0.00557746 -0.002517940000000004 0.0021621400000000064
23.189843309335238 0.07876536 0.07256153999999995 0.07248713000000001 -8.93999999999996e-06 0.0062874 -0.0017364000000000043 0.002902280000000006
23.160105027997105 0.07777284000000001 0.07099229999999995 0.07091653 -8.97999999999996e-06 0.00686552 -0.0010529200000000043 0.003524840000000006
23.160104427989456 0.07727440000000001 0.07020773999999995 0.07013117 -8.99999999999996e-06 0.00715246 -0.0007113600000000043 0.003834820000000006
23.13712804597984 0.07663084 0.06890613999999995 0.06883017000000001 -9.03999999999996e-06 0.0078099400000000005 -5.484000000000435e-05 0.004491900000000006
23.137127575690698 0.07630906000000001 0.06825533999999994 0.06817963 -9.059999999999959e-06 0.00813872 0.0002734399999999957 0.0048204600000000064
22.958026221318544 0.07398330000000002 0.06600101999999994 0.06592395000000001 -9.099999999999959e-06 0.00806868 0.0004435999999999957 0.004851740000000006
22.95802583629896 0.07285522000000001 0.06487383999999993 0.06479611 -9.119999999999958e-06 0.00806846 0.0005288799999999957 0.004887600000000007
22.955355117793893 0.07323754000000002 0.06375723999999994 0.06367897 -9.179999999999958e-06 0.00956798 0.0020553399999999958 0.0063985200000000065
22.951122723197443 0.07309798000000002 0.06436233999999993 0.06428419 -9.239999999999957e-06 0.00882326 0.0011862399999999957 0.005601300000000007
22.93417846085699 0.06994154000000002 0.06085157999999993 0.060773190000000005 -9.279999999999957e-06 0.0091779 0.0014805199999999958 0.005930460000000007
22.934178098039496 0.06836492000000002 0.059096219999999935 0.05901771000000001 -9.299999999999957e-06 0.009356779999999999 0.0016269399999999958 0.006095640000000007
22.897536120372667 0.06537902000000002 0.055748939999999934 0.055671210000000006 -9.359999999999956e-06 0.009717379999999998 0.0020726799999999956 0.006492180000000007
22.886974148056506 0.06640350000000002 0.05638761999999994 0.05630757000000001 -9.399999999999956e-06 0.010105499999999998 0.0023215599999999955 0.006821580000000007
22.88697409628157 0.06478070000000002 0.05349881999999994 0.053422090000000005 -9.439999999999955e-06 0.011368219999999998 0.0036596399999999953 0.008116100000000006
22.886973226602418 0.06397124000000003 0.05205445999999994 0.05197935000000001 -9.459999999999955e-06 0.012001539999999998 0.004327879999999995 0.008764140000000007
22.886973174827485 0.06448360000000003 0.05237373999999994 0.05229749000000001 -9.479999999999955e-06 0.012195779999999998 0.004452339999999995 0.008928940000000007
22.826036360069864 0.05844812000000003 0.04441477999999994 0.04433801000000001 -9.519999999999955e-06 0.014119859999999998 0.006498459999999994 0.010904500000000006
22.826035926470652 0.055400740000000025 0.04043545999999994 0.04035839000000001 -9.539999999999954e-06 0.015052119999999999 0.007520759999999994 0.011874740000000007
22.80218855102868 0.06014826000000002 0.04492205999999994 0.044846510000000006 -9.619999999999954e-06 0.015311559999999998 0.007469519999999994 0.012003140000000008
22.802188236790812 0.06253442000000002 0.047165319999999934 0.047090490000000006 -9.639999999999953e-06 0.015453759999999999 0.007444579999999994 0.012074840000000007
22.800987547556684 0.05975096000000002 0.042483639999999934 0.042406650000000004 -9.639999999999953e-06 0.017354139999999997 0.009365959999999994 0.013984100000000006
22.79619723126532 0.06322856000000002 0.045765099999999934 0.045685710000000004 -9.699999999999953e-06 0.017552739999999997 0.009493399999999994 0.014152640000000006
22.77344453030632 0.06307460000000002 0.04511213999999993 0.045029910000000006 -9.739999999999952e-06 0.018054619999999997 0.010064799999999994 0.014683840000000007
22.773444456683926 0.061475920000000024 0.042624259999999935 0.04254115000000001 -9.779999999999952e-06 0.018944739999999998 0.010954679999999994 0.015573880000000007
22.773443963896764 0.060676480000000026 0.04138033999999993 0.04129683000000001 -9.799999999999952e-06 0.01938964 0.011399639999999994 0.016018800000000007
22.77344389027437 0.060598200000000026 0.041053819999999935 0.040968870000000004 -9.819999999999952e-06 0.019639339999999998 0.011685399999999993 0.016283720000000005
22.716550547604264 0.06650514000000002 0.047752759999999936 0.04766865000000001 -9.879999999999951e-06 0.01884656 0.010640499999999994 0.015384560000000005
22.709104599260087 0.07231314000000001 0.05489011999999994 0.05479881 -9.93999999999995e-06 0.01752446 0.009183279999999993 0.014005460000000006
22.684929100293047 0.07325766000000002 0.055243399999999936 0.055151490000000004 -9.97999999999995e-06 0.018116379999999998 0.009691759999999994 0.014562180000000006
22.684928466386417 0.07373152000000002 0.055420039999999934 0.05532787 -9.99999999999995e-06 0.018413899999999997 0.009945939999999993 0.014841420000000006
22.59025157328536 0.07388648000000002 0.05504203999999993 0.054950070000000004 -1.003999999999995e-05 0.018946739999999997 0.010343059999999994 0.015317020000000006
22.5902515055412 0.07384176000000002 0.05570231999999993 0.055609070000000003 -1.007999999999995e-05 0.018243059999999995 0.009498539999999995 0.014553900000000005
22.590250651831276 0.07382258000000003 0.056032399999999934 0.05593857000000001 -1.0099999999999949e-05 0.017894399999999994 0.009076259999999994 0.014174180000000005
22.590250584087112 0.07390078000000003 0.055843419999999935 0.055749690000000005 -1.0119999999999949e-05 0.018161499999999994 0.009274999999999993 0.014412440000000006
22.53003752983618 0.07263178000000002 0.05476457999999994 0.05467037 -1.0159999999999948e-05 0.017971859999999992 0.009213039999999994 0.014276680000000005
22.530037489826878 0.07333306000000002 0.05528279999999994 0.05518627 -1.0179999999999948e-05 0.01815725999999999 0.009439699999999994 0.014479500000000005
22.530037473044075 0.07477566000000002 0.056319439999999936 0.05621827 -1.0219999999999948e-05 0.01856789999999999 0.009893099999999993 0.014908180000000005
22.53003743303477 0.07414094000000002 0.05578005999999994 0.05567867 -1.0239999999999948e-05 0.01847279999999999 0.009862039999999994 0.014840100000000005
22.334371901376414 0.06685506000000002 0.04766521999999994 0.04755947 -1.0279999999999947e-05 0.019306199999999992 0.011051239999999993 0.015823580000000004
22.33437185546148 0.05799738000000002 0.03660025999999994 0.036494109999999996 -1.0319999999999947e-05 0.021513919999999992 0.013360799999999994 0.018074260000000005
22.334371344782035 0.053569400000000024 0.03106789999999994 0.030961549999999997 -1.0339999999999947e-05 0.022618519999999993 0.014515359999999995 0.019199940000000006
22.334371298867097 0.049925660000000024 0.02701045999999994 0.026901929999999998 -1.0359999999999947e-05 0.023034419999999993 0.015109919999999995 0.019691220000000006
22.309951769872455 0.04399438000000003 0.01755673999999994 0.01744569 -1.0359999999999947e-05 0.026559419999999993 0.018705199999999995 0.023245860000000007
22.30995123511686 0.04102862000000003 0.012829959999999939 0.01271769 -1.0359999999999947e-05 0.02832165999999999 0.020503099999999996 0.025023140000000006
22.30131404678496 0.04372664000000003 0.016081239999999938 0.01596939 -1.0479999999999947e-05 0.02776809999999999 0.020194699999999996 0.024573020000000008
22.287954260719864 0.04996058000000003 0.021937839999999938 0.021826289999999998 -1.0539999999999947e-05 0.02814519999999999 0.020479399999999995 0.02491118000000001
22.284084309075382 0.05265082000000003 0.024949999999999938 0.02483941 -1.0579999999999946e-05 0.027822359999999987 0.020101119999999993 0.024564940000000007
22.284084241583788 0.05394506000000003 0.025395199999999937 0.02528545 -1.0619999999999946e-05 0.028670599999999987 0.021013719999999993 0.025440340000000006
22.28408404861294 0.05459232000000003 0.025617719999999938 0.025508370000000002 -1.0639999999999946e-05 0.029094959999999986 0.021470039999999992 0.025878200000000004
22.28408398112134 0.055937060000000025 0.027123839999999937 0.027014950000000003 -1.0639999999999946e-05 0.028933139999999986 0.021281259999999993 0.025705000000000006
22.24295716986083 0.05503082000000002 0.025397039999999937 0.02528655 -1.0719999999999945e-05 0.029755339999999984 0.021978859999999992 0.026474640000000004
22.24295700850756 0.06517306000000002 0.040348839999999934 0.04023723 -1.0799999999999944e-05 0.024946939999999983 0.01690349999999999 0.021553640000000006
22.2429565359542 0.07025670000000002 0.047824699999999935 0.047712529999999996 -1.0819999999999944e-05 0.022555299999999983 0.014366079999999991 0.019100500000000006
22.24295637460093 0.06981146000000002 0.04696135999999994 0.04684839 -1.0859999999999943e-05 0.022974239999999983 0.01470555999999999 0.019485920000000007
22.21806880896501 0.06702346000000002 0.04328751999999994 0.043172789999999996 -1.0939999999999943e-05 0.02386187999999998 0.01568367999999999 0.020411720000000008
22.21806830057048 0.06562074000000002 0.04145061999999994 0.04133501 -1.0979999999999942e-05 0.024296959999999982 0.016184699999999993 0.020874620000000007
22.18951934701327 0.05985378000000002 0.031315299999999935 0.03119591 -1.1039999999999942e-05 0.028669159999999982 0.020695019999999995 0.025305080000000008
22.17844099220478 0.053553500000000025 0.023510099999999937 0.02339131 -1.1079999999999941e-05 0.03017351999999998 0.022447739999999994 0.026914200000000006
22.17844085642325 0.05259506000000003 0.021105939999999938 0.020987069999999997 -1.1119999999999941e-05 0.03161935999999998 0.023840579999999993 0.028337680000000007
22.178440731742334 0.052116680000000026 0.019903819999999937 0.019784909999999996 -1.113999999999994e-05 0.032343159999999975 0.024535779999999993 0.029049420000000006
22.178440595960808 0.04896648000000003 0.016001279999999937 0.015882749999999994 -1.115999999999994e-05 0.033095139999999974 0.025412139999999993 0.029853880000000006
22.148829907828613 0.04741368000000003 0.013346099999999937 0.013229309999999994 -1.121999999999994e-05 0.034195899999999974 0.026613639999999994 0.030997120000000006
22.104191866367344 0.046826520000000024 0.011933299999999937 0.011816109999999994 -1.125999999999994e-05 0.03502197999999997 0.027514199999999996 0.031854640000000004
22.104191232460714 0.046530180000000025 0.011226899999999937 0.011109509999999994 -1.127999999999994e-05 0.03543225999999997 0.027964559999999996 0.03228182
22.067897564101578 0.047708400000000026 0.012647759999999937 0.012522509999999994 -1.1339999999999939e-05 0.03519753999999997 0.027812519999999997 0.03208196
22.044306030475077 0.045315480000000026 0.006252899999999937 0.006123089999999994 -1.1339999999999939e-05 0.039204039999999975 0.031659059999999996 0.03602102
22.02913019108836 0.04444530000000003 0.004139339999999938 0.004007789999999995 -1.1339999999999939e-05 0.04044915999999998 0.032907059999999995 0.03726734
21.980366487502785 0.039496540000000024 -5.206000000006206e-05 -0.000185810000000005 -1.1379999999999938e-05 0.03969403999999998 0.03214706 0.03651018
21.98036637330253 0.03264698000000003 -0.007854380000000062 -0.007989410000000006 -1.1419999999999938e-05 0.04064811999999998 0.03332442 0.03755846
21.980365853596155 0.029222160000000028 -0.011755520000000061 -0.011891170000000006 -1.1439999999999938e-05 0.04112507999999998 0.03391312 0.03808256
21.9803657393959 0.026748200000000028 -0.013851280000000061 -0.013987990000000006 -1.1459999999999938e-05 0.04074795999999998 0.03353296 0.03770416
21.963919941576727 0.03108326000000003 -0.004588240000000061 -0.004729210000000006 -1.1579999999999938e-05 0.035824299999999976 0.0285466 0.03275404
21.944369576682433 0.03072994000000003 -0.005724520000000061 -0.005866810000000006 -1.1619999999999938e-05 0.036608619999999974 0.02945788 0.03359192
21.944369568844742 0.033173440000000026 -0.003499200000000061 -0.0036413500000000063 -1.1639999999999938e-05 0.03682667999999997 0.02952512 0.033746359999999996
21.94436950481324 0.038081160000000024 0.0009515599999999386 0.0008099699999999936 -1.1679999999999937e-05 0.037283079999999975 0.029657839999999998 0.0340662
21.944369496975547 0.03790380000000002 0.0003834599999999386 0.00024104999999999363 -1.1699999999999937e-05 0.03767465999999998 0.030113459999999998 0.034484799999999996
21.910809420519918 0.039523260000000025 0.0018916199999999387 0.0017511299999999935 -1.1759999999999937e-05 0.03778409999999998 0.0301524 0.034564479999999995
21.892282405894484 0.04182806000000003 0.005030019999999939 0.004888849999999993 -1.1799999999999936e-05 0.03695121999999998 0.02925368 0.03370379999999999
21.892282330258535 0.04173306000000003 0.004048379999999939 0.0039056099999999934 -1.1839999999999936e-05 0.03783953999999998 0.030153120000000002 0.03459679999999999
21.892281484440396 0.04168544000000003 0.0035576399999999392 0.0034139699999999936 -1.1879999999999935e-05 0.03828359999999998 0.030602780000000003 0.03504321999999999
21.89228140880445 0.04286254000000003 0.005126819999999939 0.004982829999999994 -1.1899999999999935e-05 0.03789185999999998 0.030153520000000003 0.03462721999999999
21.864405278838774 0.04406154000000003 0.005866859999999939 0.005720469999999994 -1.1939999999999935e-05 0.03835321999999998 0.030685160000000003 0.03511821999999999
21.86440519587422 0.04769870000000003 0.009448099999999938 0.009302829999999995 -1.1979999999999934e-05 0.03840809999999998 0.030446080000000004 0.03504905999999999
21.864404469228216 0.04951790000000003 0.011238719999999938 0.011093929999999995 -1.1999999999999934e-05 0.03843621999999998 0.030326680000000005 0.035014939999999994
21.864404386263658 0.05012340000000003 0.011608739999999939 0.011462729999999996 -1.2019999999999934e-05 0.03867295999999998 0.030584260000000005 0.035260459999999993
21.852112022373966 0.048675320000000036 0.009208819999999939 0.009061569999999996 -1.2059999999999934e-05 0.03962607999999998 0.0314861 0.03619193999999999
21.85211183855875 0.04795078000000003 0.00800879999999994 0.007860909999999995 -1.2079999999999933e-05 0.04010221999999998 0.031936900000000004 0.03665737999999999
21.847617682695155 0.046511980000000036 0.005254739999999939 0.005106309999999996 -1.2139999999999933e-05 0.04141801999999998 0.03335842000000001 0.03801775999999999
21.843037563902328 0.04482712000000004 0.002568959999999939 0.0024160899999999957 -1.2259999999999933e-05 0.04242349999999998 0.034528300000000005 0.03909259999999999
21.80758419052196 0.04571920000000004 0.001980899999999939 0.0018300699999999957 -1.2319999999999933e-05 0.04390165999999998 0.03611728 0.040617499999999994
21.788920362942914 0.043748760000000046 0.00011337999999993923 -3.957000000000439e-05 -1.2359999999999932e-05 0.04380089999999998 0.0361726 0.04058257999999999
21.78891998357104 0.042764160000000044 -0.0008203600000000607 -0.0009743700000000043 -1.2379999999999932e-05 0.043751119999999984 0.03620018 0.040565439999999994
21.774131287312294 0.052168020000000044 0.011677099999999937 0.011524109999999997 -1.2439999999999932e-05 0.04065655999999998 0.033219979999999996 0.037519119999999996
21.75514031704099 0.04797046000000004 0.006434099999999937 0.006276829999999997 -1.2479999999999931e-05 0.04170631999999998 0.034317259999999995 0.03858892
21.755140197571833 0.06338278000000004 0.028442779999999935 0.028284949999999996 -1.2519999999999931e-05 0.03511055999999998 0.027231499999999995 0.03178644
21.755139507430428 0.07108668000000004 0.03944707999999993 0.039288989999999996 -1.253999999999993e-05 0.03181043999999998 0.023688619999999994 0.0283839
21.755139387961272 0.06899316000000004 0.036825659999999934 0.03666539 -1.255999999999993e-05 0.03234053999999998 0.024237199999999993 0.0289218
21.752406300038437 0.06760536000000004 0.03442845999999993 0.03426527 -1.259999999999993e-05 0.03335289999999998 0.025221359999999995 0.029922240000000003
21.752406227590825 0.07138660000000005 0.04011013999999993 0.03994587 -1.263999999999993e-05 0.031453579999999974 0.023282559999999994 0.02800624
21.75240573362888 0.07327834000000005 0.042950959999999934 0.04278625 -1.265999999999993e-05 0.030504959999999973 0.022312999999999993 0.02704878
21.752405661181264 0.07258198000000005 0.041752379999999936 0.04158621 -1.267999999999993e-05 0.031008639999999973 0.02280507999999999 0.027547560000000002
21.72378244147757 0.06653886000000005 0.032163619999999934 0.03199741 -1.267999999999993e-05 0.03455435999999997 0.02627123999999999 0.031059720000000002
21.723781914955225 0.06351756000000004 0.027369379999999936 0.027203109999999996 -1.269999999999993e-05 0.03632735999999997 0.02800445999999999 0.03281594
21.69210970859887 0.07000134000000004 0.034050259999999936 0.03388189 -1.2759999999999929e-05 0.03613241999999997 0.027750179999999992 0.032595980000000004
21.63189948880338 0.06666210000000004 0.029579699999999938 0.029406489999999997 -1.2839999999999928e-05 0.03726865999999997 0.02897317999999999 0.033768820000000005
21.63189897217559 0.06500024000000004 0.02734437999999994 0.027168509999999996 -1.2879999999999928e-05 0.03784481999999997 0.02958329999999999 0.0343593
21.51953245249795 0.06624902000000005 0.026071719999999937 0.025894109999999998 -1.2939999999999927e-05 0.04036805999999997 0.03207803999999999 0.03687054
21.459899282227486 0.06929654000000005 0.029126719999999936 0.028947229999999997 -1.2979999999999927e-05 0.04036249999999997 0.03202791999999999 0.03684618
21.459898648320856 0.07082022000000004 0.030654199999999937 0.030473829999999997 -1.2999999999999926e-05 0.04035959999999997 0.03200293999999999 0.03683396
21.388013317465628 0.06779910000000004 0.02455371999999994 0.024369669999999996 -1.3039999999999926e-05 0.04344271999999997 0.03498205999999999 0.0398732
21.388012937630357 0.06628838000000005 0.02150343999999994 0.021317509999999998 -1.3059999999999926e-05 0.04498415999999997 0.03647169999999999 0.0413928
21.278627866883696 0.07258042000000005 0.02909231999999994 0.028905869999999997 -1.3099999999999925e-05 0.04368787999999997 0.03518989999999999 0.04010264
21.278627321930124 0.07572656000000005 0.03288673999999994 0.03270011 -1.3119999999999925e-05 0.04303979999999997 0.03454923999999999 0.039457700000000005
21.239596317217515 0.06793480000000006 0.02349197999999994 0.023305669999999997 -1.3159999999999925e-05 0.04464251999999997 0.036321039999999985 0.04113174000000001
21.23959600219161 0.06404088000000006 0.018794739999999942 0.018608529999999998 -1.3179999999999925e-05 0.04544575999999997 0.03720693999999999 0.041969860000000005
21.176404526575773 0.06451096000000006 0.018337259999999942 0.01814809 -1.3219999999999924e-05 0.046376319999999964 0.03820361999999999 0.0429283
21.176404278414584 0.06474756000000007 0.01810849999999994 0.01791789 -1.3239999999999924e-05 0.046843139999999964 0.03870027999999999 0.0434077
21.168028156055932 0.06269352000000006 0.01649901999999994 0.01630729 -1.3319999999999923e-05 0.04639973999999997 0.038370199999999986 0.0430121
21.168028061561373 0.06511740000000006 0.018616539999999942 0.01842205 -1.3399999999999923e-05 0.04670893999999997 0.038694119999999985 0.0433275
21.168028052164864 0.06632816000000007 0.01967527999999994 0.01947941 -1.3439999999999922e-05 0.04686237999999997 0.03885607999999999 0.043484539999999995
21.168027957670304 0.06530168000000007 0.018870659999999942 0.01867419 -1.3479999999999922e-05 0.046641159999999966 0.03869015999999999 0.043286639999999994
20.960881656503055 0.06762884000000007 0.020747639999999942 0.02055105 -1.3599999999999922e-05 0.04709151999999996 0.03900509999999999 0.04367988
20.902057069066526 0.07151032000000007 0.02250863999999994 0.022309210000000003 -1.3639999999999922e-05 0.04921491999999996 0.04091645999999999 0.0457138
20.902056622132747 0.07345200000000007 0.02338911999999994 0.023188290000000004 -1.3659999999999922e-05 0.05027753999999996 0.04187107999999999 0.04673086
20.82237166619746 0.05983038000000007 0.007512879999999941 0.007305270000000006 -1.3719999999999921e-05 0.05253899999999996 0.044143699999999994 0.048997
20.792671551386086 0.05948078000000007 0.005709559999999941 0.005499390000000006 -1.379999999999992e-05 0.05399535999999996 0.045812179999999994 0.05054284
20.792671073531018 0.05930610000000007 0.004807879999999941 0.004596390000000006 -1.383999999999992e-05 0.054723719999999955 0.04664653999999999 0.05131592
20.79226051077761 0.06233418000000007 0.009810979999999941 0.009597990000000006 -1.389999999999992e-05 0.05275025999999995 0.04448011999999999 0.04926104
20.629668962980617 0.06861402000000007 0.016206539999999943 0.015991630000000007 -1.3979999999999919e-05 0.052636499999999954 0.04422991999999999 0.049089719999999996
20.629668861515842 0.07289354000000006 0.01961965999999994 0.019402430000000005 -1.4059999999999918e-05 0.05350529999999996 0.045047359999999995 0.049936839999999996
20.62966850803613 0.07503332000000006 0.02132611999999994 0.021107710000000005 -1.4099999999999918e-05 0.053939839999999954 0.04545609999999999 0.050360499999999996
20.629668406571355 0.07815768000000006 0.024523899999999942 0.024304610000000004 -1.4139999999999917e-05 0.053867319999999955 0.04533101999999999 0.050265819999999996
20.551571306706233 0.08222088000000007 0.028031899999999943 0.027811050000000004 -1.4179999999999917e-05 0.05442411999999996 0.04588505999999999 0.05082146
20.55157129441385 0.08502792000000006 0.027399699999999944 0.027175650000000003 -1.4219999999999916e-05 0.057866599999999956 0.04913317999999999 0.05418194
20.55157038525215 0.08644394000000007 0.027083639999999944 0.02685799 -1.4239999999999916e-05 0.05960027999999996 0.05073999999999999 0.0558621
20.551570372959763 0.08847492000000007 0.028837579999999943 0.02861121 -1.4259999999999916e-05 0.05987807999999996 0.051017559999999997 0.0561398
20.497679046182093 0.08960824000000006 0.02904337999999994 0.02881417 -1.4339999999999915e-05 0.060808559999999956 0.05196004 0.05707536
20.497679007237373 0.08725988000000007 0.026802899999999942 0.02657593 -1.4419999999999914e-05 0.06069847999999996 0.051892799999999996 0.05698336
20.497678591237605 0.08603464000000006 0.025682719999999944 0.025456890000000003 -1.4459999999999914e-05 0.060592319999999956 0.05185868 0.056907599999999996
20.497678552292886 0.08660074000000006 0.025785519999999944 0.025558310000000004 -1.4499999999999914e-05 0.06105703999999996 0.052330459999999995 0.0573753
20.474419406711835 0.08239794000000006 0.015939079999999946 0.015711590000000004 -1.4539999999999913e-05 0.06670099999999995 0.057901499999999995 0.0629885
20.474418899281638 0.08029720000000005 0.011015859999999947 0.010788250000000004 -1.4559999999999913e-05 0.06952361999999995 0.06068675999999999 0.06579536
20.4446806179435 0.08446024000000005 0.016446539999999947 0.016216810000000005 -1.4599999999999913e-05 0.06825813999999995 0.059492359999999994 0.06455988
20.44468007406196 0.08653780000000005 0.019161779999999948 0.018930990000000005 -1.4619999999999913e-05 0.06762153999999995 0.058898139999999995 0.06394116
20.328110086589014 0.07870532000000005 0.009905139999999948 0.009676510000000004 -1.4699999999999912e-05 0.06904361999999996 0.06060337999999999 0.06548272
20.328110078751322 0.07587326000000005 0.0060119199999999475 0.005783430000000004 -1.4759999999999911e-05 0.07010469999999996 0.06156893999999999 0.0665035
20.32811001154878 0.07020782000000006 -0.0017749200000000522 -0.0020030899999999956 -1.483999999999991e-05 0.07222585999999996 0.06350013999999998 0.0685445
20.32811000371109 0.06629176000000006 -0.006403060000000052 -0.006630149999999995 -1.487999999999991e-05 0.07293689999999996 0.06435271999999999 0.06931525999999999
19.962116670802587 0.07341504000000006 -0.0018914200000000525 -0.0021215899999999953 -1.491999999999991e-05 0.07555165999999995 0.06663704 0.07179061999999999
19.962116120118242 0.07697696000000005 0.00036435999999994773 0.00013263000000000467 -1.493999999999991e-05 0.07685937999999995 0.06777864 0.07302825999999998
19.940382854915057 0.07436096000000006 -0.009220460000000052 -0.009449309999999995 -1.4999999999999909e-05 0.08382537999999995 0.07446636 0.07987683999999998
19.932377838780106 0.07741652000000006 -0.006954580000000052 -0.007182269999999996 -1.5039999999999909e-05 0.08461393999999994 0.07525448 0.08066519999999998
19.93237733815271 0.07894440000000005 -0.005821720000000052 -0.006048869999999996 -1.5059999999999908e-05 0.08500843999999995 0.07564836 0.08105943999999998
19.830997336638905 0.09304212000000006 0.012401839999999949 0.012174330000000002 -1.5119999999999908e-05 0.08088301999999994 0.0716079 0.07696989999999998
19.82552595801248 0.09943752000000006 0.01904823999999995 0.018818730000000002 -1.5159999999999907e-05 0.08063405999999994 0.07138842000000001 0.07673337999999998
19.82552587126604 0.09998996000000006 0.015265639999999948 0.015035850000000002 -1.5199999999999907e-05 0.08496941999999993 0.0754915 0.08097073999999997
19.825525391602923 0.10026090000000006 0.013374319999999948 0.013144490000000002 -1.5219999999999907e-05 0.08713175999999993 0.07754302 0.08308631999999998
19.825525304856484 0.10345724000000006 0.016697559999999948 0.016466690000000003 -1.5239999999999907e-05 0.08700591999999993 0.07743322000000001 0.08296723999999998
19.60023763460812 0.08685566000000006 -0.0035273600000000523 -0.003758649999999999 -1.5419999999999907e-05 0.09062979999999993 0.08154814 0.08679829999999998
19.525380865507646 0.08971570000000005 0.000496559999999948 0.00026831000000000077 -1.5459999999999906e-05 0.08946291999999993 0.08035566000000001 0.08562061999999998
19.525380793157034 0.10217154000000005 0.012054959999999948 0.011823950000000001 -1.5499999999999906e-05 0.09036311999999994 0.08084042000000001 0.08634553999999998
19.525380055897084 0.10839948000000005 0.017834079999999947 0.017601730000000003 -1.5519999999999906e-05 0.09081329999999993 0.08108272000000001 0.08670801999999998
19.525379983546472 0.10983022000000005 0.019845979999999947 0.019615150000000005 -1.5539999999999905e-05 0.09023063999999993 0.08048602 0.08611943999999998
19.147125555650106 0.16260930000000004 0.09287323999999994 0.09264255000000002 -1.5559999999999905e-05 0.06998233999999993 0.05911322000000001 0.06539673999999998
19.147124939856877 0.18899820000000003 0.12938600999999994 0.12915540000000003 -1.5569999999999907e-05 0.059858389999999935 0.048427130000000006 0.05503563999999998
19.140318561911446 0.19664214000000002 0.13022234999999993 0.12998622000000004 -1.5629999999999906e-05 0.06667162999999994 0.054751730000000005 0.061642719999999984
19.11057972729635 0.20437398 0.13762574999999994 0.13739412000000004 -1.5689999999999906e-05 0.06699562999999994 0.05525249000000001 0.06204129999999999
19.07009058474014 0.20925363000000002 0.15395240999999993 0.15372075000000004 -1.5719999999999907e-05 0.05554864999999995 0.04385897000000001 0.05061687999999999
19.055242513705032 0.22974463000000003 0.16826978999999992 0.16803733000000004 -1.5839999999999906e-05 0.06172318999999995 0.048230570000000014 0.05603081999999999
19.05524208634813 0.23999078000000004 0.1754285499999999 0.17519568000000005 -1.5899999999999905e-05 0.06481105999999995 0.05041646000000002 0.058738169999999985
18.93921154972361 0.25362442 0.1866325899999999 0.18639620000000004 -1.5939999999999905e-05 0.06724421999999995 0.052550260000000015 0.06104504999999998
18.939211460384556 0.2540153 0.1839380299999999 0.18369756000000004 -1.5979999999999905e-05 0.07033377999999996 0.056015540000000016 0.06429312999999998
18.93921074011305 0.25421026 0.18259070999999988 0.18234822000000003 -1.5999999999999904e-05 0.07187809999999996 0.05774844000000002 0.06591700999999997
18.939210650773994 0.2610254 0.18819282999999987 0.18794852000000004 -1.6019999999999904e-05 0.07309295999999996 0.05881546000000002 0.06706950999999997
18.88175569756002 0.27844368 0.19935754999999986 0.19911300000000004 -1.6099999999999903e-05 0.07934679999999995 0.06437150000000003 0.07302894999999997
18.88175568972233 0.27349144000000003 0.19382018999999986 0.19357680000000005 -1.6119999999999903e-05 0.07993077999999995 0.06521126000000002 0.07372082999999997
18.881755590543555 0.26358800000000004 0.18274490999999987 0.18250392000000004 -1.6159999999999903e-05 0.08110029999999994 0.06689086000000002 0.07510554999999998
18.881755582705864 0.27229658000000007 0.18832714999999986 0.18808606000000005 -1.6199999999999902e-05 0.08422675999999994 0.06966904000000003 0.07808508999999998
18.41461632101469 0.2778677600000001 0.20085752999999987 0.20061460000000006 -1.6219999999999902e-05 0.07726941999999994 0.06256406000000003 0.07106546999999998
18.414616046680038 0.2806534500000001 0.20712267999999986 0.20687886000000005 -1.6229999999999904e-05 0.07379085999999993 0.05901155000000003 0.06755570999999998
18.351424571064204 0.2859169700000001 0.21792243999999986 0.21767514000000004 -1.6249999999999904e-05 0.06825813999999993 0.05326681000000003 0.061933549999999976
18.35142428221176 0.2885482400000001 0.22332225999999986 0.22307324000000003 -1.6259999999999905e-05 0.06549132999999993 0.05039444000000003 0.05912219999999998
18.26923993958659 0.3048514000000001 0.23829793999999985 0.23805008000000002 -1.6339999999999905e-05 0.06681772999999994 0.05122572000000003 0.060239719999999976
18.2692399317489 0.3011011800000001 0.23392899999999986 0.23368188000000004 -1.6359999999999904e-05 0.06743572999999993 0.05211142000000003 0.060970659999999975
18.26923980699339 0.29359826000000006 0.22519119999999987 0.22494556000000004 -1.6399999999999904e-05 0.06866916999999993 0.053884700000000035 0.06243181999999998
18.2692397991557 0.3017467200000001 0.23267865999999987 0.23243362000000004 -1.6419999999999904e-05 0.06932960999999993 0.054300620000000036 0.06298909999999998
17.967025757068882 0.3020352400000001 0.22486205999999986 0.22461554000000003 -1.6459999999999903e-05 0.07743624999999993 0.06119466000000003 0.07058417999999998
17.967025639352926 0.3263560800000001 0.27176689999999987 0.27152038 -1.6499999999999903e-05 0.05485228999999993 0.039110500000000034 0.048211059999999986
17.96702519065932 0.33851688000000013 0.29521941999999984 0.2949729 -1.6519999999999903e-05 0.04356058999999993 0.028068080000000033 0.037024519999999984
17.96702507294337 0.33866104000000014 0.29131105999999984 0.29106382 -1.6539999999999903e-05 0.04761384999999993 0.03151514000000003 0.04082203999999998
17.844873535570613 0.32152504000000015 0.2858518999999998 0.28560537999999996 -1.6619999999999902e-05 0.03593632999999993 0.02037138000000003 0.02936971999999998
17.84487303781676 0.31295776000000014 0.28312311999999984 0.28287693999999997 -1.66599999999999e-05 0.030097529999999935 0.014799440000000028 0.02364349999999998
17.7354879670701 0.31881784000000013 0.2841571199999998 0.28391313999999995 -1.67799999999999e-05 0.03492152999999994 0.019202640000000028 0.02828993999999998
17.735487540035102 0.32174750000000013 0.2846740199999998 0.28443109999999994 -1.68399999999999e-05 0.037333289999999936 0.02140434000000003 0.03061307999999998
17.517449589951585 0.2822316600000001 0.2415042999999998 0.24125969999999994 -1.68799999999999e-05 0.04098888999999994 0.02738162000000003 0.03524815999999998
17.517448993250504 0.2624747400000001 0.2199200999999998 0.21967455999999994 -1.68999999999999e-05 0.04281712999999994 0.03036962000000003 0.037565679999999976
17.487710711912367 0.2507142600000001 0.2060090999999998 0.20576007999999993 -1.69399999999999e-05 0.04497112999999994 0.03353318000000003 0.040145599999999976
17.487710257301707 0.24483258000000008 0.1990532199999998 0.19880239999999993 -1.69599999999999e-05 0.04604712999999994 0.03511622000000003 0.04143549999999997
17.481069459041134 0.2595825400000001 0.2262298599999998 0.22597515999999992 -1.6999999999999898e-05 0.033624329999999945 0.02294762000000003 0.029119939999999973
17.481069373483958 0.2675799000000001 0.2399700199999998 0.23971451999999993 -1.7079999999999897e-05 0.027882409999999944 0.01720806000000003 0.023379019999999973
17.481068892631576 0.2715786600000001 0.2468402599999998 0.24658437999999994 -1.7119999999999897e-05 0.025011349999999946 0.014338220000000028 0.02050847999999997
17.4810688070744 0.27895332000000006 0.2604280199999998 0.2601701799999999 -1.7139999999999897e-05 0.018800229999999946 0.008254260000000027 0.014350999999999971
17.056564440613034 0.28814853000000007 0.27925853999999983 0.27900111999999994 -1.7229999999999898e-05 0.009164589999999946 -0.001487999999999972 0.004670359999999971
16.908218529776892 0.3098771700000001 0.28726125999999985 0.28700651999999993 -1.7269999999999897e-05 0.022887869999999946 0.010484000000000028 0.01765479999999997
16.90821839021348 0.32736565000000006 0.32254413999999987 0.32228875999999995 -1.7309999999999897e-05 0.005094149999999947 -0.005893599999999971 0.00045851999999996923
16.908217608322808 0.33611005000000005 0.34018603999999986 0.33993033999999994 -1.7329999999999897e-05 -0.003802990000000053 -0.01408271999999997 -0.008139920000000031
16.908217468759396 0.34697415000000004 0.34418735999999983 0.34393305999999996 -1.7349999999999897e-05 0.003058429999999947 -0.00809699999999997 -0.0016479400000000317
16.570561982481145 0.29225183000000005 0.2774903599999998 0.27723654 -1.7389999999999896e-05 0.015032669999999948 0.00661428000000003 0.011481019999999969
16.57056134857451 0.26489161000000006 0.24414189999999983 0.24388839999999998 -1.7429999999999896e-05 0.021020609999999947 0.01396994000000003 0.01804595999999997
16.395915743643286 0.2642075300000001 0.24737589999999982 0.24712015999999998 -1.7469999999999895e-05 0.017104769999999946 0.01071478000000003 0.014408839999999968
16.395915661274444 0.27927897000000007 0.2641089799999998 0.26385179999999997 -1.7509999999999895e-05 0.015444609999999945 0.009151860000000029 0.012789719999999968
16.3959148221892 0.2868139700000001 0.2724750999999998 0.27221732 -1.7529999999999895e-05 0.014614109999999946 0.008370840000000029 0.011980099999999968
16.39591473982036 0.2864714300000001 0.2740923599999998 0.2738334 -1.7569999999999894e-05 0.012655509999999946 0.006742980000000029 0.010161019999999967
16.362554528710326 0.22658431000000007 0.1918134399999998 0.19155844 -1.7569999999999894e-05 0.035043349999999945 0.031017140000000026 0.033344659999999963
16.36255371909977 0.19663775000000006 0.1506747399999998 0.15042176 -1.7589999999999894e-05 0.04623348999999995 0.04315874000000003 0.044936179999999964
16.190249051548356 0.24158163000000005 0.1770832999999998 0.17682731999999998 -1.7629999999999894e-05 0.06477184999999995 0.06030146000000003 0.06288573999999997
16.190248417641726 0.26405289000000004 0.1902875999999998 0.19003014 -1.7649999999999894e-05 0.07404030999999994 0.06887268000000003 0.07186005999999996
15.838747443138548 0.28901463000000005 0.1641928199999998 0.16393127999999998 -1.7649999999999894e-05 0.12510096999999992 0.11744838000000003 0.12187239999999996
15.444259848889207 0.33342095000000005 0.1712682999999998 0.17100475999999998 -1.7689999999999893e-05 0.16243384999999994 0.15278238000000002 0.15836199999999995
15.444259841051514 0.35562367000000006 0.17480533999999978 0.17454077999999998 -1.7689999999999893e-05 0.18110054999999994 0.17044964 0.17660705999999995
15.300765637977996 0.4674928300000001 0.2353426999999998 0.23507633999999997 -1.7749999999999893e-05 0.23243414999999995 0.21820736000000002 0.22643207999999995
14.423885924949502 0.51764591 0.1887649399999998 0.18849521999999996 -1.7749999999999893e-05 0.32916839 0.31005856 0.32110627999999997
14.423885789763686 0.51401803 0.02259645999999979 0.02232229999999996 -1.7789999999999892e-05 0.49171343 0.46362424 0.47986315999999996
14.423885358539945 0.51220369 -0.06048808000000021 -0.06076448000000004 -1.7789999999999892e-05 0.57298587 0.5404068200000001 0.55924144
14.423885223354127 0.53728565 -0.0837751400000002 -0.08405326000000003 -1.7789999999999892e-05 0.62135661 0.58632512 0.60657756
13.951248583878687 0.5840930499999999 -0.2062521400000002 -0.20653022000000004 -1.7829999999999892e-05 0.79064101 0.7448186400000001 0.77130956
13.951248577830825 0.7104706099999999 -0.2088894200000002 -0.20916758000000005 -1.7829999999999892e-05 0.91965593 0.86911804 0.8983351199999999
13.9512476624246 0.7736583899999999 -0.2102103800000002 -0.21048856000000005 -1.7829999999999892e-05 0.98416471 0.93126836 0.9618489199999999
13.95124765637674 0.7970617099999999 -0.2714488400000002 -0.27172702000000004 -1.7849999999999892e-05 1.0688065100000002 1.010515 1.0442146399999999
