13.95124765637674 0.02340332 -0.06123846 -0.06123846 -2e-08 0.0846418 0.07924664 0.08236572
13.9512476624246 0.0865911 -0.06255942 -0.06255944000000001 -2e-08 0.14915058 0.14139696 0.14587951999999998
13.951248577830825 0.21296866 -0.06519670000000001 -0.06519680000000001 -2e-08 0.2781655 0.26569635999999996 0.27290508
13.951248583878687 0.25977606 -0.1876737 -0.18767376000000002 -6.000000000000001e-08 0.4474499 0.42418987999999996 0.43763708
14.423885223354127 0.28485802 -0.21096076 -0.21096254000000003 -6.000000000000001e-08 0.49582064000000003 0.47010818 0.4849732
14.423885358539945 0.28304367999999996 -0.2940453 -0.29404932000000006 -6.000000000000001e-08 0.57709308 0.54689076 0.56435148
14.423885789763686 0.2794158 -0.46021378 -0.46022224000000006 -1.0000000000000001e-07 0.7396381200000001 0.7004564400000001 0.72310836
14.423885924949502 0.32956888 -0.50679154 -0.50680336 -1.0000000000000001e-07 0.83637236 0.7923076400000001 0.81778256
15.300765637977996 0.44143804 -0.44625418000000006 -0.44626780000000005 -1.6e-07 0.88770596 0.8400653600000001 0.86760758
15.444259841051514 0.46364076 -0.44271714000000006 -0.4427317800000001 -1.6e-07 0.90637266 0.8577326200000001 0.8858526400000001
15.444259848889207 0.50804708 -0.43564166000000004 -0.43565830000000005 -2e-07 0.9437055400000001 0.89306662 0.9223422400000001
15.838747443138548 0.5330088199999999 -0.46173644 -0.46175716000000006 -2e-07 0.9947662 0.94164232 0.9723545800000001
16.190248417641726 0.5554800799999999 -0.44853214 -0.44855434000000005 -2.1999999999999998e-07 1.00403466 0.95021354 0.9813289000000001
16.190249051548356 0.60042396 -0.42212358 -0.42214878000000006 -2.6e-07 1.02257302 0.9673562600000001 0.9992784600000001
16.36255371909977 0.5704774 -0.46326228 -0.46328546000000004 -2.8e-07 1.0337631600000001 0.97949786 1.01086998
16.362554528710326 0.5105902800000001 -0.5455412000000001 -0.54556042 -2.8e-07 1.056151 1.00377202 1.0340536200000001
16.39591473982036 0.5102477400000001 -0.5439239400000001 -0.54394434 -3.2e-07 1.0541924 1.00214416 1.0322345400000001
16.3959148221892 0.51778274 -0.5355578200000001 -0.53557882 -3.4000000000000003e-07 1.0533619 1.00136314 1.03142492
16.395915661274444 0.5328541800000001 -0.5188247400000001 -0.51884718 -3.8e-07 1.0517017400000002 0.99980022 1.0298058
16.395915743643286 0.5321701000000001 -0.5155907400000002 -0.5156154199999999 -4.2e-07 1.0477859000000003 0.99654506 1.02616868
16.57056134857451 0.50480988 -0.5489392000000002 -0.5489635599999999 -4.6e-07 1.0537738400000003 1.00390072 1.0327336200000001
16.570561982481145 0.45008756000000005 -0.6156362000000002 -0.6156600799999999 -5e-07 1.0657480800000003 1.018612 1.04586258
16.908217468759396 0.46095166000000004 -0.6116348800000002 -0.6116573599999999 -5.2e-07 1.0726095000000002 1.02459772 1.0523545600000002
16.908217608322808 0.46969606 -0.5939929800000002 -0.5940157799999999 -5.4e-07 1.0637123600000002 1.0164086 1.04375612
16.90821839021348 0.48718454 -0.5587101000000002 -0.5587335399999999 -5.800000000000001e-07 1.0459186400000002 1.0000310000000001 1.02655984
16.908218529776892 0.50891318 -0.5507073800000002 -0.5507281399999998 -6.200000000000001e-07 1.0596419200000002 1.0120030000000002 1.03954428
17.056564440613034 0.51810839 -0.5318768600000002 -0.5318971999999998 -7.100000000000001e-07 1.0500062800000003 1.0022607400000003 1.02986364
17.4810688070744 0.52548305 -0.5182891000000003 -0.5183113999999999 -7.300000000000001e-07 1.0437951600000004 0.9961767800000003 1.0237061600000001
17.481068892631576 0.5294818099999999 -0.5114188600000003 -0.5114415399999999 -7.700000000000001e-07 1.0409241000000005 0.9933069400000003 1.0208356200000002
17.481069373483958 0.5374791699999999 -0.49767870000000025 -0.4977021799999999 -8.500000000000001e-07 1.0351821800000005 0.9875673800000003 1.0150947000000001
17.481069459041134 0.5522291299999998 -0.4705020600000003 -0.47052941999999986 -8.900000000000002e-07 1.0227593800000006 0.9753987800000004 1.0027791400000001
17.487710257301707 0.5463474499999998 -0.4774579400000003 -0.4774870999999999 -9.100000000000002e-07 1.0238353800000006 0.9769818200000003 1.00406904
17.487710711912367 0.5345869699999999 -0.4913689400000003 -0.4914015799999999 -9.500000000000002e-07 1.0259893800000006 0.9801453800000003 1.0066489600000001
17.517448993250504 0.5148300499999999 -0.5129531400000004 -0.5129867199999999 -9.700000000000002e-07 1.0278176200000007 0.9831333800000003 1.0089664800000002
17.517449589951585 0.4753142099999999 -0.5561228600000003 -0.5561581199999999 -1.0100000000000003e-06 1.0314732200000007 0.9891106600000003 1.0136015600000001
17.735487540035102 0.4782438699999999 -0.5556059600000003 -0.5556401599999998 -1.0700000000000003e-06 1.0338849800000007 0.9913123600000002 1.0159247
17.7354879670701 0.4841039499999999 -0.5545719600000003 -0.5546039599999998 -1.1900000000000003e-06 1.0387089800000007 0.9957155600000003 1.02057114
17.84487303781676 0.4755366699999999 -0.5573007400000003 -0.5573323999999998 -1.2300000000000003e-06 1.0328701800000006 0.9901436200000002 1.01484492
17.844873535570613 0.4584006699999999 -0.5627599000000003 -0.5627908399999998 -1.3100000000000004e-06 1.0211926600000005 0.9789998600000003 1.0033926
17.96702507294337 0.4585448299999999 -0.5666682600000004 -0.5666999199999998 -1.3300000000000004e-06 1.0252459200000006 0.9824469200000002 1.00719012
17.96702519065932 0.4707056299999999 -0.5432157400000004 -0.5432473999999998 -1.3500000000000004e-06 1.0139542200000007 0.9714045000000002 0.99600358
17.967025639352926 0.4950264699999999 -0.4963109000000004 -0.4963425599999998 -1.3900000000000005e-06 0.9913702600000007 0.9493203400000002 0.97363046
17.967025757068882 0.4953149899999999 -0.5041275000000004 -0.5041606399999998 -1.4300000000000005e-06 0.9994769000000008 0.9562143800000003 0.98122554
18.2692397991557 0.5034634499999999 -0.4966400400000004 -0.4966725799999998 -1.4500000000000005e-06 1.0001373400000009 0.9566303000000003 0.98178282
18.26923980699339 0.4959605299999999 -0.5053778400000004 -0.5054088999999998 -1.4900000000000006e-06 1.001370780000001 0.9584035800000003 0.9832439799999999
18.2692399317489 0.4922103099999999 -0.5097467800000004 -0.5097770999999999 -1.5100000000000006e-06 1.001988780000001 0.9592892800000002 0.9839749199999999
18.26923993958659 0.5085134699999999 -0.4947711000000004 -0.4948002599999999 -1.5900000000000007e-06 1.0033151800000009 0.9601205600000002 0.9850924399999998
18.35142428221176 0.5111447399999999 -0.4893712800000004 -0.48940215999999986 -1.6000000000000006e-06 1.0005483700000009 0.9572481900000003 0.9822810899999999
18.351424571064204 0.5164082599999998 -0.4785715200000004 -0.4786058799999999 -1.6200000000000006e-06 0.9950156500000008 0.9515034500000003 0.9766589299999998
18.414616046680038 0.5191939499999998 -0.4723063700000004 -0.47234161999999985 -1.6300000000000005e-06 0.9915370900000008 0.9479509400000002 0.9731491699999998
18.41461632101469 0.5247651299999998 -0.4597759900000004 -0.4598130799999999 -1.6500000000000005e-06 0.9845797500000008 0.9408459600000002 0.9661295499999998
18.881755582705864 0.5334737099999998 -0.4541937500000004 -0.45423093999999986 -1.6900000000000005e-06 0.9877062100000008 0.9436241400000002 0.9691090899999998
18.881755590543555 0.5235702699999998 -0.4652690300000004 -0.46530381999999987 -1.7300000000000006e-06 0.9888757300000008 0.9453037400000002 0.9704938099999998
18.88175568972233 0.5186180299999997 -0.4708063900000004 -0.47084001999999986 -1.7500000000000006e-06 0.9894597100000009 0.9461435000000001 0.9711856899999998
18.88175569756002 0.5360363099999997 -0.4596416700000004 -0.4596755399999999 -1.8300000000000007e-06 0.9957135500000008 0.9516995400000001 0.9771451299999998
18.939210650773994 0.5428514499999998 -0.4540395500000004 -0.4540752399999999 -1.8500000000000007e-06 0.9969284100000009 0.9527665600000002 0.9782976299999998
18.93921074011305 0.5430464099999998 -0.4553868700000004 -0.45542457999999986 -1.8700000000000007e-06 0.9984727300000009 0.9544994600000002 0.9799215099999998
18.939211460384556 0.5434372899999997 -0.4580814300000004 -0.45812321999999983 -1.9100000000000008e-06 1.001562290000001 0.9579647400000002 0.9831695899999998
18.93921154972361 0.5570709299999997 -0.4468773900000004 -0.44692269999999984 -1.950000000000001e-06 1.003995450000001 0.9600985400000002 0.9854764699999998
19.05524208634813 0.5673170799999997 -0.4397186300000004 -0.43976434999999986 -2.0100000000000007e-06 1.0070833200000011 0.9622844300000002 0.9881838199999998
19.055242513705032 0.5878080799999997 -0.4254012500000004 -0.42544776999999984 -2.1300000000000008e-06 1.013257860000001 0.9666560300000002 0.9935977599999998
19.07009058474014 0.5926877299999997 -0.4090745900000004 -0.4091211399999998 -2.160000000000001e-06 1.001810880000001 0.9552625100000002 0.9821733399999998
19.11057972729635 0.6004195699999998 -0.4016711900000004 -0.4017132399999998 -2.2200000000000008e-06 1.002134880000001 0.9557632700000002 0.9825719199999998
19.140318561911446 0.6080635099999998 -0.4008348500000004 -0.4008824199999998 -2.2800000000000006e-06 1.008948120000001 0.9620878700000002 0.9891789999999998
19.147124939856877 0.6344524099999999 -0.36432208000000044 -0.3643695699999998 -2.2900000000000005e-06 0.998824170000001 0.9514017800000002 0.9788178999999998
19.147125555650106 0.6872314899999998 -0.29129482000000045 -0.2913421699999998 -2.3100000000000003e-06 0.978575870000001 0.9300289800000002 0.9580951999999998
19.525379983546472 0.6886622299999998 -0.28928292000000044 -0.2893287499999998 -2.33e-06 0.9779932100000011 0.9294322800000002 0.9575066199999999
19.525380055897084 0.6948901699999999 -0.2835038000000004 -0.2835509699999998 -2.35e-06 0.978443390000001 0.9296745800000003 0.9578690999999999
19.525380793157034 0.7073460099999999 -0.2719454000000004 -0.2719953299999998 -2.39e-06 0.979343590000001 0.9301593400000002 0.9585940199999999
19.525380865507646 0.7102060499999998 -0.2679214800000004 -0.2679683699999998 -2.43e-06 0.9781767100000011 0.9289668600000002 0.95741634
19.60023763460812 0.6936044699999998 -0.28814640000000036 -0.28819370999999977 -2.61e-06 0.9818005900000011 0.9330817800000002 0.9612474
19.825525304856484 0.6968008099999998 -0.28482316000000035 -0.2848715099999998 -2.63e-06 0.981674750000001 0.9329719800000001 0.9611283199999999
19.825525391602923 0.6970717499999999 -0.2867144800000003 -0.2867628699999998 -2.6499999999999996e-06 0.9838370900000011 0.9350235000000001 0.9632438999999999
19.82552587126604 0.6976241899999999 -0.29049708000000035 -0.29054574999999977 -2.6899999999999997e-06 0.9881724500000011 0.9391265800000002 0.9674812599999999
19.82552595801248 0.7040195899999999 -0.28385068000000035 -0.2839013499999998 -2.7299999999999997e-06 0.9879234900000011 0.9389071000000001 0.9672447399999999
19.830997336638905 0.7181173099999999 -0.2656271200000003 -0.2656781499999998 -2.7899999999999995e-06 0.9837980700000011 0.9348666400000001 0.9631552
19.93237733815271 0.7196451899999999 -0.2644942600000003 -0.2645447499999998 -2.8099999999999994e-06 0.984192570000001 0.93526052 0.96354944
19.932377838780106 0.7227007499999999 -0.2622283800000003 -0.2622777099999998 -2.8499999999999994e-06 0.9849811300000011 0.93604864 0.9643378
19.940382854915057 0.7200847499999999 -0.2718132000000003 -0.2718596499999998 -2.9099999999999992e-06 0.9919471300000011 0.9427363599999999 0.97118638
19.962116120118242 0.7236466699999999 -0.2695574200000003 -0.2696054299999998 -2.929999999999999e-06 0.9932548500000011 0.9438779599999999 0.9724240200000001
19.962116670802587 0.7307699499999999 -0.26504578000000034 -0.2650968699999998 -2.969999999999999e-06 0.9958696100000012 0.9461622799999999 0.9748993800000001
20.32811000371109 0.7268538899999999 -0.26967392000000034 -0.26972392999999983 -3.009999999999999e-06 0.9965806500000012 0.9470148599999999 0.9756701400000001
20.32811001154878 0.7211884499999999 -0.27746076000000036 -0.27751044999999985 -3.0899999999999992e-06 0.9987018100000011 0.9489460599999999 0.97771114
20.328110078751322 0.7183563899999998 -0.28135398000000034 -0.28140352999999985 -3.149999999999999e-06 0.9997628900000012 0.94991162 0.9787319200000001
20.328110086589014 0.7105239099999998 -0.2906106200000003 -0.29065800999999986 -3.229999999999999e-06 1.0011849700000013 0.95161686 0.9802734800000001
20.44468007406196 0.7126014699999998 -0.2878953800000003 -0.28794382999999985 -3.249999999999999e-06 1.0005483700000013 0.95102264 0.9796547600000002
20.4446806179435 0.7167645099999999 -0.2824647000000003 -0.2825152699999998 -3.289999999999999e-06 0.9992828900000013 0.94982824 0.9784192800000002
20.474418899281638 0.7146637699999998 -0.2873879200000003 -0.2874386099999998 -3.309999999999999e-06 1.0021055100000014 0.9526135 0.9812261400000002
20.474419406711835 0.7104609699999999 -0.2972343600000003 -0.2972853299999998 -3.349999999999999e-06 1.0077494700000014 0.95818454 0.9868393400000002
20.497678552292886 0.7110270699999999 -0.2971315600000003 -0.2971839099999998 -3.389999999999999e-06 1.0082141900000015 0.95865632 0.9873070400000001
20.497678591237605 0.7098018299999999 -0.2982517400000003 -0.2983029499999998 -3.429999999999999e-06 1.0081080300000014 0.9586222 0.9872312800000002
20.497679007237373 0.7074534699999998 -0.3004922200000003 -0.3005411899999998 -3.509999999999999e-06 1.0079979500000014 0.95855496 0.9871392800000002
20.497679046182093 0.7085867899999998 -0.30028642000000033 -0.3003382299999998 -3.589999999999999e-06 1.0089284300000014 0.9594974399999999 0.9880748400000001
20.551570372959763 0.7106177699999998 -0.2985324800000003 -0.2985850099999998 -3.609999999999999e-06 1.0092062300000015 0.9597749999999999 0.9883525400000002
20.55157038525215 0.7120337899999998 -0.29884854000000033 -0.2989026699999998 -3.6299999999999987e-06 1.0109399100000016 0.9613818199999999 0.9900327000000002
20.55157129441385 0.7148408299999998 -0.29948074000000036 -0.2995380699999998 -3.6699999999999987e-06 1.0143823900000015 0.9646299399999999 0.9933931800000002
20.551571306706233 0.7189040299999998 -0.29597274000000034 -0.2960316299999998 -3.7099999999999988e-06 1.0149391900000015 0.9651839799999999 0.9939488200000002
20.629668406571355 0.7220283899999999 -0.29277496000000036 -0.2928347299999998 -3.749999999999999e-06 1.0148666700000015 0.9650588999999999 0.9938541400000002
20.62966850803613 0.7241681699999999 -0.29106850000000034 -0.29112944999999985 -3.789999999999999e-06 1.0153012100000016 0.96546764 0.9942778000000002
20.629668861515842 0.7284476899999999 -0.28765538000000035 -0.28771864999999985 -3.8699999999999985e-06 1.0161700100000015 0.9662850799999999 0.9951249200000002
20.629668962980617 0.7347275299999999 -0.2812598200000003 -0.2813250099999999 -3.949999999999999e-06 1.0160562500000014 0.9660348799999999 0.9949536000000002
20.79226051077761 0.7377556099999999 -0.27625672000000034 -0.2763234099999999 -4.009999999999999e-06 1.0140827900000013 0.9638684599999999 0.9928987200000002
20.792671073531018 0.7375809299999999 -0.27715840000000036 -0.27722640999999987 -4.0499999999999985e-06 1.0148111500000014 0.96470282 0.9936718000000002
20.792671551386086 0.73723133 -0.27896172000000036 -0.27903228999999985 -4.1299999999999986e-06 1.0162675100000014 0.9663712999999999 0.9952176400000002
20.82237166619746 0.72360971 -0.29483796000000034 -0.2949153099999998 -4.189999999999999e-06 1.0185289700000013 0.9686439199999999 0.9974837800000003
20.902056622132747 0.7255513899999999 -0.2939574800000003 -0.29403622999999984 -4.209999999999999e-06 1.0195915900000012 0.9695985399999999 0.9985008400000003
20.902057069066526 0.7294328699999999 -0.2921964800000003 -0.29227806999999983 -4.249999999999998e-06 1.0217149900000013 0.9715098999999999 1.0005347600000003
20.960881656503055 0.7317600299999999 -0.29031950000000034 -0.29040120999999985 -4.369999999999998e-06 1.0221653500000014 0.9718248399999999 1.0009280000000003
21.168027957670304 0.7307335499999998 -0.2911241200000003 -0.29120642999999985 -4.409999999999998e-06 1.0219441300000014 0.9716589199999999 1.0007301000000002
21.168028052164864 0.7319443099999998 -0.2900653800000003 -0.29014906999999984 -4.449999999999997e-06 1.0220975700000015 0.9718208799999999 1.0008871400000001
21.168028061561373 0.7343681899999999 -0.28794786000000033 -0.28803430999999985 -4.529999999999997e-06 1.0224067700000015 0.9721447999999999 1.0012025400000002
21.168028156055932 0.7323141499999999 -0.28955734000000033 -0.28964490999999987 -4.609999999999997e-06 1.0219633700000015 0.9718147199999999 1.0008069400000001
21.176404278414584 0.7325507499999999 -0.2897861000000003 -0.2898751099999999 -4.629999999999997e-06 1.0224301900000015 0.97231138 1.00128634
21.176404526575773 0.73302083 -0.29024358000000033 -0.2903355499999999 -4.669999999999997e-06 1.0233607500000015 0.9733080599999999 1.00224478
21.23959600219161 0.72912691 -0.2949408200000003 -0.2950326899999999 -4.689999999999997e-06 1.0241639900000015 0.9741939599999999 1.0030829
21.239596317217515 0.7213351499999999 -0.3043355800000003 -0.3044271299999999 -4.729999999999996e-06 1.0257667100000014 0.9759657599999999 1.00475694
21.278627321930124 0.7244812899999999 -0.3005411600000003 -0.3006328899999999 -4.749999999999996e-06 1.0251186300000015 0.9753251 1.0041120000000001
21.278627866883696 0.73077333 -0.2929522800000003 -0.29304452999999986 -4.789999999999996e-06 1.0238223500000014 0.9740433 1.0028218400000002
21.388012937630357 0.72926261 -0.2960025600000003 -0.2960966899999999 -4.8099999999999955e-06 1.0253637900000014 0.9755329399999999 1.0043414400000001
21.388013317465628 0.72624149 -0.3021030400000003 -0.3022008499999999 -4.849999999999995e-06 1.0284469100000015 0.9785120599999999 1.0073806800000003
21.459898648320856 0.7277651700000001 -0.3005755600000003 -0.3006742499999999 -4.869999999999995e-06 1.0284440100000016 0.97848708 1.0073684600000004
21.459899282227486 0.73081269 -0.2975205600000003 -0.2976211299999999 -4.9099999999999945e-06 1.0284384500000017 0.9784369599999999 1.0073441000000003
21.51953245249795 0.73206147 -0.2987932200000003 -0.2988955299999999 -4.969999999999995e-06 1.0309616900000016 0.9809317 1.0098553400000003
21.63189897217559 0.73039961 -0.3010285400000003 -0.3011335099999999 -5.009999999999994e-06 1.0315378500000016 0.98154182 1.0104458200000004
21.63189948880338 0.72706037 -0.3054991000000003 -0.3056089099999999 -5.0899999999999945e-06 1.0326740900000015 0.98276482 1.0116186600000003
21.69210970859887 0.7335441500000001 -0.2988182200000003 -0.2989301299999999 -5.149999999999995e-06 1.0324791500000015 0.9825105399999999 1.0113987000000004
21.723781914955225 0.7305228500000001 -0.3036124600000003 -0.3037244299999999 -5.1699999999999945e-06 1.0342521500000015 0.9842437599999999 1.0131549200000005
21.72378244147757 0.7244797300000001 -0.3132012200000003 -0.3133132299999999 -5.1699999999999945e-06 1.0377978700000015 0.9877099199999999 1.0166670800000006
21.752405661181264 0.7237833700000001 -0.3143998000000003 -0.3145132699999999 -5.189999999999994e-06 1.0383015500000015 0.9882019999999999 1.0171658600000006
21.75240573362888 0.7256751100000002 -0.31155898000000026 -0.3116728899999999 -5.209999999999994e-06 1.0373529300000015 0.9872324399999999 1.0162084000000007
21.752406227590825 0.7294563500000002 -0.30587730000000024 -0.30599228999999994 -5.249999999999994e-06 1.0354536100000016 0.9852936399999999 1.0142924000000006
21.752406300038437 0.7280685500000001 -0.30827450000000023 -0.30839240999999995 -5.289999999999993e-06 1.0364659700000016 0.9862777999999999 1.0152928400000008
21.755139387961272 0.7259750300000002 -0.3108959200000002 -0.31101600999999995 -5.309999999999993e-06 1.0369960700000016 0.9868263799999999 1.0158307400000008
21.755139507430428 0.7336789300000002 -0.2998916200000002 -0.30001196999999996 -5.329999999999993e-06 1.0336959500000016 0.9832834999999999 1.0124282000000009
21.755140197571833 0.7490912500000002 -0.2778829400000002 -0.27800384999999994 -5.369999999999993e-06 1.0271001900000016 0.9761977399999998 1.005625720000001
21.75514031704099 0.7448936900000002 -0.2831259400000002 -0.28325112999999996 -5.409999999999992e-06 1.0281499500000015 0.9772950199999998 1.006695520000001
21.774131287312294 0.7542975500000002 -0.27062848000000017 -0.27075265 -5.4699999999999925e-06 1.0250553900000015 0.9743148199999998 1.003649200000001
21.78891998357104 0.7533129500000002 -0.2715622200000002 -0.27168745 -5.489999999999992e-06 1.0250056100000013 0.9743423999999998 1.003632060000001
21.788920362942914 0.7513425100000002 -0.2734297400000002 -0.27355709 -5.529999999999992e-06 1.0249048500000013 0.9743977199999998 1.003597140000001
21.80758419052196 0.7522345900000001 -0.2740178000000002 -0.27414311 -5.589999999999992e-06 1.0263830100000013 0.9759866999999998 1.005122040000001
21.843037563902328 0.7505497300000001 -0.2767035800000002 -0.27683333000000004 -5.709999999999992e-06 1.0273884900000012 0.9771565799999997 1.006196880000001
21.847617682695155 0.7491109300000002 -0.27945764000000023 -0.27958793000000004 -5.769999999999992e-06 1.0287042900000012 0.9785780999999997 1.007557260000001
21.85211183855875 0.7483863900000002 -0.28065766000000025 -0.28078859000000006 -5.789999999999992e-06 1.0291804300000011 0.9790288999999996 1.0080227000000008
21.852112022373966 0.7469383100000002 -0.28305758000000025 -0.2831897500000001 -5.829999999999992e-06 1.030133550000001 0.9799307399999997 1.0089541800000008
21.864404386263658 0.7475438100000003 -0.2826875600000002 -0.28282095000000007 -5.8499999999999914e-06 1.0303702900000011 0.9801883199999997 1.0091997000000008
21.864404469228216 0.7493630100000003 -0.2808969400000002 -0.2810298500000001 -5.869999999999991e-06 1.0303984100000012 0.9800689199999997 1.0091655800000008
21.86440519587422 0.7530001700000003 -0.2773157000000002 -0.2774474900000001 -5.909999999999991e-06 1.0304532900000012 0.9798298399999997 1.0090964200000008
21.864405278838774 0.7541991700000003 -0.2765756600000002 -0.2767098500000001 -5.9499999999999905e-06 1.0309146500000013 0.9803614799999998 1.0095874200000008
21.89228140880445 0.7553762700000003 -0.2750064800000002 -0.2751409900000001 -5.96999999999999e-06 1.0305229100000013 0.9799122199999998 1.0091714200000008
21.892281484440396 0.7553286500000003 -0.2754972200000002 -0.2756326300000001 -6.00999999999999e-06 1.0309669700000013 0.9803618799999998 1.0096178400000009
21.892282330258535 0.7552336500000003 -0.2764788600000002 -0.2766158700000001 -6.0499999999999895e-06 1.0318552900000013 0.9812613199999998 1.010510840000001
21.892282405894484 0.7575384500000003 -0.27334046000000023 -0.2734781500000001 -6.089999999999989e-06 1.0310224100000014 0.9803625999999998 1.009650160000001
21.910809420519918 0.7591579100000003 -0.27183230000000025 -0.27196807000000006 -6.149999999999989e-06 1.0311318500000013 0.9804015399999998 1.009729840000001
21.944369496975547 0.7589805500000003 -0.27240040000000026 -0.27253699000000003 -6.169999999999989e-06 1.0315234300000014 0.9808571599999998 1.010148440000001
21.94436950481324 0.7638882700000003 -0.26794964000000027 -0.26808567000000005 -6.209999999999989e-06 1.0319798300000014 0.9809898799999998 1.0104682800000009
21.944369568844742 0.7663317700000003 -0.2657243200000003 -0.26586021000000004 -6.229999999999989e-06 1.0321978900000013 0.9810571199999998 1.0106227200000009
21.944369576682433 0.7659784500000003 -0.2668606000000003 -0.26699781000000006 -6.269999999999988e-06 1.0329822100000012 0.9819683999999997 1.0114606000000008
21.963919941576727 0.7703135100000003 -0.2575975600000003 -0.25773903000000004 -6.389999999999988e-06 1.0280585500000012 0.9769820399999998 1.0065104800000009
21.9803657393959 0.7678395500000003 -0.2596933200000003 -0.25983585000000003 -6.409999999999988e-06 1.0276814300000012 0.9766018799999998 1.0061320800000009
21.980365853596155 0.7644147300000003 -0.2635944600000003 -0.26373761 -6.4299999999999876e-06 1.0281583900000013 0.9771905799999998 1.006656180000001
21.98036637330253 0.7575651700000002 -0.2713967800000003 -0.27154121000000003 -6.469999999999987e-06 1.0291124700000014 0.9783679399999998 1.007704460000001
21.980366487502785 0.7526164100000002 -0.2755881800000003 -0.27573481000000005 -6.509999999999987e-06 1.0283573500000014 0.9776079399999998 1.0069473000000009
22.02913019108836 0.7517462300000002 -0.2777017400000003 -0.27785011000000004 -6.509999999999987e-06 1.0296024700000015 0.9788559399999999 1.0081936200000008
22.044306030475077 0.7493533100000002 -0.2840966000000003 -0.28424953000000003 -6.509999999999987e-06 1.0336089700000015 0.9827024799999998 1.0121326800000008
22.067897564101578 0.7505315300000002 -0.2826757400000003 -0.28283653000000003 -6.569999999999987e-06 1.0333742500000016 0.9825504399999998 1.0119328200000008
22.104191232460714 0.7502351900000002 -0.2833821400000003 -0.28354313000000003 -6.589999999999987e-06 1.0337845300000017 0.9830007999999998 1.0123600000000008
22.104191866367344 0.7496480300000001 -0.2847949400000003 -0.28495633000000004 -6.6299999999999865e-06 1.0346106100000017 0.9839013599999998 1.0132175200000009
22.148829907828613 0.7480952300000001 -0.28745012000000025 -0.28760977000000004 -6.689999999999987e-06 1.0357113700000016 0.9851028599999998 1.0143607600000009
22.178440595960808 0.7449450300000001 -0.29135266000000026 -0.29151193000000003 -6.709999999999987e-06 1.0364633500000016 0.9859792199999998 1.0151652200000008
22.178440731742334 0.7444666500000001 -0.29255478000000024 -0.29271409000000004 -6.729999999999986e-06 1.0371871500000016 0.9866744199999998 1.0158769600000008
22.17844085642325 0.7435082100000001 -0.2949589400000002 -0.29511833000000004 -6.769999999999986e-06 1.0386329900000015 0.9880672599999998 1.0173004400000007
22.17844099220478 0.7372079300000001 -0.30276414000000024 -0.30292293000000003 -6.809999999999986e-06 1.0401373500000015 0.9898199799999998 1.0189095600000007
22.18951934701327 0.7314409700000001 -0.31289946000000024 -0.31306203000000005 -6.869999999999986e-06 1.0445095500000015 0.9943302999999998 1.0233400200000007
22.21806830057048 0.7300382500000001 -0.3147363600000002 -0.31489981000000006 -6.9099999999999855e-06 1.0449446300000014 0.9948313199999997 1.0238029200000007
22.21806880896501 0.7272502500000001 -0.3184102000000002 -0.31857541000000006 -6.989999999999986e-06 1.0458322700000013 0.9958094399999997 1.0247287200000008
22.24295637460093 0.7268050100000001 -0.3192735400000002 -0.31943955000000007 -7.029999999999985e-06 1.0462512100000014 0.9961489199999997 1.0251141400000008
22.2429565359542 0.7318886500000001 -0.3117976800000002 -0.31196425000000005 -7.049999999999985e-06 1.0438595700000015 0.9936114999999996 1.0226610000000007
22.24295700850756 0.7420308900000001 -0.2968458800000002 -0.29701357000000006 -7.129999999999985e-06 1.0390511700000016 0.9885361399999997 1.0177400000000008
22.24295716986083 0.7411246500000002 -0.29857268000000015 -0.2987419700000001 -7.209999999999985e-06 1.0398733700000016 0.9892337399999996 1.0185096400000007
22.28408398112134 0.7424693900000001 -0.29706656000000015 -0.2972353900000001 -7.209999999999985e-06 1.0397115500000016 0.9890449599999996 1.0183364400000006
22.28408404861294 0.7431166500000002 -0.29684404000000014 -0.2970124700000001 -7.229999999999985e-06 1.0401359100000016 0.9895012799999996 1.0187743000000005
22.284084241583788 0.7444108900000002 -0.29639884000000016 -0.2965664300000001 -7.269999999999985e-06 1.0409841500000017 0.9904138799999996 1.0196497000000004
22.284084309075382 0.7471011300000001 -0.2933866800000002 -0.2935533100000001 -7.309999999999984e-06 1.0406613100000017 0.9900355999999997 1.0193034600000004
22.287954260719864 0.7533350700000001 -0.2875300800000002 -0.2876964100000001 -7.3699999999999845e-06 1.0410384100000016 0.9903202999999997 1.0196416200000005
22.30131404678496 0.7560330900000001 -0.28427880000000016 -0.2844447100000001 -7.489999999999984e-06 1.0404848500000017 0.9900118999999997 1.0191915000000005
22.30995123511686 0.75306733 -0.28900558000000015 -0.2891727100000001 -7.489999999999984e-06 1.0422470900000016 0.9918097999999997 1.0209687800000005
22.309951769872455 0.74713605 -0.29845930000000015 -0.2986289500000001 -7.489999999999984e-06 1.0457720900000016 0.9954050799999997 1.0245234200000004
22.334371298867097 0.74349231 -0.3025167400000002 -0.3026885700000001 -7.509999999999984e-06 1.0461879900000015 0.9959996399999997 1.0250147000000005
22.334371344782035 0.73906433 -0.3080491000000002 -0.3082211300000001 -7.529999999999984e-06 1.0472925900000014 0.9971541999999998 1.0261403800000004
22.33437185546148 0.7302066500000001 -0.3191140600000002 -0.31928649000000014 -7.5699999999999834e-06 1.0495003100000013 0.9994637599999998 1.0283910600000004
22.334371901376414 0.7229207700000001 -0.3272289000000002 -0.32740569000000014 -7.609999999999983e-06 1.0503337100000014 1.0006529599999998 1.0293745400000003
22.53003743303477 0.7222860500000001 -0.3277682800000002 -0.3279452900000001 -7.629999999999983e-06 1.0502386100000014 1.0006218999999998 1.0293064600000004
22.530037473044075 0.7237286500000001 -0.3267316400000002 -0.32691329000000013 -7.669999999999982e-06 1.0506492500000013 1.0010753 1.0297351400000003
22.530037489826878 0.7244299300000001 -0.3262134200000002 -0.3263973900000001 -7.689999999999982e-06 1.0508346500000012 1.00130196 1.0299379600000003
22.53003752983618 0.7231609300000001 -0.3272922600000002 -0.3274767100000001 -7.729999999999982e-06 1.050645010000001 1.00124 1.0298022000000002
22.590250584087112 0.7232391300000002 -0.32748124000000023 -0.3276655900000001 -7.749999999999982e-06 1.0509121100000012 1.00143874 1.0300404600000002
22.590250651831276 0.7232199500000002 -0.3271511600000002 -0.32733609000000014 -7.769999999999982e-06 1.0505634500000012 1.00101646 1.0296607400000002
22.5902515055412 0.7231752300000002 -0.3264908800000002 -0.3266770900000001 -7.809999999999981e-06 1.0498597700000012 1.00017194 1.0288976200000002
22.59025157328536 0.7233301900000002 -0.3268688800000002 -0.3270548900000001 -7.84999999999998e-06 1.0503926100000012 1.00056906 1.02937322
22.684928466386417 0.7238040500000003 -0.3266922400000002 -0.3268785100000001 -7.86999999999998e-06 1.050690130000001 1.00082324 1.02965246
22.684929100293047 0.7247485700000003 -0.3263389600000002 -0.32652583000000013 -7.90999999999998e-06 1.051282050000001 1.0013317199999998 1.0302091800000002
22.709104599260087 0.7305565700000003 -0.3192016000000002 -0.31939567000000013 -7.96999999999998e-06 1.049959950000001 0.9998744999999998 1.02883008
22.716550547604264 0.7364635100000003 -0.3125026600000002 -0.31269589000000014 -8.029999999999979e-06 1.049167170000001 0.9988295999999998 1.0279309200000002
22.77344389027437 0.7363852300000003 -0.3128291800000002 -0.31302385000000016 -8.049999999999979e-06 1.0494168700000008 0.9991153599999998 1.0281958400000002
22.773443963896764 0.7355857900000004 -0.3140731000000002 -0.3142681700000002 -8.069999999999979e-06 1.0498617700000008 0.9995603199999998 1.0286407600000003
22.773444456683926 0.7339871100000004 -0.3165609800000002 -0.31675693000000016 -8.109999999999978e-06 1.0507518900000008 1.0004501999999997 1.0295308000000003
22.77344453030632 0.7338331500000004 -0.3172139400000002 -0.31741273000000014 -8.149999999999978e-06 1.0512537700000009 1.0010215999999998 1.0300620000000003
22.79619723126532 0.7373107500000003 -0.3139324800000002 -0.31413367000000014 -8.209999999999977e-06 1.051452370000001 1.0011490399999998 1.0302305400000002
22.800987547556684 0.7345272900000004 -0.3186141600000002 -0.31881751000000014 -8.209999999999977e-06 1.0533527500000008 1.0030704199999998 1.0321398000000002
22.802188236790812 0.7369134500000004 -0.3163709000000002 -0.31657353000000016 -8.229999999999977e-06 1.0534949500000008 1.0030454799999997 1.0322115
22.80218855102868 0.7416609700000004 -0.31188430000000017 -0.3120854100000002 -8.309999999999976e-06 1.0537543900000008 1.0029942399999998 1.0323399
22.826035926470652 0.7386135900000004 -0.3158636200000002 -0.3160650300000002 -8.329999999999976e-06 1.0546866500000007 1.0040165399999998 1.03331014
22.826036360069864 0.7325781100000004 -0.3238225800000002 -0.3240245100000002 -8.369999999999976e-06 1.0566107300000007 1.0060626599999998 1.0352857
22.886973174827485 0.7330904700000004 -0.3235033000000002 -0.3237063700000002 -8.389999999999976e-06 1.0568049700000006 1.0061871199999999 1.0354505
22.886973226602418 0.7322810100000003 -0.3249476600000002 -0.3251491100000002 -8.409999999999975e-06 1.0574382900000006 1.0068553599999999 1.03609854
22.88697409628157 0.7306582100000003 -0.3278364600000002 -0.3280345900000002 -8.449999999999975e-06 1.0587010100000005 1.0081934399999999 1.03739306
22.886974148056506 0.7316826900000003 -0.3271977800000002 -0.3273982300000002 -8.489999999999975e-06 1.0590891300000005 1.00844232 1.0377224600000001
22.897536120372667 0.7286967900000003 -0.3305450600000002 -0.33074473000000015 -8.549999999999974e-06 1.0594497300000005 1.0088880599999999 1.038119
22.934178098039496 0.7271201700000003 -0.3323004200000002 -0.33250021000000013 -8.569999999999974e-06 1.0596286100000005 1.00903448 1.03828418
22.93417846085699 0.7239637300000002 -0.3358111800000002 -0.3360112100000001 -8.609999999999973e-06 1.0599832500000006 1.00932876 1.03861334
22.951122723197443 0.7238241700000002 -0.3352060800000002 -0.3354059900000001 -8.669999999999973e-06 1.0592385300000007 1.00845966 1.03781612
22.955355117793893 0.7242064900000003 -0.3363226800000002 -0.3365231300000001 -8.729999999999972e-06 1.0607380500000008 1.00998612 1.03932704
22.95802583629896 0.7230784100000003 -0.3374498600000002 -0.3376509700000001 -8.749999999999972e-06 1.0607378300000008 1.0100714 1.0393629000000002
22.958026221318544 0.7207526500000003 -0.3397041800000002 -0.3399066500000001 -8.789999999999972e-06 1.0606677900000008 1.0102415599999999 1.0393941800000002
23.137127575690698 0.7204308700000003 -0.3403549800000002 -0.34055719000000007 -8.809999999999972e-06 1.0609965700000008 1.0105698399999998 1.0397227400000002
23.13712804597984 0.7197873100000003 -0.3416565800000002 -0.34185819000000006 -8.849999999999971e-06 1.061654050000001 1.0112263599999998 1.0403798200000003
23.160104427989456 0.7192888700000003 -0.3424411400000002 -0.3426435500000001 -8.869999999999971e-06 1.061940990000001 1.0115679199999998 1.0406898000000002
23.160105027997105 0.7182963500000002 -0.3440103800000002 -0.34421415000000005 -8.90999999999997e-06 1.0625191100000009 1.0122513999999998 1.0413123600000003
23.189843309335238 0.7168793300000003 -0.3461376200000002 -0.3463410900000001 -8.92999999999997e-06 1.0632290500000008 1.0130329399999998 1.0420525000000003
23.189843760639334 0.7140463300000003 -0.3503920600000002 -0.35059489000000005 -8.96999999999997e-06 1.0646499300000007 1.0145955399999997 1.0435331800000003
23.23527443274562 0.7148692900000003 -0.34934290000000023 -0.34954721000000005 -8.98999999999997e-06 1.0644252300000008 1.0145060799999996 1.0433655400000004
23.235274723802554 0.7165167300000004 -0.34724446000000025 -0.34745177000000005 -9.02999999999997e-06 1.0639772700000008 1.0143279599999997 1.0430314200000004
23.246513116726497 0.7168909500000004 -0.34701500000000024 -0.34722307 -9.04999999999997e-06 1.0641228100000009 1.0144796799999998 1.0431795600000004
23.246513571226206 0.7176426700000004 -0.34655608000000027 -0.34676563000000005 -9.089999999999969e-06 1.064417170000001 1.0147829199999998 1.0434776800000005
23.25552864110063 0.7176506900000004 -0.34678528000000025 -0.34699501000000005 -9.129999999999968e-06 1.064654610000001 1.0149322799999998 1.0436779600000006
23.255528715360732 0.7176865100000004 -0.34566620000000026 -0.34587593000000005 -9.149999999999968e-06 1.063571370000001 1.0139014399999997 1.0426168200000006
23.255529562554717 0.7177649900000004 -0.34342808000000025 -0.3436378500000001 -9.189999999999968e-06 1.061411810000001 1.0118395199999997 1.0404984600000005
23.255529636814817 0.7177824700000004 -0.34388648000000027 -0.34409665000000006 -9.229999999999968e-06 1.061888130000001 1.0121382399999996 1.0408998600000006
23.276528099350344 0.7172382100000004 -0.34486480000000025 -0.34507421000000005 -9.249999999999967e-06 1.0623214500000009 1.0126007799999996 1.0413455000000005
23.276528733256974 0.7161482900000005 -0.34682148000000024 -0.34702933 -9.289999999999967e-06 1.0631866900000009 1.0135254599999997 1.0422358200000006
23.277826656860036 0.7186038300000005 -0.34487016000000026 -0.34507799 -9.309999999999967e-06 1.063690910000001 1.0138832999999996 1.0426782800000005
23.277827305000763 0.7235219500000005 -0.34096744000000023 -0.34117527 -9.349999999999966e-06 1.064706350000001 1.0145941799999996 1.0435652400000006
23.298466199418392 0.7254186700000005 -0.3388515600000002 -0.33905989 -9.369999999999966e-06 1.064487710000001 1.0142805399999997 1.0433065200000007
23.298466471548544 0.7292117900000005 -0.3346196800000002 -0.33482904999999996 -9.409999999999966e-06 1.0640500300000009 1.0136532199999997 1.0427888400000007
23.307565586338896 0.7339391100000004 -0.3284503200000002 -0.32866008999999996 -9.429999999999966e-06 1.0626084100000008 1.0121204599999998 1.0413087800000007
23.30756598950991 0.7433993500000005 -0.3161115600000002 -0.31632220999999994 -9.469999999999965e-06 1.059730810000001 1.0090550199999997 1.0383519400000008
23.30851037793991 0.7448736900000005 -0.31373138000000017 -0.31394220999999994 -9.489999999999965e-06 1.0588251700000009 1.0081167599999996 1.0374325400000008
23.308510568963985 0.7478287300000005 -0.30897090000000016 -0.3091818499999999 -9.529999999999965e-06 1.057019930000001 1.0062307199999996 1.0355932200000009
23.330707629161907 0.7468045100000005 -0.31038398000000017 -0.3105955899999999 -9.549999999999964e-06 1.057409470000001 1.0065926599999995 1.0359711200000008
23.330707817641606 0.7447513500000005 -0.3132101400000002 -0.3134233099999999 -9.589999999999964e-06 1.058184070000001 1.0073218599999996 1.0367265600000009
23.40788267719043 0.7453695500000005 -0.3125434000000002 -0.3127581699999999 -9.609999999999964e-06 1.0581371700000008 1.0072119799999997 1.036653080000001
23.407883043320872 0.7466006300000005 -0.31121008000000017 -0.3114280499999999 -9.649999999999964e-06 1.0580382100000008 1.0069923399999996 1.036503200000001
23.517268114067534 0.7461951700000006 -0.31186948000000014 -0.3120865299999999 -9.669999999999963e-06 1.0582912500000008 1.0072288399999996 1.036749260000001
23.51726867272594 0.7453858900000006 -0.31318820000000014 -0.31340340999999994 -9.709999999999963e-06 1.0587989300000007 1.0077043599999995 1.037243380000001
23.525604811564918 0.7483122500000006 -0.3103706800000001 -0.3105857899999999 -9.749999999999963e-06 1.0589076900000007 1.0076401599999996 1.037279180000001
23.525605453248886 0.7541645700000006 -0.30473564000000014 -0.30495042999999994 -9.789999999999962e-06 1.0591246900000006 1.0075125599999997 1.037350820000001
23.607211036886262 0.7542229100000006 -0.30472560000000015 -0.3049409899999999 -9.829999999999962e-06 1.0591736300000008 1.0075449799999996 1.037392780000001
23.607211068502373 0.7557638900000007 -0.30286190000000013 -0.3030789499999999 -9.869999999999961e-06 1.0588525900000008 1.0072089999999996 1.037065440000001
23.607211140777327 0.7588463300000007 -0.2991344200000001 -0.2993549099999999 -9.909999999999961e-06 1.0582110300000007 1.0065367999999997 1.036410960000001
23.60721117239344 0.7589652100000007 -0.2991143800000001 -0.2993360699999999 -9.98999999999996e-06 1.0583111500000006 1.0066009999999996 1.036495920000001
23.619559791188287 0.7549809900000007 -0.30413776000000015 -0.3043591499999999 -1.000999999999996e-05 1.0593500300000007 1.0077714199999996 1.037590300000001
23.619559913763254 0.7515637900000007 -0.30791310000000016 -0.30813510999999993 -1.004999999999996e-05 1.0597088100000007 1.0082341599999995 1.037992940000001
23.619560221424138 0.7447296300000007 -0.31546386000000015 -0.31568710999999994 -1.0129999999999959e-05 1.0604267300000008 1.0091592399999996 1.038798260000001
23.619560343999108 0.7367719900000007 -0.32551070000000015 -0.3257333499999999 -1.0169999999999959e-05 1.0625153700000007 1.0114851599999997 1.0409870200000009
23.634990523995548 0.7409132300000008 -0.32074830000000015 -0.32096942999999994 -1.0189999999999958e-05 1.0618927300000007 1.0107367199999997 1.0403113000000008
23.63499080710043 0.7492250300000007 -0.31122354000000013 -0.31144174999999996 -1.0229999999999958e-05 1.0606768900000008 1.0092399199999997 1.0389769400000008
23.646419003417805 0.7515443300000008 -0.3089922000000001 -0.30921095 -1.0229999999999958e-05 1.0607654500000008 1.0092504799999997 1.0390325600000008
23.86703124673151 0.7509940300000008 -0.3097943800000001 -0.31001291 -1.0249999999999958e-05 1.0610171300000009 1.0094690999999998 1.0392702800000009
23.867031317068292 0.7517592100000008 -0.3084981000000001 -0.30871833 -1.0289999999999957e-05 1.0604877700000008 1.0090103999999998 1.0387707400000008
23.867031701675998 0.7532956900000007 -0.3059053800000001 -0.30612892999999997 -1.0329999999999957e-05 1.0594349300000008 1.0080934799999997 1.0377752200000008
23.867031772012776 0.7521720900000007 -0.30750986000000013 -0.30773240999999996 -1.0369999999999957e-05 1.0599148500000009 1.0085297999999996 1.0382367400000008
24.04344947316761 0.7553660700000008 -0.3036948800000001 -0.30391937999999996 -1.0429999999999956e-05 1.0592958600000009 1.0077281099999995 1.0375406800000007
24.08803295641487 0.7552143300000008 -0.3040649400000001 -0.30428836 -1.0449999999999956e-05 1.0595131000000009 1.0079478099999994 1.0377589600000006
24.08803344375016 0.7549106500000008 -0.3048050600000001 -0.30502608 -1.0489999999999955e-05 1.0599471800000009 1.0083871699999996 1.0381952800000005
24.117771725088296 0.7549889900000007 -0.3048505400000001 -0.30507296 -1.0509999999999955e-05 1.060072420000001 1.0085360299999995 1.0383304800000004
24.117772289064746 0.7551458300000008 -0.3049415000000001 -0.30516676 -1.0549999999999955e-05 1.0603231000000009 1.0088333899999995 1.0386008400000004
24.141540763478098 0.7546134900000008 -0.3057866400000001 -0.30601219999999996 -1.0549999999999955e-05 1.0606362200000008 1.0091478099999995 1.0389145000000004
24.141540964574673 0.7535487300000008 -0.3074770000000001 -0.30770375999999994 -1.0589999999999955e-05 1.0612630600000008 1.0097755699999995 1.0395417000000005
24.159227545277997 0.7548462300000007 -0.30665518000000014 -0.3068834999999999 -1.0649999999999954e-05 1.0617403600000008 1.0099887499999995 1.0399075800000004
24.204732440190504 0.7537982100000007 -0.30829984000000016 -0.30852827999999993 -1.0669999999999954e-05 1.0623371400000008 1.0105808299999997 1.0405023800000004
24.204732802281026 0.7516910900000007 -0.3115892000000002 -0.3118182399999999 -1.0709999999999953e-05 1.0635200200000008 1.0117648299999997 1.0416857400000004
24.248639681221555 0.7538297900000007 -0.3093766600000002 -0.3096058599999999 -1.0729999999999953e-05 1.0634463600000008 1.0115622499999997 1.0415577000000003
24.248639910246645 0.7581074700000007 -0.3049515400000002 -0.30518109999999987 -1.0769999999999953e-05 1.0632992800000007 1.0111564499999997 1.0413015000000003
24.249985473636517 0.7598774700000007 -0.3040474000000002 -0.3042774399999999 -1.0889999999999953e-05 1.0641657400000006 1.0117589099999997 1.0420565400000004
24.327656408039907 0.7615375100000007 -0.3023540800000002 -0.3025846999999999 -1.0909999999999953e-05 1.0641330800000006 1.0116474499999997 1.0419906400000003
24.32765678636529 0.7648581900000007 -0.2989674800000002 -0.29919925999999986 -1.0949999999999953e-05 1.0640683600000007 1.0114247299999997 1.0418592400000004
24.328919046771667 0.7641567100000006 -0.2996574800000002 -0.29988885999999987 -1.0969999999999953e-05 1.0640564800000007 1.0113939099999996 1.0418393800000003
24.32891936007164 0.7627581900000007 -0.3010376400000002 -0.3012682999999999 -1.1009999999999952e-05 1.0640374000000008 1.0113301899999996 1.0418014600000003
24.35428299868787 0.7616305900000007 -0.3024596200000002 -0.30269069999999987 -1.1029999999999952e-05 1.0643322200000007 1.0116549499999996 1.0421089000000003
24.35428329481147 0.7593753100000007 -0.3053035400000002 -0.3055355399999999 -1.1069999999999952e-05 1.0649218200000008 1.0123045899999996 1.0427238200000004
24.356704734748426 0.7592495100000007 -0.3053984800000002 -0.30562921999999987 -1.1089999999999951e-05 1.0648897200000007 1.0122769299999996 1.0426936000000004
24.356704774757723 0.7600883900000007 -0.3049750400000002 -0.3052058599999999 -1.1129999999999951e-05 1.0653052800000007 1.0126812899999997 1.0431044400000005
24.356704860013018 0.7605202300000007 -0.3047633600000002 -0.3049942799999999 -1.114999999999995e-05 1.0655255600000006 1.0128667899999997 1.0433100400000004
24.35670490002232 0.7602671100000007 -0.3049532000000002 -0.3051816399999999 -1.118999999999995e-05 1.0654598800000006 1.0128114699999997 1.0432487200000005
24.381119523189007 0.7642250500000007 -0.2999792200000002 -0.3002077999999999 -1.118999999999995e-05 1.0644439800000005 1.0116816899999996 1.0421847800000004
24.381120011451543 0.7721270100000007 -0.2900310200000002 -0.29025995999999993 -1.118999999999995e-05 1.0623980600000005 1.0094232899999995 1.0400492200000004
24.40031945551442 0.7735204100000007 -0.2888474400000002 -0.28907465999999993 -1.122999999999995e-05 1.0626061800000004 1.0095522499999996 1.0402239600000005
24.400319575621282 0.7738518900000008 -0.28831530000000016 -0.2885426399999999 -1.126999999999995e-05 1.0624056800000004 1.0093691499999995 1.0400308000000005
24.400319910458904 0.7745188100000008 -0.28725110000000015 -0.2874787199999999 -1.1349999999999949e-05 1.0620087600000003 1.0090007499999996 1.0396459200000006
24.40032003056577 0.7773038500000008 -0.28488386000000016 -0.2851080399999999 -1.1429999999999948e-05 1.0624232000000002 1.0092605899999996 1.0399951600000006
24.434562431336495 0.7769693500000008 -0.28478472000000016 -0.2850100599999999 -1.1449999999999948e-05 1.0619907400000002 1.0088069099999997 1.0395537400000006
24.434562677537958 0.7762977900000008 -0.28458648000000014 -0.2848142199999999 -1.1489999999999948e-05 1.0611233800000002 1.0078993899999997 1.0386694200000006
24.447827689268614 0.7786947100000008 -0.28198532000000015 -0.2822140999999999 -1.1529999999999947e-05 1.06092022 1.0075925699999997 1.0384225200000006
24.447828276215013 0.7835107100000008 -0.27678300000000017 -0.27701377999999993 -1.1609999999999946e-05 1.06053594 1.0069791699999997 1.0379416000000006
24.451891730312777 0.7801465700000009 -0.28110672000000014 -0.28134049999999994 -1.1669999999999946e-05 1.06149858 1.0080307299999998 1.0389417400000005
24.50056179017313 0.7798148100000009 -0.28166948000000014 -0.2819049799999999 -1.1689999999999946e-05 1.06173132 1.0081768299999998 1.0391379200000006
24.500562176632254 0.7791358500000009 -0.28279504000000016 -0.2830338999999999 -1.1729999999999945e-05 1.06218136 1.0084961899999998 1.0395328400000006
24.51792992279497 0.7784350300000008 -0.28377250000000015 -0.2840124999999999 -1.1749999999999945e-05 1.0624591600000002 1.0087710499999998 1.0398094000000007
24.517930101608957 0.7770349500000008 -0.28572738000000014 -0.2859697399999999 -1.1789999999999945e-05 1.0630163600000002 1.0093210099999999 1.0403635200000008
24.530300457970387 0.7769420700000008 -0.2849268600000001 -0.2851690599999999 -1.1809999999999945e-05 1.0621228000000003 1.0084510299999998 1.0394799200000007
24.530301122823005 0.7767573900000008 -0.2833256600000001 -0.2835674999999999 -1.1849999999999944e-05 1.0603365600000003 1.0067102299999997 1.0377128400000006
24.53971070236686 0.7775069500000008 -0.2830963000000001 -0.2833383799999999 -1.1869999999999944e-05 1.0608570200000003 1.0071700299999997 1.0382077200000006
24.53971115857059 0.7790083900000008 -0.2826375400000001 -0.2828800599999999 -1.1909999999999944e-05 1.0619001800000003 1.0080899099999998 1.0391988800000007
24.557092700695044 0.7786318900000008 -0.28320804000000005 -0.2834516599999999 -1.1949999999999943e-05 1.0620953000000004 1.0083245099999998 1.0394106600000008
24.557093224888757 0.7779095700000007 -0.2843490000000001 -0.2845947799999999 -1.2029999999999942e-05 1.0625161400000005 1.0087942299999997 1.039852140000001
24.581131071433212 0.7790312700000007 -0.2825895600000001 -0.2828360799999999 -1.2049999999999942e-05 1.0618791600000006 1.0080793099999996 1.039182280000001
24.581131177480163 0.7812353100000007 -0.27907060000000006 -0.2793185599999999 -1.2089999999999942e-05 1.0605657600000007 1.0067054299999996 1.037843360000001
24.595565491653065 0.7812029700000007 -0.2791487200000001 -0.2793967199999999 -1.2109999999999942e-05 1.0606116000000008 1.0067412099999995 1.037884960000001
24.595565499490753 0.7797050500000007 -0.28092052000000006 -0.2811657199999999 -1.2149999999999941e-05 1.0608827200000008 1.0069146899999994 1.038114880000001
24.59556556636744 0.7789541500000007 -0.28180640000000007 -0.2820502199999999 -1.2169999999999941e-05 1.0610163400000008 1.0070042499999994 1.0382299200000011
24.595565574205132 0.7788871900000007 -0.28196260000000006 -0.2822064599999999 -1.220999999999994e-05 1.0611056600000008 1.0070792099999994 1.038313160000001
24.641556648785283 0.7776594100000007 -0.28291972000000004 -0.28316189999999986 -1.226999999999994e-05 1.060833380000001 1.0070951699999995 1.038162500000001
24.64788478181689 0.7790865100000007 -0.28198222000000006 -0.28222811999999986 -1.226999999999994e-05 1.0613267000000008 1.0074584699999996 1.038600980000001
24.648975651040605 0.7792625500000008 -0.28192026000000003 -0.28216713999999987 -1.228999999999994e-05 1.061441780000001 1.0075548899999995 1.0387081800000009
24.648976169997024 0.7796095500000008 -0.28179634000000003 -0.2820451799999999 -1.232999999999994e-05 1.061666900000001 1.0077560899999995 1.038923180000001
24.727636206811518 0.7815039700000007 -0.27966782 -0.2799175599999999 -1.236999999999994e-05 1.061433720000001 1.0074705499999996 1.0386679200000009
24.727636880014124 0.7852953700000007 -0.27541078 -0.2756623599999999 -1.2449999999999938e-05 1.060970000000001 1.0068995099999996 1.0381589200000008
24.73327375360094 0.7857474100000007 -0.27413422000000004 -0.27438735999999986 -1.2509999999999938e-05 1.060147040000001 1.0060315499999997 1.0373170000000007
24.737513547555263 0.7861156500000007 -0.27380780000000005 -0.2740622799999999 -1.2529999999999938e-05 1.060190220000001 1.0060734099999997 1.0373596200000008
24.737513608724967 0.7865329300000007 -0.2734199600000001 -0.2736732799999999 -1.2549999999999937e-05 1.0602185200000012 1.0060779099999997 1.0373778800000009
24.73751365144633 0.7873698500000007 -0.27264428000000007 -0.2728953199999999 -1.2629999999999937e-05 1.0602775200000012 1.0060882699999998 1.0374163600000008
24.737513712616032 0.7881054500000007 -0.2719914400000001 -0.2722451199999999 -1.2669999999999936e-05 1.0603629600000013 1.0061720299999999 1.0375010800000009
24.769987161393807 0.7897457700000007 -0.2703972600000001 -0.2706522399999999 -1.2689999999999936e-05 1.0604104200000013 1.00612149 1.037507200000001
24.76998724276433 0.7899787900000007 -0.27022454000000007 -0.2704803199999999 -1.2709999999999936e-05 1.0604715400000013 1.00615697 1.037557500000001
24.769987717988194 0.7904449100000007 -0.26987906000000006 -0.2701363999999999 -1.2749999999999936e-05 1.0605937800000014 1.00622773 1.037658020000001
24.76998779935871 0.7937271500000007 -0.26669070000000006 -0.2669506399999999 -1.2789999999999935e-05 1.0606903000000014 1.00612653 1.037671140000001
24.819519306165972 0.7956851100000008 -0.26476906000000006 -0.2650294399999999 -1.2809999999999935e-05 1.0607270600000014 1.00609043 1.037677160000001
24.8195196761135 0.7995985100000007 -0.26092578000000005 -0.26118703999999987 -1.2849999999999935e-05 1.0607980600000013 1.00601831 1.037687800000001
24.851533908540212 0.7996892900000007 -0.26095312000000004 -0.26121323999999985 -1.2869999999999934e-05 1.0609150400000014 1.00611373 1.0377957000000009
24.851534231365836 0.7998882900000006 -0.2610078 -0.2612657999999998 -1.2869999999999934e-05 1.0611666400000013 1.00630477 1.038021740000001
24.879046561223944 0.7979193500000006 -0.26297096000000003 -0.2632278399999998 -1.2889999999999934e-05 1.0611597600000013 1.00631969 1.0380240600000008
24.879046900228126 0.7939737100000006 -0.26689736000000003 -0.26715179999999983 -1.2929999999999934e-05 1.0611381200000014 1.00635049 1.0380245400000008
24.908785181566262 0.7916465700000006 -0.26910032 -0.26935497999999986 -1.2949999999999934e-05 1.0610141800000015 1.00637523 1.0379633400000008
24.90878589387382 0.7869879700000006 -0.2735064 -0.2737614999999999 -1.2989999999999933e-05 1.0607621400000016 1.0064247499999999 1.0378385400000008
24.91472570698167 0.7870148900000007 -0.27360357999999996 -0.2738579799999999 -1.3009999999999933e-05 1.0608855600000016 1.0065192299999999 1.0379497600000007
24.914725947343143 0.7870702100000007 -0.27379793999999996 -0.2740512199999999 -1.3049999999999933e-05 1.0611341600000015 1.0067083499999998 1.0381732800000008
24.917693526769497 0.7890634100000007 -0.27168368 -0.27193711999999987 -1.3069999999999932e-05 1.0610132800000014 1.0065370299999998 1.0380311200000008
24.917693630660565 0.7866538100000007 -0.27440095999999997 -0.27465607999999986 -1.3109999999999932e-05 1.0613227200000015 1.0069568699999998 1.0383871200000008
24.917693647330633 0.7854803300000007 -0.27575955999999996 -0.2760155599999999 -1.3129999999999932e-05 1.0615087400000014 1.0071449099999998 1.0385740000000008
24.9176937512217 0.7894854900000007 -0.27153083999999994 -0.2717871999999999 -1.3169999999999932e-05 1.0612855800000014 1.0068023899999998 1.0383004800000009
24.920993300201012 0.7897823300000006 -0.27078233999999995 -0.2710394799999999 -1.3189999999999931e-05 1.0608347200000015 1.0062963499999997 1.037826340000001
24.920993367474516 0.7890225700000006 -0.27183475999999995 -0.27209151999999986 -1.3209999999999931e-05 1.0611270000000015 1.0065789899999997 1.038114560000001
24.92099386661057 0.7875026900000006 -0.27393967999999996 -0.27419571999999987 -1.324999999999993e-05 1.0617113600000014 1.0071444699999996 1.038690960000001
24.920993933884073 0.7880956100000006 -0.2724426 -0.27270023999999987 -1.328999999999993e-05 1.0608088400000015 1.0061328699999996 1.037742440000001
24.982248771732664 0.7897556900000006 -0.2700699 -0.2703303599999999 -1.334999999999993e-05 1.0600991000000015 1.0052223699999996 1.036948040000001
25.064007925045267 0.7894267300000005 -0.27063561999999997 -0.2708967999999999 -1.336999999999993e-05 1.0603366200000015 1.0054297899999995 1.037172860000001
25.06400839497601 0.7887693700000005 -0.27176705999999995 -0.2720296399999999 -1.340999999999993e-05 1.0608121400000015 1.0058498699999996 1.037624980000001
25.14373775434241 0.7882601100000005 -0.27260987999999997 -0.2728718399999999 -1.3429999999999929e-05 1.0611451000000014 1.0060886499999997 1.037918220000001
25.14373833721802 0.7872463500000005 -0.2742956 -0.2745563199999999 -1.3469999999999929e-05 1.0618158600000014 1.0065661299999997 1.038507460000001
25.15453197488462 0.7874612100000006 -0.27399038 -0.27425263999999994 -1.3489999999999928e-05 1.0617270600000013 1.0065160899999996 1.038435020000001
25.15453204217451 0.7870017700000006 -0.27471112 -0.2749727599999999 -1.3509999999999928e-05 1.0619877600000012 1.0067438899999996 1.038681840000001
25.15453278449518 0.7860849300000006 -0.27615259999999997 -0.2764129999999999 -1.3549999999999928e-05 1.0625112400000012 1.0071986499999996 1.039176320000001
25.154532851785067 0.7865151300000006 -0.27554216 -0.2758053199999999 -1.3589999999999927e-05 1.062333800000001 1.0070993699999997 1.0390318400000012
25.173393465722675 0.7869476900000006 -0.27517442 -0.2754383199999999 -1.3609999999999927e-05 1.062399360000001 1.0070763099999998 1.039060020000001
25.17339392058077 0.7877948100000006 -0.2744389 -0.2747043599999999 -1.3649999999999927e-05 1.062512560000001 1.0070346699999997 1.039107900000001
25.253123407964686 0.7869869500000006 -0.2747753 -0.2750410399999999 -1.3669999999999927e-05 1.062041420000001 1.0066578299999998 1.0386765400000009
25.25312374987792 0.7853739500000007 -0.27544806 -0.2757143199999999 -1.3709999999999926e-05 1.061101740000001 1.0059043099999998 1.037815380000001
25.299379471106835 0.7861845500000006 -0.27458526 -0.2748468399999999 -1.3769999999999926e-05 1.0610448600000009 1.0057068499999997 1.037699220000001
25.306921071762652 0.7835938700000007 -0.27751314 -0.2777751399999999 -1.3829999999999925e-05 1.0613825400000008 1.0061690299999997 1.038089400000001
25.365207715083194 0.7839148500000007 -0.27721538 -0.27747865999999993 -1.3849999999999925e-05 1.0614070600000007 1.0061562699999997 1.0380981800000009
25.36520778484119 0.7843057500000007 -0.27682870000000004 -0.27709261999999996 -1.3869999999999925e-05 1.0614119400000008 1.0061494699999998 1.0380981200000008
25.36520827167758 0.7850799900000007 -0.27605534000000004 -0.27632049999999997 -1.3909999999999924e-05 1.0614140600000008 1.0061354299999998 1.0380934400000008
25.365208341435576 0.7857213500000008 -0.27545982 -0.27572786 -1.3949999999999924e-05 1.061462860000001 1.0061097899999998 1.0381108400000008
25.413759217147298 0.7854091500000008 -0.27604126 -0.2763105 -1.3969999999999924e-05 1.061733320000001 1.0063303699999997 1.0383602600000008
25.413759233780123 0.7851704500000007 -0.27659618 -0.27686424000000004 -1.3989999999999924e-05 1.062048380000001 1.0066109099999998 1.0386607600000008
25.413760138601386 0.7846996900000007 -0.27770602 -0.27797160000000004 -1.3989999999999924e-05 1.0626850200000009 1.0071760699999999 1.039267240000001
25.413760155234208 0.7840690500000007 -0.27886894 -0.27913688000000003 -1.3989999999999924e-05 1.0632197000000008 1.0076173099999999 1.039762480000001
25.42874399980819 0.7838731300000007 -0.27914936 -0.27941698000000004 -1.4009999999999923e-05 1.0633039000000009 1.0077443899999998 1.039864780000001
25.428744508359912 0.7834547300000007 -0.2797102 -0.27997710000000003 -1.4049999999999923e-05 1.0634456600000008 1.0079984699999998 1.0400539400000008
25.45848278969805 0.7836978700000007 -0.27959130000000004 -0.27985800000000005 -1.4069999999999923e-05 1.0635697400000008 1.0080610099999998 1.040152060000001
25.45848333245807 0.7841878700000007 -0.27935358000000005 -0.27961980000000003 -1.4109999999999923e-05 1.0638215800000008 1.0081858499999998 1.040350340000001
25.460661499073844 0.7846921100000007 -0.27883132000000005 -0.27909794000000004 -1.4129999999999922e-05 1.0638039800000008 1.0081209299999998 1.040312780000001
25.460661539083148 0.7854595500000007 -0.27810336 -0.27836958000000006 -1.4169999999999922e-05 1.0638431000000008 1.0080974099999997 1.040325460000001
25.460661563972828 0.7858398500000007 -0.27773938000000004 -0.27800544000000005 -1.4189999999999922e-05 1.0638592800000009 1.0080860099999998 1.0403300000000009
25.460661603982125 0.7868466900000006 -0.27669486000000004 -0.27696176000000006 -1.4229999999999921e-05 1.063822480000001 1.0079597699999998 1.0402554800000008
25.469006314894656 0.7878485700000006 -0.27572342000000005 -0.27598908000000005 -1.4249999999999921e-05 1.0638517200000008 1.0079628299999999 1.0402736800000008
25.469006384139455 0.7876566900000006 -0.2761929000000001 -0.27645842000000004 -1.4269999999999921e-05 1.0641292200000008 1.0082262899999999 1.0405452600000007
25.469006745130507 0.7872691300000006 -0.2771318200000001 -0.27739718 -1.430999999999992e-05 1.0646804600000008 1.0087582099999999 1.0410883400000006
25.46900681437531 0.7892760100000007 -0.2751889400000001 -0.2754519 -1.434999999999992e-05 1.0647421000000008 1.0087646899999998 1.0411267000000006
25.478233428562902 0.7882267300000007 -0.2766545000000001 -0.27691986 -1.440999999999992e-05 1.0651608400000008 1.0092131899999999 1.0415579800000005
25.49554429246058 0.7896312700000007 -0.27505372000000006 -0.27531866 -1.442999999999992e-05 1.0649642200000007 1.0089505099999998 1.0413335000000006
25.495544594496966 0.7924371100000006 -0.27185220000000004 -0.2721163 -1.4469999999999919e-05 1.0645677400000007 1.0084248699999998 1.0408825400000006
25.515973794691526 0.7892034500000006 -0.27566596000000004 -0.27593029999999996 -1.4489999999999919e-05 1.0651481000000007 1.00908973 1.0414985400000005
25.51597412570277 0.7827376500000006 -0.28329332000000007 -0.28355813999999996 -1.4529999999999918e-05 1.0663101800000008 1.01041809 1.0427307800000005
25.5237340374649 0.7819587700000006 -0.28434808000000006 -0.28461257999999995 -1.4549999999999918e-05 1.0665857600000008 1.0106551499999998 1.0429901000000006
25.523734078119492 0.7827157500000006 -0.28253928000000006 -0.28280321999999997 -1.4569999999999918e-05 1.0655334000000007 1.0096660499999999 1.0419644200000007
25.52373460387446 0.7842285900000006 -0.2789216400000001 -0.27918449999999995 -1.4609999999999918e-05 1.0634275600000007 1.0076877299999998 1.0399123800000007
25.52373464452905 0.7826676700000006 -0.2810312000000001 -0.28129341999999996 -1.4649999999999917e-05 1.0639756000000007 1.0081620899999997 1.0404293400000006
25.566005815381786 0.7864236900000006 -0.2760995400000001 -0.2763616 -1.4649999999999917e-05 1.0627998000000007 1.0068178899999998 1.0391825000000006
25.566006236056648 0.7939346900000006 -0.2662360200000001 -0.26649767999999996 -1.4649999999999917e-05 1.0604469200000008 1.0041293299999998 1.0366880200000006
25.623579554144037 0.7905734900000007 -0.2701017600000001 -0.27036293999999994 -1.4649999999999917e-05 1.0609509800000008 1.0047415699999998 1.0372377400000006
25.62535919644943 0.7881554700000006 -0.2725311800000001 -0.27279213999999996 -1.4669999999999917e-05 1.0609621800000009 1.0048986499999997 1.0373104800000006
25.625359790227034 0.7833191500000006 -0.2773901000000001 -0.27765065999999994 -1.4709999999999917e-05 1.060984380000001 1.0052063299999996 1.0374531200000006
25.65982546798814 0.7837165300000006 -0.27724142000000007 -0.27750425999999995 -1.4769999999999916e-05 1.0612353600000008 1.0054044499999997 1.0376817800000007
25.701837762547463 0.7839355900000007 -0.2771967800000001 -0.27746003999999996 -1.4829999999999916e-05 1.0614102600000008 1.0055171299999996 1.0378304000000007
25.71742893197588 0.7835587300000006 -0.2771052200000001 -0.27736643999999994 -1.4889999999999915e-05 1.0609398600000008 1.0052679499999997 1.0374533000000008
25.7224946624995 0.7836267700000007 -0.2771197600000001 -0.2773802999999999 -1.4909999999999915e-05 1.0610217800000008 1.0053471099999998 1.0375340600000007
25.72249527214192 0.7837564100000007 -0.2771488400000001 -0.2774082199999999 -1.4949999999999914e-05 1.061179380000001 1.0055054699999997 1.0376919800000006
25.724709473149595 0.7844025900000008 -0.2766081800000001 -0.27686801999999994 -1.4969999999999914e-05 1.061285400000001 1.0055789299999998 1.0377842600000007
25.724709543032105 0.7844025700000008 -0.2766123800000001 -0.2768723799999999 -1.4989999999999914e-05 1.0612897600000009 1.0056135899999998 1.0378014000000007
25.72471002974398 0.7844102900000008 -0.2766207400000001 -0.27688109999999994 -1.5029999999999914e-05 1.0613062400000008 1.0056726299999998 1.0378358400000007
25.724710099626485 0.7856868500000008 -0.2755394200000001 -0.2758003399999999 -1.5069999999999913e-05 1.0615020800000008 1.0058476699999999 1.0380229200000006
25.725685530757143 0.7860364100000008 -0.2754123400000001 -0.2756728399999999 -1.5129999999999913e-05 1.0617241400000008 1.0060808899999998 1.0382497200000007
25.744588566042374 0.7873999900000008 -0.2740390000000001 -0.2743005399999999 -1.5149999999999913e-05 1.0617154400000008 1.0060152099999997 1.0382169800000007
25.74458902882055 0.7901239900000008 -0.2712922800000001 -0.27155593999999994 -1.5189999999999912e-05 1.0616948400000008 1.0058851299999998 1.0381501800000008
25.74769340160603 0.7884509700000008 -0.27323708000000013 -0.27350141999999994 -1.5209999999999912e-05 1.0619673200000008 1.0061834899999997 1.0384335800000009
25.747693640851335 0.7850252500000008 -0.2771268000000001 -0.27739245999999995 -1.5249999999999912e-05 1.0624326800000008 1.0067803299999998 1.038954420000001
25.752233553480053 0.7847704700000008 -0.27757858000000013 -0.27784503999999993 -1.5269999999999913e-05 1.0626305000000007 1.0069692299999997 1.039148480000001
25.752233995149375 0.7842465900000007 -0.27848214000000016 -0.2787502399999999 -1.5309999999999913e-05 1.0630119000000007 1.0073463499999997 1.039528080000001
25.769890701049256 0.7848158700000007 -0.27796310000000013 -0.27823121999999995 -1.5329999999999913e-05 1.0630621800000006 1.0073429099999998 1.039555700000001
25.76989084130772 0.7859524300000007 -0.27692502000000013 -0.27719321999999996 -1.5369999999999912e-05 1.0631607800000007 1.0073363099999997 1.039609900000001
25.784062540331146 0.7863673100000007 -0.27641910000000014 -0.27668735999999994 -1.5389999999999912e-05 1.0630698200000006 1.0072369699999997 1.0395154000000009
25.78406254816884 0.7848534700000007 -0.27807086000000014 -0.2783386399999999 -1.542999999999991e-05 1.0632073400000006 1.0072670499999996 1.039607600000001
25.784062604264232 0.7840962500000007 -0.27889670000000016 -0.2791643199999999 -1.544999999999991e-05 1.0632758200000005 1.0072821899999995 1.0396535800000009
25.784062612101923 0.7849266500000007 -0.2778848600000002 -0.2781524399999999 -1.548999999999991e-05 1.0630943800000006 1.0070829099999996 1.0394646200000008
25.802680372667663 0.7861284500000008 -0.2767505600000002 -0.2770164599999999 -1.554999999999991e-05 1.0631602600000005 1.0070255499999996 1.0394784800000008
25.807780504436387 0.7871035100000008 -0.2755669200000002 -0.2758314799999999 -1.556999999999991e-05 1.0629503600000005 1.0067524099999996 1.0392419000000008
25.8077806048453 0.7890537500000008 -0.2731996800000002 -0.2734615999999999 -1.560999999999991e-05 1.0625307600000005 1.0062060499999996 1.038768820000001
25.843821773841206 0.7896331100000008 -0.2727768000000002 -0.2730392599999999 -1.566999999999991e-05 1.0626877800000005 1.0062798499999996 1.038890740000001
25.886397706320533 0.7891812300000008 -0.27347672000000023 -0.2737394199999999 -1.568999999999991e-05 1.0629360800000005 1.0065886699999997 1.039164560000001
25.886397846688244 0.7886148300000009 -0.27444212000000023 -0.2747051999999999 -1.570999999999991e-05 1.0633354600000005 1.0070247899999998 1.039579440000001
25.88639827273009 0.7874801900000009 -0.2763728800000002 -0.2766361599999999 -1.574999999999991e-05 1.0641318200000005 1.0078984299999998 1.040408400000001
25.8863984130978 0.7865877900000009 -0.2777727200000002 -0.2780366799999999 -1.5789999999999908e-05 1.0646399800000006 1.0085189499999998 1.040963960000001
25.921863668610065 0.785066910000001 -0.2794593200000002 -0.2797250799999999 -1.5849999999999908e-05 1.0648075600000007 1.0088865699999998 1.041215900000001
25.957951930811454 0.785359470000001 -0.2791994200000002 -0.2794639999999999 -1.5869999999999907e-05 1.0648390600000006 1.0089116699999998 1.041244700000001
25.957952564718088 0.7859417100000009 -0.2786796200000002 -0.27894187999999986 -1.5909999999999907e-05 1.0648992200000007 1.0089618699999998 1.041300660000001
25.95807918717585 0.785480310000001 -0.2792966600000002 -0.27956167999999987 -1.6029999999999906e-05 1.0650577400000008 1.0091452899999998 1.041469680000001
26.028082988765618 0.785320150000001 -0.2795281800000002 -0.2797921999999999 -1.6049999999999906e-05 1.0651281200000007 1.0092416499999997 1.0415510200000009
26.02808309774866 0.784889350000001 -0.28010424000000017 -0.2803684199999999 -1.6069999999999905e-05 1.0652735600000007 1.0093834099999996 1.0416949000000009
26.028083622672252 0.784028590000001 -0.28125632000000017 -0.2815208599999999 -1.6109999999999905e-05 1.0655652800000008 1.0096670499999996 1.0419831800000008
26.02808373165529 0.783707550000001 -0.2817193600000002 -0.28198185999999986 -1.6149999999999905e-05 1.0657053200000008 1.0098597699999996 1.0421454200000009
26.043864449327323 0.7835484300000011 -0.2821843000000002 -0.2824508199999999 -1.6209999999999904e-05 1.066015280000001 1.0101459099999996 1.042445300000001
26.06626540911322 0.7844676100000011 -0.2810691800000002 -0.2813361399999999 -1.6229999999999904e-05 1.065819800000001 1.0099064099999997 1.042231240000001
26.066265821312363 0.7863068900000011 -0.2788389800000002 -0.2791066999999999 -1.6269999999999904e-05 1.065429680000001 1.0094276899999997 1.041803760000001
26.073809903682125 0.7880337500000011 -0.2771756000000002 -0.2774427799999999 -1.6269999999999904e-05 1.065492620000001 1.0094957299999996 1.041868860000001
26.085046141014324 0.7882552300000011 -0.2769718000000002 -0.2772376399999999 -1.6289999999999903e-05 1.065508980000001 1.0095011099999995 1.041880600000001
26.08504663836794 0.788688550000001 -0.2765642000000002 -0.2768273199999999 -1.6329999999999903e-05 1.0655320200000011 1.0095119499999996 1.0418984800000008
26.090574042136076 0.7888753900000011 -0.2764387400000002 -0.2767003399999999 -1.6349999999999903e-05 1.0655919000000011 1.0095344699999995 1.041942600000001
26.09057413207085 0.7891767300000011 -0.2761858000000002 -0.2764476599999999 -1.6369999999999903e-05 1.0656406000000012 1.0095482699999996 1.041976580000001
26.090574472371934 0.7897761700000011 -0.2756798800000002 -0.27594241999999986 -1.6409999999999902e-05 1.065734800000001 1.0095761499999996 1.042042820000001
26.090574562306703 0.7901486500000011 -0.2754290000000002 -0.27568885999999987 -1.6449999999999902e-05 1.065853760000001 1.0096212299999996 1.042130620000001
26.09099667468484 0.7915003300000011 -0.2733168800000002 -0.27357727999999987 -1.6449999999999902e-05 1.065093890000001 1.0088191799999995 1.0413529600000009
26.09968790200341 0.7916663100000011 -0.27312922000000023 -0.27338907999999984 -1.64699999999999e-05 1.065071690000001 1.0088384999999995 1.041348280000001
26.099687964432796 0.7919448900000011 -0.27295466000000024 -0.27321451999999985 -1.64899999999999e-05 1.065175750000001 1.0088573199999995 1.041416380000001
26.099688356947894 0.7924972100000012 -0.27260554000000026 -0.27286539999999987 -1.65299999999999e-05 1.065378990000001 1.0088948399999995 1.041549700000001
26.099688419377284 0.7928636500000011 -0.27223018000000027 -0.27248903999999985 -1.65699999999999e-05 1.0653691100000011 1.0089333999999994 1.041560260000001
26.117075145935136 0.7929237700000011 -0.27221322000000026 -0.27247195999999985 -1.65899999999999e-05 1.0654121500000011 1.0089943399999994 1.041610860000001
26.11707575947643 0.7930478500000011 -0.27217934000000027 -0.2724378399999998 -1.65899999999999e-05 1.065502150000001 1.0091160599999995 1.041714260000001
26.121866387107296 0.7934616100000011 -0.27190652000000026 -0.2721634599999998 -1.66499999999999e-05 1.0656415900000011 1.0091367599999996 1.0418036000000008
26.1267131703874 0.7934420700000011 -0.2719877000000003 -0.2722445599999998 -1.66699999999999e-05 1.065703170000001 1.0091799399999997 1.0418574200000008
26.126713680454245 0.7934053900000011 -0.2721501000000003 -0.2724067999999998 -1.67099999999999e-05 1.0658287300000011 1.0092662599999997 1.0419664200000007
26.136795021767185 0.7944201100000011 -0.27117450000000026 -0.2714329399999998 -1.67699999999999e-05 1.0658696500000011 1.0091859199999997 1.0419561600000007
26.13998649907542 0.7940192900000012 -0.27167032000000024 -0.27192843999999977 -1.67699999999999e-05 1.065964330000001 1.0092414999999997 1.0420343400000007
26.139986660243125 0.7932067700000012 -0.27266196000000026 -0.2729193199999998 -1.68099999999999e-05 1.066142730000001 1.0093610599999996 1.0421879000000007
26.14681404081456 0.7931228300000012 -0.2728722200000003 -0.2731292599999998 -1.6829999999999898e-05 1.066268750000001 1.0094721999999996 1.0423076400000006
26.146814478585014 0.7929605500000012 -0.27329274000000026 -0.2735490999999998 -1.6869999999999898e-05 1.066526390000001 1.0096951999999997 1.0425506400000006
26.15645196179238 0.7935510700000012 -0.27257404000000024 -0.2728313199999998 -1.6889999999999898e-05 1.066399130000001 1.0095594799999996 1.0424198200000006
26.15645250303728 0.7947728300000012 -0.2711366000000002 -0.27139571999999984 -1.6929999999999897e-05 1.066185370000001 1.0092872799999997 1.0421813800000006
26.15814824746421 0.7957071500000013 -0.2698498800000002 -0.27010813999999983 -1.6929999999999897e-05 1.065832110000001 1.0088852599999998 1.0418075600000005
26.158148878415197 0.7975835900000012 -0.26727632000000023 -0.26753293999999983 -1.6929999999999897e-05 1.065133350000001 1.0080807799999998 1.0410642000000006
26.171540919197376 0.7970970500000012 -0.26786180000000026 -0.26811833999999984 -1.6949999999999897e-05 1.0652322100000011 1.0082073999999999 1.0411747800000006
26.17154128889143 0.7961228100000012 -0.26903276000000026 -0.26928917999999985 -1.6989999999999897e-05 1.065428850000001 1.0084610399999998 1.0413954600000006
26.17709883966573 0.7952980900000012 -0.2700211200000003 -0.27027661999999986 -1.7029999999999896e-05 1.0655916100000011 1.0086691999999997 1.0415773800000006
26.177098843520334 0.7950060100000012 -0.2704143000000003 -0.27066957999999985 -1.7049999999999896e-05 1.0656925100000012 1.0087917799999997 1.0416874400000005
26.177098926831682 0.7944236100000012 -0.27120066000000026 -0.27145545999999987 -1.7089999999999896e-05 1.065896030000001 1.0090366999999998 1.0419084400000005
26.17709893068629 0.7940106900000011 -0.2716948200000003 -0.27194915999999986 -1.7109999999999895e-05 1.0659768300000012 1.0091407 1.0419990200000004
26.180868624658714 0.7947339100000012 -0.2705105800000003 -0.2707657199999999 -1.7129999999999895e-05 1.0655166300000012 1.0086365 1.0415202600000004
26.180868691336507 0.7947515500000012 -0.2705613800000003 -0.2708146399999999 -1.7149999999999895e-05 1.0655832100000011 1.0086857999999999 1.0415795400000005
26.180868885121157 0.7947872700000012 -0.2706630200000003 -0.2709125199999999 -1.7189999999999895e-05 1.0657168500000012 1.0087684799999999 1.0416916600000006
26.18086895179895 0.7962354300000012 -0.2682944600000003 -0.26854543999999986 -1.7229999999999894e-05 1.0647979700000012 1.0077572 1.0407337800000005
26.194431709114603 0.7961268500000012 -0.2685093000000003 -0.26875985999999985 -1.7249999999999894e-05 1.064903830000001 1.0078458 1.0408323600000005
26.194432136549835 0.7958814100000011 -0.2689389400000003 -0.26918873999999987 -1.7289999999999894e-05 1.0650873100000011 1.0080251599999999 1.0410140800000005
26.1953886643334 0.7963247500000011 -0.2685065800000003 -0.26875655999999987 -1.7289999999999894e-05 1.0650984900000011 1.00802376 1.0410199400000004
26.195389042476428 0.7972044700000012 -0.26764182000000025 -0.26789219999999986 -1.7329999999999893e-05 1.065113850000001 1.00802108 1.0410277000000003
26.1964036491417 0.7980595900000012 -0.2669671200000003 -0.2672194199999999 -1.7329999999999893e-05 1.065296250000001 1.00794416 1.0411006600000003
26.198720090657602 0.7973616700000011 -0.2677498200000003 -0.26800685999999985 -1.7389999999999893e-05 1.065385830000001 1.0079921600000001 1.0411727200000003
26.203178135858955 0.7979893700000011 -0.2674241600000003 -0.26768157999999986 -1.7409999999999893e-05 1.065688270000001 1.0082237600000001 1.0414452800000003
26.20317853787835 0.7992448500000011 -0.2667728000000003 -0.2670309399999999 -1.7449999999999892e-05 1.066293150000001 1.0086868400000002 1.0419903600000002
26.23574761875679 0.8001392700000011 -0.2659063400000003 -0.2661643599999999 -1.7449999999999892e-05 1.066321050000001 1.0086746600000003 1.0420013400000003
26.238180423678187 0.799211670000001 -0.2671711600000003 -0.2674298999999999 -1.7469999999999892e-05 1.0666590300000012 1.0090097200000003 1.0423380800000004
26.23818049020389 0.799353250000001 -0.2670212800000003 -0.26728239999999986 -1.7489999999999892e-05 1.0666531500000012 1.0089818600000002 1.0423229200000004
26.238180527569256 0.799653690000001 -0.2667215200000003 -0.26698743999999985 -1.752999999999989e-05 1.0666586700000011 1.0089260600000003 1.0423025600000004
26.238180594094956 0.7977320100000009 -0.26925124000000034 -0.26951859999999983 -1.756999999999989e-05 1.0672681500000012 1.0095953000000002 1.0429372800000005
26.29445300942401 0.7957577700000009 -0.27146692000000033 -0.2717371599999998 -1.762999999999989e-05 1.0675125300000012 1.0098673400000002 1.0431933000000004
26.32200757764974 0.795276570000001 -0.27203410000000033 -0.2723064999999998 -1.768999999999989e-05 1.0676007300000012 1.0099303400000001 1.0432708800000003
26.333788707940286 0.794728170000001 -0.2735234800000003 -0.2737987599999998 -1.774999999999989e-05 1.0685446500000013 1.01054108 1.0440742200000004
26.344597302902336 0.7956248500000009 -0.2726268400000003 -0.2729021599999998 -1.776999999999989e-05 1.0685447300000013 1.01046286 1.0440412800000003
26.34459739340138 0.797424370000001 -0.2708335200000003 -0.2711089199999998 -1.780999999999989e-05 1.0685510500000013 1.01030634 1.0439789200000003
26.349920566259623 0.797373270000001 -0.2708576800000003 -0.27113449999999983 -1.782999999999989e-05 1.0685255300000014 1.01028128 1.0439536000000003
26.3499206228641 0.797061710000001 -0.2714488400000003 -0.2717270199999998 -1.784999999999989e-05 1.0688065100000015 1.010515 1.0442146400000003
