shell0_X0_Y0_Z0_mono0_fix1/shell0_X0_Y0_Z0_mono1_fix1/shell1_X-1_Y0_Z0_mono1_fix1//test20tig_AVTZ// DONE 4.832536863788853 4.87481984938681 4.576816950491205 14.284173663666868 2 0.022356743
shell0_X0_Y0_Z0_mono0_fix1/shell1_X-1_Y1_Z0_mono1_fix1/shell1_X0_Y1_Z0_mono1_fix1//test20tig_AVTZ// DONE 4.874819824994216 4.8325372673373375 4.576816950491205 14.284174042822757 2 0.026130261
shell0_X0_Y0_Z0_mono0_fix1/shell0_X0_Y0_Z0_mono1_fix1/shell1_X1_Y0_Z0_mono0_fix1//test20tig_AVTZ// DONE 4.832536863788853 4.576817879131266 4.87481984938681 14.284174592306929 4 0.026130259
shell0_X0_Y0_Z0_mono0_fix1/shell1_X-1_Y0_Z0_mono0_fix1/shell1_X-1_Y1_Z0_mono1_fix1//test20tig_AVTZ// DONE 4.576817879131266 4.874819824994216 4.8325372673373375 14.284174971462818 4 0.022356726
shell0_X0_Y0_Z0_mono0_fix1/shell0_X0_Y0_Z0_mono1_fix1/shell1_X0_Y1_Z0_mono1_fix1//test20tig_AVTZ// DONE 4.832536863788853 4.8325372673373375 5.83480027387607 15.49987440500226 2 0.013958668
shell0_X0_Y0_Z0_mono0_fix1/shell1_X0_Y1_Z0_mono0_fix1/shell1_X0_Y1_Z0_mono1_fix1//test20tig_AVTZ// DONE 5.834800797021388 4.8325372673373375 4.832536863788853 15.499874928147579 4 0.013958656
shell0_X0_Y0_Z0_mono0_fix1/shell1_X0_Y0_Z-1_mono1_fix1/shell1_X0_Y1_Z-1_mono1_fix1//test20tig_AVTZ// DONE 4.8748181239170645 4.874818245582405 5.83480027387607 15.58443664337554 2 0.013723306
shell0_X0_Y0_Z0_mono0_fix1/shell1_X0_Y0_Z-1_mono1_fix1/shell1_X0_Y-1_Z0_mono0_fix1//test20tig_AVTZ// DONE 4.8748181239170645 5.83480079702139 4.874818245582404 15.584437166520857 4 0.013723300
shell0_X0_Y0_Z0_mono0_fix1/shell0_X0_Y0_Z0_mono1_fix1/shell1_X0_Y0_Z1_mono0_fix1//test20tig_AVTZ// DONE 4.832536863788853 6.052387884674758 4.8748181239170645 15.759742872380675 4 0.012225027
shell0_X0_Y0_Z0_mono0_fix1/shell0_X0_Y0_Z0_mono1_fix1/shell1_X0_Y0_Z-1_mono1_fix1//test20tig_AVTZ// DONE 4.832536863788853 4.8748181239170645 6.052388083568137 15.759743071274055 2 0.012029759
shell0_X0_Y0_Z0_mono0_fix1/shell1_X0_Y0_Z1_mono0_fix1/shell1_X0_Y1_Z0_mono1_fix1//test20tig_AVTZ// DONE 6.052387884674758 4.8325372673373375 4.874818245582405 15.7597433975945 4 0.012029791
shell0_X0_Y0_Z0_mono0_fix1/shell1_X0_Y1_Z-1_mono1_fix1/shell1_X0_Y1_Z0_mono1_fix1//test20tig_AVTZ// DONE 4.874818245582405 4.8325372673373375 6.052388083568135 15.75974359648788 2 0.012225004
shell0_X0_Y0_Z0_mono0_fix1/shell0_X0_Y0_Z0_mono1_fix1/shell1_X-1_Y1_Z0_mono1_fix1//test20tig_AVTZ// DONE 4.832536863788853 4.874819824994216 7.2061641805828875 16.913520869365957 2 0.003075186
shell0_X0_Y0_Z0_mono0_fix1/shell1_X-1_Y-1_Z0_mono0_fix1/shell1_X-1_Y0_Z0_mono1_fix1//test20tig_AVTZ// DONE 7.206164883641014 4.87481984938681 4.8325372673373375 16.913522000365163 4 0.003075187
shell0_X0_Y0_Z0_mono0_fix1/shell0_X0_Y0_Z0_mono1_fix1/shell1_X-1_Y1_Z0_mono1_fix1//test20tig_AVTZ// DONE 4.832536863788853 4.874819824994216 7.2061641805828875 16.913520869365957 2 0.002208290
shell0_X0_Y0_Z0_mono0_fix1/shell1_X-1_Y0_Z0_mono1_fix1/shell1_X0_Y1_Z0_mono1_fix1//test20tig_AVTZ// DONE 4.87481984938681 4.8325372673373375 7.23455534818809 16.941912464912235 2 0.002208266
shell0_X0_Y0_Z0_mono0_fix1/shell0_X0_Y0_Z0_mono1_fix1/shell1_X-1_Y0_Z-1_mono1_fix1//test20tig_AVTZ// DONE 4.832536863788853 4.832541803661923 7.3579458897229895 17.023024557173763 2 0.001964341
shell0_X0_Y0_Z0_mono0_fix1/shell0_X0_Y0_Z0_mono1_fix1/shell1_X1_Y0_Z1_mono0_fix1//test20tig_AVTZ// DONE 4.832536863788853 7.357945972453686 4.832541803661923 17.023024639904463 4 0.001964363
shell0_X0_Y0_Z0_mono0_fix1/shell0_X0_Y0_Z0_mono1_fix1/shell1_X1_Y0_Z0_mono1_fix1//test20tig_AVTZ// DONE 4.832536863788853 7.687882795249494 4.576816950491205 17.097236609529553 2 -0.000007835
shell0_X0_Y0_Z0_mono0_fix1/shell1_X1_Y1_Z0_mono1_fix1/shell1_X0_Y1_Z0_mono1_fix1//test20tig_AVTZ// DONE 7.687883006758034 4.8325372673373375 4.576816950491205 17.09723722458658 2 0.000760717
shell0_X0_Y0_Z0_mono0_fix1/shell0_X0_Y0_Z0_mono1_fix1/shell1_X-1_Y0_Z0_mono0_fix1//test20tig_AVTZ// DONE 4.832536863788853 4.576817879131266 7.687882795249494 17.097237538169612 4 0.000760730
shell0_X0_Y0_Z0_mono0_fix1/shell1_X-1_Y0_Z0_mono0_fix1/shell1_X0_Y1_Z0_mono1_fix1//test20tig_AVTZ// DONE 4.576817879131266 4.8325372673373375 7.687883006758034 17.097238153226638 4 -0.000007843
shell0_X0_Y0_Z0_mono0_fix1/shell1_X0_Y0_Z-1_mono1_fix1/shell1_X-1_Y0_Z0_mono1_fix1//test20tig_AVTZ// DONE 4.8748181239170645 4.87481984938681 7.4326967908791595 17.182334764183032 2 0.001168573
shell0_X0_Y0_Z0_mono0_fix1/shell1_X0_Y0_Z-1_mono1_fix1/shell1_X1_Y0_Z-1_mono0_fix1//test20tig_AVTZ// DONE 4.8748181239170645 7.4326969331133075 4.87481984938681 17.182334906417182 4 0.001168594
shell0_X0_Y0_Z0_mono0_fix1/shell1_X0_Y0_Z-1_mono1_fix1/shell1_X1_Y0_Z-1_mono1_fix1//test20tig_AVTZ// DONE 4.8748181239170645 7.741652423640553 4.576816950491205 17.193287498048825 2 -0.000291530
shell0_X0_Y0_Z0_mono0_fix1/shell1_X0_Y1_Z-1_mono1_fix1/shell1_X1_Y1_Z-1_mono1_fix1//test20tig_AVTZ// DONE 4.874818245582405 7.7416525542166985 4.576816950491205 17.19328775029031 2 -0.002113576
shell0_X0_Y0_Z0_mono0_fix1/shell1_X1_Y0_Z-1_mono1_fix1/shell1_X1_Y0_Z0_mono0_fix1//test20tig_AVTZ// DONE 7.741652423640553 4.576817879131266 4.8748181239170645 17.19328842668888 4 -0.002113572
shell0_X0_Y0_Z0_mono0_fix1/shell1_X0_Y1_Z-1_mono1_fix1/shell1_X-1_Y0_Z0_mono0_fix1//test20tig_AVTZ// DONE 4.874818245582405 4.576817879131266 7.7416525542166985 17.19328867893037 4 -0.000291531
shell0_X0_Y0_Z0_mono0_fix1/shell1_X-1_Y0_Z0_mono0_fix1/shell1_X0_Y1_Z0_mono0_fix1//test20tig_AVTZ// DONE 4.576817879131266 5.834800797021388 7.206164883641014 17.617783559793665 6 0.004186261
shell0_X0_Y0_Z0_mono0_fix1/shell1_X-1_Y0_Z0_mono0_fix1/shell1_X-1_Y1_Z0_mono0_fix1//test20tig_AVTZ// DONE 4.576817879131266 7.234555636358268 5.834800797021388 17.646174312510922 6 0.003277211
shell0_X0_Y0_Z0_mono0_fix1/shell1_X-1_Y0_Z0_mono0_fix1/shell1_X1_Y0_Z0_mono0_fix1//test20tig_AVTZ// DONE 4.576817879131266 4.576817879131266 8.63133829007425 17.78497404833678 3 -0.005683087
shell0_X0_Y0_Z0_mono0_fix1/shell0_X0_Y0_Z0_mono1_fix1/shell1_X0_Y1_Z-1_mono1_fix1//test20tig_AVTZ// DONE 4.832536863788853 4.874818245582405 8.215479171456105 17.922834280827363 2 0.000226248
shell0_X0_Y0_Z0_mono0_fix1/shell1_X0_Y1_Z1_mono0_fix1/shell1_X0_Y1_Z0_mono1_fix1//test20tig_AVTZ// DONE 8.21547938783387 4.8325372673373375 4.8748181239170645 17.92283477908827 4 0.000226253
shell0_X0_Y0_Z0_mono0_fix1/shell1_X-1_Y0_Z-1_mono0_fix1/shell1_X0_Y0_Z-1_mono0_fix1//test20tig_AVTZ// DONE 7.357945972453686 6.052387884674759 4.576817879131266 17.98715173625971 6 0.003427521
shell0_X0_Y0_Z0_mono0_fix1/shell0_X0_Y0_Z0_mono1_fix1/shell1_X0_Y-1_Z1_mono0_fix1//test20tig_AVTZ// DONE 4.832536863788853 8.30173601819067 4.874818245582404 18.009091127561927 4 -0.000761505
shell0_X0_Y0_Z0_mono0_fix1/shell1_X0_Y0_Z-1_mono1_fix1/shell1_X0_Y1_Z0_mono1_fix1//test20tig_AVTZ// DONE 4.8748181239170645 4.8325372673373375 8.301736003054813 18.009091394309216 2 -0.000761505
shell0_X0_Y0_Z0_mono0_fix1/shell1_X0_Y0_Z-1_mono0_fix1/shell1_X1_Y0_Z-1_mono0_fix1//test20tig_AVTZ// DONE 6.052387884674759 7.4326969331133075 4.576817879131266 18.061902696919333 6 0.002595085
shell0_X0_Y0_Z0_mono0_fix1/shell0_X0_Y0_Z0_mono1_fix1/shell1_X-1_Y1_Z-1_mono1_fix1//test20tig_AVTZ// DONE 4.832536863788853 4.832541657327352 9.220398664532015 18.88547718564822 1 -0.005197317
shell0_X0_Y0_Z0_mono0_fix1/shell1_X-1_Y-1_Z-1_mono0_fix1/shell1_X-1_Y0_Z-1_mono1_fix1//test20tig_AVTZ// DONE 9.220399005428119 4.832541803661923 4.8325372673373375 18.88547807642738 2 -0.005197323
shell0_X0_Y0_Z0_mono0_fix1/shell0_X0_Y0_Z0_mono1_fix1/shell1_X1_Y-1_Z1_mono0_fix1//test20tig_AVTZ// DONE 4.832536863788853 9.295639787140068 4.832541657327352 18.960718308256272 2 -0.003441837
shell0_X0_Y0_Z0_mono0_fix1/shell1_X-1_Y0_Z-1_mono1_fix1/shell1_X0_Y1_Z0_mono1_fix1//test20tig_AVTZ// DONE 4.832541803661923 4.8325372673373375 9.295639782756695 18.960718853755957 1 -0.003441829
shell0_X0_Y0_Z0_mono0_fix1/shell1_X0_Y1_Z-1_mono1_fix1/shell1_X-1_Y0_Z0_mono1_fix1//test20tig_AVTZ// DONE 4.874818245582405 4.87481984938681 9.28730372170711 19.036941816676325 1 -0.004209648
shell0_X0_Y0_Z0_mono0_fix1/shell1_X0_Y0_Z-1_mono1_fix1/shell1_X1_Y-1_Z-1_mono0_fix1//test20tig_AVTZ// DONE 4.8748181239170645 9.287303895161147 4.874819824994216 19.036941844072427 2 -0.004209664
shell0_X0_Y0_Z0_mono0_fix1/shell1_X0_Y0_Z-1_mono1_fix1/shell1_X-1_Y1_Z0_mono1_fix1//test20tig_AVTZ// DONE 4.8748181239170645 4.874819824994216 9.333735696013983 19.083373644925263 1 -0.003069577
shell0_X0_Y0_Z0_mono0_fix1/shell1_X0_Y1_Z-1_mono1_fix1/shell1_X1_Y1_Z-1_mono0_fix1//test20tig_AVTZ// DONE 4.874818245582405 9.333735909753628 4.87481984938681 19.08337400472284 2 -0.003069575
shell0_X0_Y0_Z0_mono0_fix1/shell1_X1_Y0_Z0_mono1_fix1/shell1_X0_Y1_Z0_mono1_fix1//test20tig_AVTZ// DONE 7.687882795249494 4.8325372673373375 7.2061641805828875 19.726584243169718 2 0.001748244
shell0_X0_Y0_Z0_mono0_fix1/shell0_X0_Y0_Z0_mono1_fix1/shell1_X-1_Y-1_Z0_mono0_fix1//test20tig_AVTZ// DONE 4.832536863788853 7.206164883641014 7.687883006758034 19.7265847541879 4 0.001748244
shell0_X0_Y0_Z0_mono0_fix1/shell0_X0_Y0_Z0_mono1_fix1/shell1_X1_Y1_Z0_mono1_fix1//test20tig_AVTZ// DONE 4.832536863788853 7.687883006758034 7.23455534818809 19.754975218734977 2 0.001457335
shell0_X0_Y0_Z0_mono0_fix1/shell1_X-1_Y1_Z0_mono0_fix1/shell1_X0_Y1_Z0_mono1_fix1//test20tig_AVTZ// DONE 7.234555636358268 4.8325372673373375 7.687882795249494 19.7549756989451 4 0.001457336
shell0_X0_Y0_Z0_mono0_fix1/shell1_X0_Y1_Z-1_mono1_fix1/shell1_X1_Y0_Z-1_mono1_fix1//test20tig_AVTZ// DONE 4.874818245582405 7.741652423640553 7.2061641805828875 19.822634849805848 2 0.001387341
shell0_X0_Y0_Z0_mono0_fix1/shell1_X1_Y1_Z-1_mono1_fix1/shell1_X1_Y1_Z0_mono0_fix1//test20tig_AVTZ// DONE 7.7416525542166985 7.206164883641014 4.8748181239170645 19.822635561774774 4 0.001387342
shell0_X0_Y0_Z0_mono0_fix1/shell1_X0_Y0_Z-1_mono1_fix1/shell1_X1_Y1_Z-1_mono1_fix1//test20tig_AVTZ// DONE 4.8748181239170645 7.7416525542166985 7.23455534818809 19.851026026321854 2 0.001289107
shell0_X0_Y0_Z0_mono0_fix1/shell1_X0_Y1_Z-1_mono1_fix1/shell1_X-1_Y1_Z0_mono0_fix1//test20tig_AVTZ// DONE 4.874818245582405 7.234555636358268 7.741652423640553 19.851026305581225 4 0.001289106
shell0_X0_Y0_Z0_mono0_fix1/shell1_X0_Y0_Z-1_mono1_fix1/shell1_X1_Y0_Z0_mono1_fix1//test20tig_AVTZ// DONE 4.8748181239170645 7.687882795249494 7.3579458897229895 19.92064680888955 2 0.001437747
shell0_X0_Y0_Z0_mono0_fix1/shell1_X-1_Y0_Z-1_mono0_fix1/shell1_X0_Y0_Z-1_mono1_fix1//test20tig_AVTZ// DONE 7.357945972453686 4.8748181239170645 7.687882795249494 19.920646891620244 4 0.001454900
shell0_X0_Y0_Z0_mono0_fix1/shell1_X0_Y1_Z-1_mono1_fix1/shell1_X1_Y1_Z0_mono1_fix1//test20tig_AVTZ// DONE 4.874818245582405 7.687883006758034 7.3579458897229895 19.92064714206343 2 0.001454898
shell0_X0_Y0_Z0_mono0_fix1/shell1_X1_Y0_Z1_mono0_fix1/shell1_X1_Y1_Z0_mono1_fix1//test20tig_AVTZ// DONE 7.357945972453686 7.687883006758034 4.874818245582405 19.920647224794124 4 0.001437746
shell0_X0_Y0_Z0_mono0_fix1/shell0_X0_Y0_Z0_mono1_fix1/shell1_X0_Y-1_Z0_mono1_fix1//test20tig_AVTZ// DONE 4.832536863788853 9.29807416463103 5.834800273876071 19.965411302295955 2 -0.000402683
shell0_X0_Y0_Z0_mono0_fix1/shell0_X0_Y0_Z0_mono1_fix1/shell1_X0_Y1_Z0_mono0_fix1//test20tig_AVTZ// DONE 4.832536863788853 5.834800797021388 9.298074164631034 19.965411825441272 4 -0.001455154
shell0_X0_Y0_Z0_mono0_fix1/shell1_X0_Y1_Z0_mono1_fix1/shell2_X0_Y2_Z0_mono1_fix1//test20tig_AVTZ// DONE 4.8325372673373375 9.298074429663075 5.83480027387607 19.96541197087648 2 -0.001455156
shell0_X0_Y0_Z0_mono0_fix1/shell1_X0_Y1_Z0_mono0_fix1/shell2_X0_Y2_Z0_mono1_fix1//test20tig_AVTZ// DONE 5.834800797021388 9.298074429663075 4.8325372673373375 19.9654124940218 4 -0.000402684
shell0_X0_Y0_Z0_mono0_fix1/shell0_X0_Y0_Z0_mono1_fix1/shell1_X1_Y0_Z-1_mono1_fix1//test20tig_AVTZ// DONE 4.832536863788853 7.741652423640553 7.4326967908791595 20.006886078308565 2 0.001279321
shell0_X0_Y0_Z0_mono0_fix1/shell0_X0_Y0_Z0_mono1_fix1/shell1_X-1_Y0_Z1_mono0_fix1//test20tig_AVTZ// DONE 4.832536863788853 7.4326969331133075 7.741652423640553 20.006886220542714 4 0.001383162
shell0_X0_Y0_Z0_mono0_fix1/shell1_X1_Y1_Z-1_mono1_fix1/shell1_X0_Y1_Z0_mono1_fix1//test20tig_AVTZ// DONE 7.7416525542166985 4.8325372673373375 7.4326967908791595 20.006886612433195 2 0.001383160
shell0_X0_Y0_Z0_mono0_fix1/shell1_X1_Y0_Z-1_mono0_fix1/shell1_X1_Y1_Z-1_mono1_fix1//test20tig_AVTZ// DONE 7.4326969331133075 7.7416525542166985 4.8325372673373375 20.00688675466734 4 0.001279320
shell0_X0_Y0_Z0_mono0_fix1/shell1_X0_Y-1_Z-1_mono1_fix1/shell1_X0_Y0_Z-1_mono1_fix1//test20tig_AVTZ// DONE 9.311075872665427 4.8748181239170645 5.83480027387607 20.020694270458563 2 -0.000902988
shell0_X0_Y0_Z0_mono0_fix1/shell1_X0_Y1_Z-1_mono1_fix1/shell2_X0_Y2_Z-1_mono1_fix1//test20tig_AVTZ// DONE 4.874818245582405 9.311076021291033 5.83480027387607 20.02069454074951 2 -0.000313168
shell0_X0_Y0_Z0_mono0_fix1/shell1_X0_Y-1_Z-1_mono1_fix1/shell1_X0_Y-1_Z0_mono0_fix1//test20tig_AVTZ// DONE 9.311075872665427 5.83480079702139 4.8748181239170645 20.02069479360388 4 -0.000313168
shell0_X0_Y0_Z0_mono0_fix1/shell1_X0_Y1_Z-1_mono1_fix1/shell1_X0_Y-1_Z0_mono0_fix1//test20tig_AVTZ// DONE 4.874818245582405 5.83480079702139 9.311076021291033 20.020695063894827 4 -0.000902987
shell0_X0_Y0_Z0_mono0_fix1/shell1_X0_Y-1_Z-1_mono0_fix1/shell1_X0_Y0_Z-1_mono0_fix1//test20tig_AVTZ// DONE 8.21547938783387 6.052387884674759 5.834800797021388 20.102668069530015 6 0.001538841
shell0_X0_Y0_Z0_mono0_fix1/shell1_X0_Y0_Z-1_mono0_fix1/shell1_X0_Y1_Z-1_mono0_fix1//test20tig_AVTZ// DONE 6.052387884674759 8.30173601819067 5.834800797021388 20.188924699886815 6 0.000559122
shell0_X0_Y0_Z0_mono0_fix1/shell1_X0_Y0_Z1_mono0_fix1/shell1_X0_Y0_Z1_mono1_fix1//test20tig_AVTZ// DONE 6.052387884674758 9.557279214796873 4.832536863788853 20.442203963260482 4 -0.000945016
shell0_X0_Y0_Z0_mono0_fix1/shell0_X0_Y0_Z0_mono1_fix1/shell1_X0_Y0_Z1_mono1_fix1//test20tig_AVTZ// DONE 4.832536863788853 9.557279214796873 6.052388083568135 20.44220416215386 2 -0.000395325
shell0_X0_Y0_Z0_mono0_fix1/shell1_X0_Y0_Z-1_mono0_fix1/shell1_X0_Y1_Z0_mono1_fix1//test20tig_AVTZ// DONE 6.052387884674759 4.8325372673373375 9.557279331757533 20.44220448376963 4 -0.000395326
shell0_X0_Y0_Z0_mono0_fix1/shell1_X0_Y1_Z1_mono1_fix1/shell1_X0_Y1_Z0_mono1_fix1//test20tig_AVTZ// DONE 9.557279331757533 4.8325372673373375 6.052388083568137 20.442204682663007 2 -0.000945008
shell0_X0_Y0_Z0_mono0_fix1/shell1_X0_Y0_Z-1_mono0_fix1/shell2_X0_Y0_Z-2_mono1_fix1//test20tig_AVTZ// DONE 6.052387884674759 9.594444158397373 4.8748181239170645 20.521650166989197 4 -0.000360130
shell0_X0_Y0_Z0_mono0_fix1/shell1_X0_Y0_Z-1_mono0_fix1/shell2_X0_Y1_Z-2_mono1_fix1//test20tig_AVTZ// DONE 6.052387884674759 9.594444174651146 4.874818245582405 20.521650304908313 4 -0.000997019
shell0_X0_Y0_Z0_mono0_fix1/shell1_X0_Y0_Z-1_mono1_fix1/shell2_X0_Y0_Z-2_mono1_fix1//test20tig_AVTZ// DONE 4.8748181239170645 9.594444158397373 6.052388083568137 20.521650365882575 2 -0.000997016
shell0_X0_Y0_Z0_mono0_fix1/shell1_X0_Y1_Z-1_mono1_fix1/shell2_X0_Y1_Z-2_mono1_fix1//test20tig_AVTZ// DONE 4.874818245582405 9.594444174651146 6.052388083568137 20.521650503801688 2 -0.000360126
shell0_X0_Y0_Z0_mono0_fix1/shell1_X-1_Y0_Z0_mono1_fix1/shell1_X1_Y0_Z0_mono1_fix1//test20tig_AVTZ// DONE 4.87481984938681 7.687882795249494 8.631337775704774 21.194040420341075 2 0.000666440
shell0_X0_Y0_Z0_mono0_fix1/shell1_X-1_Y1_Z0_mono1_fix1/shell1_X1_Y1_Z0_mono1_fix1//test20tig_AVTZ// DONE 4.874819824994216 7.687883006758034 8.631337775704774 21.194040607457026 2 0.000675679
shell0_X0_Y0_Z0_mono0_fix1/shell1_X-1_Y0_Z0_mono1_fix1/shell2_X-2_Y0_Z0_mono0_fix1//test20tig_AVTZ// DONE 4.87481984938681 8.63133829007425 7.687882795249494 21.194040934710554 4 0.000675677
shell0_X0_Y0_Z0_mono0_fix1/shell1_X-1_Y1_Z0_mono1_fix1/shell2_X-2_Y0_Z0_mono0_fix1//test20tig_AVTZ// DONE 4.874819824994216 8.63133829007425 7.687883006758034 21.1940411218265 4 0.000666440
shell0_X0_Y0_Z0_mono0_fix1/shell1_X-1_Y1_Z-1_mono1_fix1/shell1_X1_Y1_Z-1_mono1_fix1//test20tig_AVTZ// DONE 4.832541657327352 7.7416525542166985 8.631337775704774 21.205531987248825 2 0.000738062
shell0_X0_Y0_Z0_mono0_fix1/shell1_X-1_Y0_Z-1_mono1_fix1/shell1_X1_Y0_Z-1_mono1_fix1//test20tig_AVTZ// DONE 4.832541803661923 7.741652423640553 8.631337775704774 21.20553200300725 2 0.000712965
shell0_X0_Y0_Z0_mono0_fix1/shell1_X-1_Y1_Z-1_mono1_fix1/shell2_X-2_Y0_Z0_mono0_fix1//test20tig_AVTZ// DONE 4.832541657327352 8.63133829007425 7.7416525542166985 21.2055325016183 4 0.000712964
shell0_X0_Y0_Z0_mono0_fix1/shell1_X-1_Y0_Z-1_mono1_fix1/shell2_X-2_Y0_Z0_mono0_fix1//test20tig_AVTZ// DONE 4.832541803661923 8.63133829007425 7.741652423640553 21.205532517376724 4 0.000738061
shell0_X0_Y0_Z0_mono0_fix1/shell1_X1_Y0_Z0_mono1_fix1/shell1_X1_Y1_Z0_mono1_fix1//test20tig_AVTZ// DONE 7.687882795249494 7.687883006758034 5.83480027387607 21.210566075883598 2 0.000803389
shell0_X0_Y0_Z0_mono0_fix1/shell1_X1_Y1_Z0_mono1_fix1/shell1_X0_Y1_Z0_mono0_fix1//test20tig_AVTZ// DONE 7.687883006758034 5.834800797021388 7.687882795249494 21.210566599028915 4 0.000803389
shell0_X0_Y0_Z0_mono0_fix1/shell1_X1_Y0_Z-1_mono1_fix1/shell1_X1_Y1_Z-1_mono1_fix1//test20tig_AVTZ// DONE 7.741652423640553 7.7416525542166985 5.83480027387607 21.31810525173332 2 0.000695066
shell0_X0_Y0_Z0_mono0_fix1/shell1_X1_Y1_Z-1_mono1_fix1/shell1_X0_Y1_Z0_mono0_fix1//test20tig_AVTZ// DONE 7.7416525542166985 5.834800797021388 7.741652423640553 21.31810577487864 4 0.000695066
shell0_X0_Y0_Z0_mono0_fix1/shell1_X0_Y1_Z0_mono1_fix1/shell2_X-1_Y2_Z0_mono1_fix1//test20tig_AVTZ// DONE 4.8325372673373375 9.311076854260124 7.2061641805828875 21.34977830218035 2 0.000392081
shell0_X0_Y0_Z0_mono0_fix1/shell0_X0_Y0_Z0_mono1_fix1/shell1_X1_Y1_Z0_mono0_fix1//test20tig_AVTZ// DONE 4.832536863788853 7.206164883641014 9.311076743517448 21.349778490947315 4 0.000392082
shell0_X0_Y0_Z0_mono0_fix1/shell0_X0_Y0_Z0_mono1_fix1/shell1_X-1_Y-1_Z0_mono1_fix1//test20tig_AVTZ// DONE 4.832536863788853 9.311076743517448 7.23455534818809 21.37816895549439 2 0.000453757
shell0_X0_Y0_Z0_mono0_fix1/shell1_X-1_Y1_Z0_mono0_fix1/shell2_X-1_Y2_Z0_mono1_fix1//test20tig_AVTZ// DONE 7.234555636358268 9.311076854260124 4.8325372673373375 21.378169757955728 4 0.000453756
shell0_X0_Y0_Z0_mono0_fix1/shell1_X-1_Y0_Z0_mono1_fix1/shell1_X0_Y-1_Z0_mono1_fix1//test20tig_AVTZ// DONE 4.87481984938681 9.29807416463103 7.2061641805828875 21.379058194600727 2 0.000515779
shell0_X0_Y0_Z0_mono0_fix1/shell1_X-1_Y-1_Z0_mono0_fix1/shell1_X-1_Y1_Z0_mono1_fix1//test20tig_AVTZ// DONE 7.206164883641014 4.874819824994216 9.298074429663075 21.379059138298302 4 0.000515779
shell0_X0_Y0_Z0_mono0_fix1/shell1_X-1_Y1_Z0_mono1_fix1/shell2_X0_Y2_Z0_mono1_fix1//test20tig_AVTZ// DONE 4.874819824994216 9.298074429663075 7.23455534818809 21.407449602845382 2 0.000582770
shell0_X0_Y0_Z0_mono0_fix1/shell1_X1_Y-1_Z0_mono0_fix1/shell1_X0_Y-1_Z0_mono1_fix1//test20tig_AVTZ// DONE 7.234555636358268 9.29807416463103 4.87481984938681 21.40744965037611 4 0.000582770
shell0_X0_Y0_Z0_mono0_fix1/shell1_X0_Y0_Z1_mono0_fix1/shell1_X1_Y0_Z0_mono1_fix1//test20tig_AVTZ// DONE 6.052387884674758 7.687882795249494 7.741652423640553 21.481923103564803 4 0.000679092
shell0_X0_Y0_Z0_mono0_fix1/shell1_X1_Y0_Z-1_mono1_fix1/shell1_X1_Y0_Z0_mono1_fix1//test20tig_AVTZ// DONE 7.741652423640553 7.687882795249494 6.052388083568135 21.48192330245818 2 0.000635044
shell0_X0_Y0_Z0_mono0_fix1/shell1_X0_Y0_Z-1_mono0_fix1/shell1_X1_Y1_Z-1_mono1_fix1//test20tig_AVTZ// DONE 6.052387884674759 7.7416525542166985 7.687883006758034 21.481923445649493 4 0.000635045
shell0_X0_Y0_Z0_mono0_fix1/shell1_X1_Y1_Z-1_mono1_fix1/shell1_X1_Y1_Z0_mono1_fix1//test20tig_AVTZ// DONE 7.7416525542166985 7.687883006758034 6.052388083568135 21.481923644542867 2 0.000679090
shell0_X0_Y0_Z0_mono0_fix1/shell1_X0_Y1_Z-1_mono1_fix1/shell1_X1_Y0_Z0_mono1_fix1//test20tig_AVTZ// DONE 4.874818245582405 7.687882795249494 9.220398664532015 21.783099705363917 2 0.000710117
shell0_X0_Y0_Z0_mono0_fix1/shell1_X1_Y1_Z1_mono0_fix1/shell1_X1_Y1_Z0_mono1_fix1//test20tig_AVTZ// DONE 9.220399005428119 7.687883006758034 4.8748181239170645 21.783100136103215 4 0.000710118
shell0_X0_Y0_Z0_mono0_fix1/shell1_X0_Y0_Z1_mono1_fix1/shell1_X-1_Y0_Z0_mono1_fix1//test20tig_AVTZ// DONE 9.557279214796873 4.87481984938681 7.3579458897229895 21.790044953906673 2 0.000391513
shell0_X0_Y0_Z0_mono0_fix1/shell1_X-1_Y0_Z-1_mono0_fix1/shell1_X-1_Y0_Z0_mono1_fix1//test20tig_AVTZ// DONE 7.357945972453686 4.87481984938681 9.557279214796873 21.79004503663737 4 0.000331304
shell0_X0_Y0_Z0_mono0_fix1/shell1_X0_Y1_Z1_mono1_fix1/shell1_X-1_Y1_Z0_mono1_fix1//test20tig_AVTZ// DONE 9.557279331757533 4.874819824994216 7.3579458897229895 21.790045046474738 2 0.000331304
shell0_X0_Y0_Z0_mono0_fix1/shell1_X-1_Y0_Z-1_mono0_fix1/shell1_X-1_Y1_Z0_mono1_fix1//test20tig_AVTZ// DONE 7.357945972453686 4.874819824994216 9.557279331757533 21.790045129205435 4 0.000391513
shell0_X0_Y0_Z0_mono0_fix1/shell1_X1_Y-1_Z1_mono0_fix1/shell1_X1_Y0_Z0_mono1_fix1//test20tig_AVTZ// DONE 9.295639787140068 7.687882795249494 4.874818245582405 21.858340827971965 4 0.000427592
shell0_X0_Y0_Z0_mono0_fix1/shell1_X0_Y0_Z-1_mono1_fix1/shell1_X1_Y1_Z0_mono1_fix1//test20tig_AVTZ// DONE 4.8748181239170645 7.687883006758034 9.295639782756695 21.858340913431793 2 0.000427592
shell0_X0_Y0_Z0_mono0_fix1/shell0_X0_Y0_Z0_mono1_fix1/shell1_X-1_Y0_Z1_mono1_fix1//test20tig_AVTZ// DONE 4.832536863788853 9.594443387322988 7.4326967908791595 21.859677041991 2 0.000342910
shell0_X0_Y0_Z0_mono0_fix1/shell0_X0_Y0_Z0_mono1_fix1/shell1_X1_Y0_Z-1_mono0_fix1//test20tig_AVTZ// DONE 4.832536863788853 7.4326969331133075 9.594443387322988 21.85967718422515 4 0.000410009
shell0_X0_Y0_Z0_mono0_fix1/shell1_X-1_Y1_Z1_mono1_fix1/shell1_X0_Y1_Z0_mono1_fix1//test20tig_AVTZ// DONE 9.594443452897366 4.8325372673373375 7.4326967908791595 21.859677511113862 2 0.000410009
shell0_X0_Y0_Z0_mono0_fix1/shell1_X-1_Y0_Z1_mono0_fix1/shell1_X-1_Y1_Z1_mono1_fix1//test20tig_AVTZ// DONE 7.4326969331133075 9.594443452897366 4.8325372673373375 21.859677653348008 4 0.000342911
shell0_X0_Y0_Z0_mono0_fix1/shell0_X0_Y0_Z0_mono1_fix1/shell1_X1_Y1_Z-1_mono1_fix1//test20tig_AVTZ// DONE 4.832536863788853 7.7416525542166985 9.28730372170711 21.861493139712664 2 0.000597389
shell0_X0_Y0_Z0_mono0_fix1/shell1_X1_Y-1_Z-1_mono0_fix1/shell1_X1_Y0_Z-1_mono1_fix1//test20tig_AVTZ// DONE 9.287303895161147 7.741652423640553 4.8325372673373375 21.861493586139037 4 0.000597389
shell0_X0_Y0_Z0_mono0_fix1/shell0_X0_Y0_Z0_mono1_fix1/shell1_X-1_Y-1_Z1_mono0_fix1//test20tig_AVTZ// DONE 4.832536863788853 9.333735909753628 7.7416525542166985 21.90792532775918 4 0.000396699
shell0_X0_Y0_Z0_mono0_fix1/shell1_X1_Y0_Z-1_mono1_fix1/shell1_X0_Y1_Z0_mono1_fix1//test20tig_AVTZ// DONE 7.741652423640553 4.8325372673373375 9.333735696013983 21.907925386991874 2 0.000396698
shell0_X0_Y0_Z0_mono0_fix1/shell1_X-1_Y-1_Z-1_mono0_fix1/shell1_X0_Y-1_Z-1_mono0_fix1//test20tig_AVTZ// DONE 9.220399005428119 8.21547938783387 4.576817879131266 22.012696272393253 6 0.000624391
shell0_X0_Y0_Z0_mono0_fix1/shell1_X-1_Y-1_Z0_mono0_fix1/shell1_X1_Y0_Z0_mono0_fix1//test20tig_AVTZ// DONE 7.206164883641014 4.576817879131266 10.281259045415679 22.06424180818796 6 -0.000195005
shell0_X0_Y0_Z0_mono0_fix1/shell1_X0_Y-1_Z-1_mono0_fix1/shell1_X-1_Y0_Z0_mono0_fix1//test20tig_AVTZ// DONE 8.21547938783387 4.576817879131266 9.287303895161147 22.07960116212628 6 0.000415213
shell0_X0_Y0_Z0_mono0_fix1/shell1_X-1_Y0_Z0_mono0_fix1/shell1_X1_Y-1_Z0_mono0_fix1//test20tig_AVTZ// DONE 4.576817879131266 7.234555636358268 10.301594281051562 22.112967796541096 6 -0.000298193
shell0_X0_Y0_Z0_mono0_fix1/shell1_X-1_Y1_Z-1_mono0_fix1/shell1_X0_Y1_Z-1_mono0_fix1//test20tig_AVTZ// DONE 9.295639787140068 8.30173601819067 4.576817879131266 22.174193684462004 6 0.000462783
shell0_X0_Y0_Z0_mono0_fix1/shell1_X0_Y1_Z-1_mono0_fix1/shell1_X1_Y1_Z-1_mono0_fix1//test20tig_AVTZ// DONE 8.30173601819067 9.333735909753628 4.576817879131266 22.212289807075564 6 0.000450217
shell0_X0_Y0_Z0_mono0_fix1/shell1_X-1_Y0_Z-1_mono0_fix1/shell1_X1_Y0_Z0_mono0_fix1//test20tig_AVTZ// DONE 7.357945972453686 4.576817879131266 10.370397658874877 22.30516151045983 6 -0.000142380
shell0_X0_Y0_Z0_mono0_fix1/shell1_X0_Y-1_Z-1_mono0_fix1/shell1_X0_Y-1_Z-1_mono1_fix1//test20tig_AVTZ// DONE 8.21547938783387 9.311075872665427 4.832536863788853 22.35909212428815 4 0.000498607
shell0_X0_Y0_Z0_mono0_fix1/shell1_X0_Y1_Z0_mono1_fix1/shell2_X0_Y2_Z-1_mono1_fix1//test20tig_AVTZ// DONE 4.8325372673373375 9.311076021291033 8.215479171456105 22.359092460084476 2 0.000498607
shell0_X0_Y0_Z0_mono0_fix1/shell1_X0_Y0_Z-1_mono1_fix1/shell1_X0_Y-1_Z0_mono1_fix1//test20tig_AVTZ// DONE 4.8748181239170645 9.29807416463103 8.215479171456103 22.388371460004198 2 0.000477788
shell0_X0_Y0_Z0_mono0_fix1/shell1_X0_Y-1_Z-1_mono0_fix1/shell1_X0_Y1_Z-1_mono1_fix1//test20tig_AVTZ// DONE 8.21547938783387 4.874818245582405 9.298074429663075 22.388372063079352 4 0.000477788
shell0_X0_Y0_Z0_mono0_fix1/shell1_X-1_Y-1_Z-1_mono0_fix1/shell1_X-1_Y0_Z-1_mono0_fix1//test20tig_AVTZ// DONE 9.220399005428119 7.357945972453686 5.834800797021388 22.413145774903192 6 0.000496561
shell0_X0_Y0_Z0_mono0_fix1/shell0_X0_Y0_Z0_mono1_fix1/shell1_X0_Y-1_Z-1_mono1_fix1//test20tig_AVTZ// DONE 4.832536863788853 9.311075872665427 8.301736003054815 22.445348739509093 2 0.000415751
shell0_X0_Y0_Z0_mono0_fix1/shell1_X0_Y1_Z-1_mono0_fix1/shell2_X0_Y2_Z-1_mono1_fix1//test20tig_AVTZ// DONE 8.30173601819067 9.311076021291033 4.8325372673373375 22.44534930681904 4 0.000415751
shell0_X0_Y0_Z0_mono0_fix1/shell1_X1_Y0_Z-1_mono0_fix1/shell2_X2_Y0_Z-1_mono0_fix1//test20tig_AVTZ// DONE 7.4326969331133075 10.458272455392859 4.576817879131266 22.46778726763743 6 -0.000240202
shell0_X0_Y0_Z0_mono0_fix1/shell1_X0_Y-1_Z1_mono0_fix1/shell1_X0_Y-1_Z0_mono1_fix1//test20tig_AVTZ// DONE 8.30173601819067 9.29807416463103 4.8748181239170645 22.474628306738765 4 0.000416539
shell0_X0_Y0_Z0_mono0_fix1/shell1_X0_Y1_Z-1_mono1_fix1/shell2_X0_Y2_Z0_mono1_fix1//test20tig_AVTZ// DONE 4.874818245582405 9.298074429663075 8.301736003054813 22.47462867830029 2 0.000416539
shell0_X0_Y0_Z0_mono0_fix1/shell1_X-1_Y-1_Z-1_mono0_fix1/shell1_X-1_Y-1_Z0_mono0_fix1//test20tig_AVTZ// DONE 9.220399005428119 7.206164883641014 6.052387884674758 22.47895177374389 6 0.000467276
shell0_X0_Y0_Z0_mono0_fix1/shell1_X-1_Y0_Z-1_mono0_fix1/shell1_X-1_Y1_Z-1_mono0_fix1//test20tig_AVTZ// DONE 7.357945972453686 9.295639787140068 5.834800797021388 22.48838655661514 6 0.000245171
shell0_X0_Y0_Z0_mono0_fix1/shell1_X1_Y-1_Z-1_mono0_fix1/shell1_X1_Y0_Z-1_mono0_fix1//test20tig_AVTZ// DONE 9.287303895161147 7.4326969331133075 5.834800797021388 22.55480162529584 6 0.000419834
shell0_X0_Y0_Z0_mono0_fix1/shell1_X1_Y-1_Z-1_mono0_fix1/shell1_X1_Y-1_Z0_mono0_fix1//test20tig_AVTZ// DONE 9.287303895161147 7.234555636358268 6.052387884674758 22.574247416194172 6 0.000395764
shell0_X0_Y0_Z0_mono0_fix1/shell1_X-1_Y1_Z-1_mono0_fix1/shell1_X0_Y0_Z-1_mono0_fix1//test20tig_AVTZ// DONE 9.295639787140068 6.052387884674759 7.234555636358268 22.582583308173092 6 0.000257039
shell0_X0_Y0_Z0_mono0_fix1/shell1_X0_Y0_Z-1_mono0_fix1/shell1_X1_Y1_Z-1_mono0_fix1//test20tig_AVTZ// DONE 6.052387884674759 9.333735909753628 7.206164883641014 22.5922886780694 6 0.000225006
shell0_X0_Y0_Z0_mono0_fix1/shell1_X1_Y0_Z-1_mono0_fix1/shell1_X1_Y1_Z-1_mono0_fix1//test20tig_AVTZ// DONE 7.4326969331133075 9.333735909753628 5.834800797021388 22.60123363988832 6 0.000261678
shell0_X0_Y0_Z0_mono0_fix1/shell1_X0_Y1_Z1_mono0_fix1/shell1_X0_Y1_Z1_mono1_fix1//test20tig_AVTZ// DONE 8.21547938783387 9.557279331757533 4.832536863788853 22.605295583380254 4 0.000393560
shell0_X0_Y0_Z0_mono0_fix1/shell1_X0_Y0_Z1_mono1_fix1/shell1_X0_Y1_Z0_mono1_fix1//test20tig_AVTZ// DONE 9.557279214796873 4.8325372673373375 8.215479171456105 22.605295653590318 2 0.000393561
shell0_X0_Y0_Z0_mono0_fix1/shell1_X0_Y0_Z-1_mono1_fix1/shell2_X0_Y1_Z-2_mono1_fix1//test20tig_AVTZ// DONE 4.8748181239170645 9.594444174651146 8.215479171456105 22.684741470024314 2 0.000366098
shell0_X0_Y0_Z0_mono0_fix1/shell1_X0_Y-1_Z-1_mono0_fix1/shell2_X0_Y0_Z-2_mono1_fix1//test20tig_AVTZ// DONE 8.21547938783387 9.594444158397373 4.874818245582405 22.68474179181365 4 0.000366098
shell0_X0_Y0_Z0_mono0_fix1/shell0_X0_Y0_Z0_mono1_fix1/shell1_X0_Y1_Z1_mono1_fix1//test20tig_AVTZ// DONE 4.832536863788853 9.557279331757533 8.301736003054813 22.6915521986012 2 0.000370373
shell0_X0_Y0_Z0_mono0_fix1/shell1_X0_Y1_Z-1_mono0_fix1/shell1_X0_Y1_Z0_mono1_fix1//test20tig_AVTZ// DONE 8.30173601819067 4.8325372673373375 9.557279214796873 22.69155250032488 4 0.000370373
shell0_X0_Y0_Z0_mono0_fix1/shell1_X0_Y0_Z-1_mono1_fix1/shell1_X0_Y-1_Z1_mono0_fix1//test20tig_AVTZ// DONE 4.8748181239170645 8.30173601819067 9.59444417465115 22.770998316758885 4 0.000323067
shell0_X0_Y0_Z0_mono0_fix1/shell1_X0_Y1_Z-1_mono1_fix1/shell2_X0_Y0_Z-2_mono1_fix1//test20tig_AVTZ// DONE 4.874818245582405 9.594444158397373 8.301736003054815 22.770998407034593 2 0.000323067
shell0_X0_Y0_Z0_mono0_fix1/shell1_X-1_Y0_Z-1_mono0_fix1/shell1_X0_Y-1_Z-1_mono0_fix1//test20tig_AVTZ// DONE 7.357945972453686 8.21547938783387 7.234555636358268 22.807980996645824 6 0.000403946
shell0_X0_Y0_Z0_mono0_fix1/shell1_X-1_Y1_Z0_mono1_fix1/shell1_X1_Y0_Z0_mono1_fix1//test20tig_AVTZ// DONE 4.874819824994216 7.687882795249494 10.281258511186682 22.84396113143039 2 0.000012180
shell0_X0_Y0_Z0_mono0_fix1/shell1_X-1_Y0_Z0_mono1_fix1/shell2_X-2_Y-1_Z0_mono0_fix1//test20tig_AVTZ// DONE 4.87481984938681 10.281259045415679 7.687883006758034 22.843961901560522 4 0.000012179
shell0_X0_Y0_Z0_mono0_fix1/shell1_X0_Y-1_Z-1_mono0_fix1/shell1_X1_Y0_Z-1_mono0_fix1//test20tig_AVTZ// DONE 8.21547938783387 7.4326969331133075 7.206164883641014 22.85434120458819 6 0.000397098
shell0_X0_Y0_Z0_mono0_fix1/shell1_X-1_Y1_Z-1_mono1_fix1/shell1_X1_Y0_Z-1_mono1_fix1//test20tig_AVTZ// DONE 4.832541657327352 7.741652423640553 10.281258511186682 22.855452592154585 2 0.000116270
shell0_X0_Y0_Z0_mono0_fix1/shell1_X1_Y1_Z-1_mono1_fix1/shell2_X2_Y1_Z0_mono0_fix1//test20tig_AVTZ// DONE 7.7416525542166985 10.281259045415679 4.832541803661923 22.855453403294298 4 0.000116270
shell0_X0_Y0_Z0_mono0_fix1/shell1_X-1_Y0_Z0_mono1_fix1/shell1_X1_Y1_Z0_mono1_fix1//test20tig_AVTZ// DONE 4.87481984938681 7.687883006758034 10.301594026468404 22.86429688261325 2 0.000009639
shell0_X0_Y0_Z0_mono0_fix1/shell1_X-1_Y1_Z0_mono1_fix1/shell2_X-2_Y1_Z0_mono0_fix1//test20tig_AVTZ// DONE 4.874819824994216 10.301594281051562 7.687882795249494 22.864296901295273 4 0.000009639
shell0_X0_Y0_Z0_mono0_fix1/shell1_X-1_Y0_Z-1_mono0_fix1/shell1_X0_Y1_Z-1_mono0_fix1//test20tig_AVTZ// DONE 7.357945972453686 8.30173601819067 7.206164883641014 22.86584687428537 6 0.000330812
shell0_X0_Y0_Z0_mono0_fix1/shell1_X-1_Y1_Z-1_mono1_fix1/shell2_X-2_Y1_Z0_mono0_fix1//test20tig_AVTZ// DONE 4.832541657327352 10.301594281051562 7.741652423640553 22.875788362019467 4 0.000044232
shell0_X0_Y0_Z0_mono0_fix1/shell1_X-1_Y0_Z-1_mono1_fix1/shell1_X1_Y1_Z-1_mono1_fix1//test20tig_AVTZ// DONE 4.832541803661923 7.7416525542166985 10.301594026468404 22.875788384347025 2 0.000044232
shell0_X0_Y0_Z0_mono0_fix1/shell1_X-1_Y0_Z-1_mono1_fix1/shell1_X1_Y0_Z0_mono1_fix1//test20tig_AVTZ// DONE 4.832541803661923 7.687882795249494 10.370397417600696 22.89082201651211 2 0.000015919
shell0_X0_Y0_Z0_mono0_fix1/shell1_X-1_Y1_Z-1_mono1_fix1/shell1_X1_Y1_Z0_mono1_fix1//test20tig_AVTZ// DONE 4.832541657327352 7.687883006758034 10.370397417600696 22.890822081686082 2 0.000050397
shell0_X0_Y0_Z0_mono0_fix1/shell1_X-1_Y0_Z-1_mono1_fix1/shell2_X-2_Y0_Z-1_mono0_fix1//test20tig_AVTZ// DONE 4.832541803661923 10.370397658874877 7.687882795249494 22.890822257786294 4 0.000050396
shell0_X0_Y0_Z0_mono0_fix1/shell1_X1_Y1_Z0_mono1_fix1/shell2_X2_Y0_Z1_mono0_fix1//test20tig_AVTZ// DONE 7.687883006758034 10.370397658874877 4.832541657327352 22.89082232296026 4 0.000015919
shell0_X0_Y0_Z0_mono0_fix1/shell1_X0_Y1_Z-1_mono0_fix1/shell1_X1_Y0_Z-1_mono0_fix1//test20tig_AVTZ// DONE 8.30173601819067 7.4326969331133075 7.234555636358268 22.968988587662245 6 0.000300431
shell0_X0_Y0_Z0_mono0_fix1/shell1_X0_Y1_Z0_mono0_fix1/shell2_X0_Y2_Z0_mono0_fix1//test20tig_AVTZ// DONE 5.834800797021388 11.351447454150398 5.834800797021388 23.021049048193174 3 -0.000775727
shell0_X0_Y0_Z0_mono0_fix1/shell1_X-1_Y-1_Z0_mono0_fix1/shell1_X1_Y-1_Z0_mono0_fix1//test20tig_AVTZ// DONE 7.206164883641014 7.234555636358268 8.63133829007425 23.072058810073532 6 0.000288934
shell0_X0_Y0_Z0_mono0_fix1/shell1_X1_Y0_Z-1_mono1_fix1/shell1_X-1_Y0_Z0_mono1_fix1//test20tig_AVTZ// DONE 7.741652423640553 4.87481984938681 10.45827218511578 23.074744458143144 2 -0.000002834
shell0_X0_Y0_Z0_mono0_fix1/shell1_X1_Y1_Z-1_mono1_fix1/shell1_X-1_Y1_Z0_mono1_fix1//test20tig_AVTZ// DONE 7.7416525542166985 4.874819824994216 10.45827218511578 23.074744564326693 2 -0.000033873
shell0_X0_Y0_Z0_mono0_fix1/shell1_X1_Y0_Z-1_mono1_fix1/shell2_X2_Y0_Z-1_mono0_fix1//test20tig_AVTZ// DONE 7.741652423640553 10.458272455392859 4.87481984938681 23.07474472842022 4 -0.000033873
shell0_X0_Y0_Z0_mono0_fix1/shell1_X1_Y1_Z-1_mono1_fix1/shell2_X2_Y0_Z-1_mono0_fix1//test20tig_AVTZ// DONE 7.7416525542166985 10.458272455392859 4.874819824994216 23.074744834603774 4 -0.000002833
shell0_X0_Y0_Z0_mono0_fix1/shell0_X0_Y0_Z0_mono1_fix1/shell1_X1_Y-1_Z0_mono1_fix1//test20tig_AVTZ// DONE 4.832536863788853 11.052017778653015 7.2061641805828875 23.090718823024755 2 -0.000330281
shell0_X0_Y0_Z0_mono0_fix1/shell1_X1_Y1_Z0_mono0_fix1/shell2_X1_Y2_Z0_mono1_fix1//test20tig_AVTZ// DONE 7.206164883641014 11.052018052102294 4.8325372673373375 23.090720203080643 4 -0.000330281
shell0_X0_Y0_Z0_mono0_fix1/shell0_X0_Y0_Z0_mono1_fix1/shell1_X-1_Y1_Z0_mono0_fix1//test20tig_AVTZ// DONE 4.832536863788853 7.234555636358268 11.052017778653015 23.119110278800136 4 -0.000445932
shell0_X0_Y0_Z0_mono0_fix1/shell1_X0_Y1_Z0_mono1_fix1/shell2_X1_Y2_Z0_mono1_fix1//test20tig_AVTZ// DONE 4.8325372673373375 11.052018052102294 7.23455534818809 23.119110667627723 2 -0.000445932
shell0_X0_Y0_Z0_mono0_fix1/shell1_X0_Y0_Z-1_mono1_fix1/shell1_X1_Y-1_Z-1_mono1_fix1//test20tig_AVTZ// DONE 4.8748181239170645 11.082269652642847 7.2061641805828875 23.163251957142798 2 -0.000471105
shell0_X0_Y0_Z0_mono0_fix1/shell1_X1_Y1_Z0_mono0_fix1/shell2_X1_Y2_Z-1_mono1_fix1//test20tig_AVTZ// DONE 7.206164883641014 11.08226985161873 4.874818245582405 23.163252980842145 4 -0.000471104
shell0_X0_Y0_Z0_mono0_fix1/shell1_X-1_Y-1_Z0_mono1_fix1/shell1_X0_Y-1_Z0_mono1_fix1//test20tig_AVTZ// DONE 9.311076743517448 9.29807416463103 4.576816950491205 23.185967858639685 2 0.000359088
shell0_X0_Y0_Z0_mono0_fix1/shell2_X-1_Y2_Z0_mono1_fix1/shell2_X0_Y2_Z0_mono1_fix1//test20tig_AVTZ// DONE 9.311076854260124 9.298074429663075 4.576816950491205 23.185968234414403 2 0.000412782
shell0_X0_Y0_Z0_mono0_fix1/shell1_X1_Y0_Z0_mono0_fix1/shell1_X0_Y-1_Z0_mono1_fix1//test20tig_AVTZ// DONE 4.576817879131266 9.29807416463103 9.311076743517448 23.185968787279744 4 0.000412782
shell0_X0_Y0_Z0_mono0_fix1/shell1_X-1_Y0_Z0_mono0_fix1/shell2_X-1_Y2_Z0_mono1_fix1//test20tig_AVTZ// DONE 4.576817879131266 9.311076854260124 9.298074429663075 23.185969163054466 4 0.000359088
shell0_X0_Y0_Z0_mono0_fix1/shell1_X0_Y0_Z-1_mono1_fix1/shell1_X-1_Y1_Z0_mono0_fix1//test20tig_AVTZ// DONE 4.8748181239170645 7.234555636358268 11.082269652642847 23.19164341291818 4 -0.000305370
shell0_X0_Y0_Z0_mono0_fix1/shell1_X0_Y1_Z-1_mono1_fix1/shell2_X1_Y2_Z-1_mono1_fix1//test20tig_AVTZ// DONE 4.874818245582405 11.08226985161873 7.23455534818809 23.191643445389225 2 -0.000305370
shell0_X0_Y0_Z0_mono0_fix1/shell0_X0_Y0_Z0_mono1_fix1/shell1_X1_Y1_Z1_mono0_fix1//test20tig_AVTZ// DONE 4.832536863788853 9.220399005428119 9.298076751720414 23.351012620937386 4 0.000418820
shell0_X0_Y0_Z0_mono0_fix1/shell1_X0_Y1_Z0_mono1_fix1/shell2_X-1_Y2_Z-1_mono1_fix1//test20tig_AVTZ// DONE 4.8325372673373375 9.298076765664977 9.220398664532015 23.35101269753433 2 0.000418819
shell0_X0_Y0_Z0_mono0_fix1/shell1_X-1_Y0_Z-1_mono0_fix1/shell1_X1_Y0_Z-1_mono0_fix1//test20tig_AVTZ// DONE 7.357945972453686 7.4326969331133075 8.63133829007425 23.421981195641244 6 0.000254269
shell0_X0_Y0_Z0_mono0_fix1/shell0_X0_Y0_Z0_mono1_fix1/shell1_X-1_Y-1_Z-1_mono1_fix1//test20tig_AVTZ// DONE 4.832536863788853 9.298076751720414 9.295639782756695 23.426253398265963 2 0.000315456
shell0_X0_Y0_Z0_mono0_fix1/shell1_X-1_Y1_Z-1_mono0_fix1/shell2_X-1_Y2_Z-1_mono1_fix1//test20tig_AVTZ// DONE 9.295639787140068 9.298076765664977 4.8325372673373375 23.42625382014238 4 0.000315456
shell0_X0_Y0_Z0_mono0_fix1/shell0_X0_Y0_Z0_mono1_fix1/shell1_X1_Y0_Z1_mono1_fix1//test20tig_AVTZ// DONE 4.832536863788853 11.251269307167787 7.3579458897229895 23.441752060679633 2 -0.000308629
shell0_X0_Y0_Z0_mono0_fix1/shell0_X0_Y0_Z0_mono1_fix1/shell1_X-1_Y0_Z-1_mono0_fix1//test20tig_AVTZ// DONE 4.832536863788853 7.357945972453686 11.251269307167787 23.441752143410326 4 -0.000468904
shell0_X0_Y0_Z0_mono0_fix1/shell1_X1_Y1_Z1_mono1_fix1/shell1_X0_Y1_Z0_mono1_fix1//test20tig_AVTZ// DONE 11.25126941695398 4.8325372673373375 7.3579458897229895 23.44175257401431 2 -0.000468904
shell0_X0_Y0_Z0_mono0_fix1/shell1_X-1_Y0_Z-1_mono0_fix1/shell1_X0_Y1_Z0_mono1_fix1//test20tig_AVTZ// DONE 7.357945972453686 4.8325372673373375 11.25126941695398 23.441752656745003 4 -0.000308629
shell0_X0_Y0_Z0_mono0_fix1/shell1_X0_Y0_Z-1_mono1_fix1/shell1_X-1_Y-1_Z0_mono1_fix1//test20tig_AVTZ// DONE 4.8748181239170645 9.311076743517448 9.28730372170711 23.473198589141624 2 0.000363195
shell0_X0_Y0_Z0_mono0_fix1/shell1_X0_Y1_Z-1_mono1_fix1/shell1_X1_Y-1_Z-1_mono0_fix1//test20tig_AVTZ// DONE 4.874818245582405 9.287303895161147 9.311076854260124 23.473198995003678 4 0.000363195
shell0_X0_Y0_Z0_mono0_fix1/shell1_X0_Y0_Z-1_mono1_fix1/shell1_X1_Y1_Z-1_mono0_fix1//test20tig_AVTZ// DONE 4.8748181239170645 9.333735909753628 9.311076743517448 23.51963077718814 4 0.000301445
shell0_X0_Y0_Z0_mono0_fix1/shell1_X0_Y1_Z-1_mono1_fix1/shell2_X-1_Y2_Z0_mono1_fix1//test20tig_AVTZ// DONE 4.874818245582405 9.311076854260124 9.333735696013983 23.519630795856514 2 0.000301444
shell0_X0_Y0_Z0_mono0_fix1/shell1_X1_Y1_Z-1_mono1_fix1/shell1_X1_Y0_Z0_mono1_fix1//test20tig_AVTZ// DONE 7.7416525542166985 7.687882795249494 8.215479171456103 23.645014520922295 2 0.000281038
shell0_X0_Y0_Z0_mono0_fix1/shell1_X0_Y-1_Z-1_mono0_fix1/shell1_X1_Y0_Z-1_mono1_fix1//test20tig_AVTZ// DONE 8.21547938783387 7.741652423640553 7.687883006758034 23.645014818232458 4 0.000281038
shell0_X0_Y0_Z0_mono0_fix1/shell1_X0_Y0_Z-1_mono1_fix1/shell2_X1_Y0_Z-2_mono1_fix1//test20tig_AVTZ// DONE 4.8748181239170645 11.339343574138505 7.4326967908791595 23.64685848893473 2 -0.000375568
shell0_X0_Y0_Z0_mono0_fix1/shell1_X0_Y0_Z-1_mono1_fix1/shell1_X-1_Y0_Z1_mono0_fix1//test20tig_AVTZ// DONE 4.8748181239170645 7.4326969331133075 11.339343574138505 23.646858631168875 4 -0.000292204
shell0_X0_Y0_Z0_mono0_fix1/shell1_X0_Y1_Z-1_mono1_fix1/shell2_X1_Y1_Z-2_mono1_fix1//test20tig_AVTZ// DONE 4.874818245582405 11.33934361654418 7.4326967908791595 23.646858653005747 2 -0.000292204
shell0_X0_Y0_Z0_mono0_fix1/shell1_X0_Y1_Z-1_mono1_fix1/shell1_X-1_Y0_Z1_mono0_fix1//test20tig_AVTZ// DONE 4.874818245582405 7.4326969331133075 11.33934361654418 23.646858795239893 4 -0.000375567
shell0_X0_Y0_Z0_mono0_fix1/shell1_X0_Y0_Z1_mono1_fix1/shell1_X-1_Y1_Z0_mono1_fix1//test20tig_AVTZ// DONE 9.557279214796873 4.874819824994216 9.220398664532015 23.652497704323103 2 0.000357547
shell0_X0_Y0_Z0_mono0_fix1/shell1_X-1_Y-1_Z-1_mono0_fix1/shell1_X-1_Y0_Z0_mono1_fix1//test20tig_AVTZ// DONE 9.220399005428119 4.87481984938681 9.557279331757533 23.652498186572462 4 0.000357546
shell0_X0_Y0_Z0_mono0_fix1/shell1_X1_Y0_Z0_mono1_fix1/shell2_X2_Y0_Z0_mono1_fix1//test20tig_AVTZ// DONE 7.687882795249494 11.423339923096975 4.576816950491205 23.688039668837675 2 -0.000335289
shell0_X0_Y0_Z0_mono0_fix1/shell1_X1_Y1_Z0_mono1_fix1/shell2_X2_Y1_Z0_mono1_fix1//test20tig_AVTZ// DONE 7.687883006758034 11.423340031243132 4.576816950491205 23.68803998849237 2 -0.000357039
shell0_X0_Y0_Z0_mono0_fix1/shell1_X-1_Y0_Z0_mono0_fix1/shell1_X1_Y0_Z0_mono1_fix1//test20tig_AVTZ// DONE 4.576817879131266 7.687882795249494 11.423339923096975 23.688040597477734 4 -0.000357038
shell0_X0_Y0_Z0_mono0_fix1/shell1_X-1_Y0_Z0_mono0_fix1/shell1_X1_Y1_Z0_mono1_fix1//test20tig_AVTZ// DONE 4.576817879131266 7.687883006758034 11.423340031243132 23.688040917132433 4 -0.000335289
shell0_X0_Y0_Z0_mono0_fix1/shell0_X0_Y0_Z0_mono1_fix1/shell1_X1_Y-1_Z-1_mono0_fix1//test20tig_AVTZ// DONE 4.832536863788853 9.287303895161147 9.594443452897366 23.714284211847364 4 0.000339414
shell0_X0_Y0_Z0_mono0_fix1/shell1_X-1_Y0_Z1_mono1_fix1/shell1_X0_Y1_Z0_mono1_fix1//test20tig_AVTZ// DONE 9.594443387322988 4.8325372673373375 9.28730372170711 23.714284376367438 2 0.000339413
shell0_X0_Y0_Z0_mono0_fix1/shell1_X0_Y0_Z1_mono1_fix1/shell1_X1_Y-1_Z1_mono0_fix1//test20tig_AVTZ// DONE 9.557279214796873 9.295639787140068 4.874819824994216 23.727738826931155 4 0.000273698
shell0_X0_Y0_Z0_mono0_fix1/shell1_X0_Y1_Z1_mono1_fix1/shell1_X-1_Y0_Z0_mono1_fix1//test20tig_AVTZ// DONE 9.557279331757533 4.87481984938681 9.295639782756695 23.72773896390104 2 0.000273697
shell0_X0_Y0_Z0_mono0_fix1/shell1_X-1_Y0_Z1_mono1_fix1/shell1_X0_Y0_Z1_mono1_fix1//test20tig_AVTZ// DONE 9.594443387322988 9.557279214796873 4.576816950491205 23.728539552611068 2 0.000291863
shell0_X0_Y0_Z0_mono0_fix1/shell1_X-1_Y1_Z1_mono1_fix1/shell1_X0_Y1_Z1_mono1_fix1//test20tig_AVTZ// DONE 9.594443452897366 9.557279331757533 4.576816950491205 23.728539735146107 2 0.000334517
shell0_X0_Y0_Z0_mono0_fix1/shell1_X0_Y0_Z1_mono1_fix1/shell1_X1_Y0_Z0_mono0_fix1//test20tig_AVTZ// DONE 9.557279214796873 4.576817879131266 9.594443387322988 23.728540481251127 4 0.000334516
shell0_X0_Y0_Z0_mono0_fix1/shell1_X0_Y1_Z1_mono1_fix1/shell1_X1_Y0_Z0_mono0_fix1//test20tig_AVTZ// DONE 9.557279331757533 4.576817879131266 9.594443452897366 23.728540663786163 4 0.000291863
shell0_X0_Y0_Z0_mono0_fix1/shell1_X0_Y1_Z-1_mono0_fix1/shell1_X1_Y1_Z-1_mono1_fix1//test20tig_AVTZ// DONE 8.30173601819067 7.7416525542166985 7.687882795249494 23.731271367656863 4 0.000207937
shell0_X0_Y0_Z0_mono0_fix1/shell1_X1_Y0_Z-1_mono1_fix1/shell1_X1_Y1_Z0_mono1_fix1//test20tig_AVTZ// DONE 7.741652423640553 7.687883006758034 8.301736003054813 23.7312714334534 2 0.000207936
shell0_X0_Y0_Z0_mono0_fix1/shell0_X0_Y0_Z0_mono1_fix1/shell1_X-1_Y1_Z1_mono1_fix1//test20tig_AVTZ// DONE 4.832536863788853 9.594443452897366 9.333735696013983 23.7607160127002 2 0.000292978
shell0_X0_Y0_Z0_mono0_fix1/shell1_X1_Y1_Z-1_mono0_fix1/shell1_X0_Y1_Z0_mono1_fix1//test20tig_AVTZ// DONE 9.333735909753628 4.8325372673373375 9.594443387322988 23.760716564413954 4 0.000292978
shell0_X0_Y0_Z0_mono0_fix1/shell1_X1_Y0_Z-1_mono1_fix1/shell2_X2_Y0_Z-1_mono1_fix1//test20tig_AVTZ// DONE 7.741652423640553 11.47158597420565 4.576816950491205 23.79005534833741 2 -0.000314137
shell0_X0_Y0_Z0_mono0_fix1/shell1_X1_Y1_Z-1_mono1_fix1/shell2_X2_Y1_Z-1_mono1_fix1//test20tig_AVTZ// DONE 7.7416525542166985 11.471586058415966 4.576816950491205 23.79005556312387 2 -0.000375204
shell0_X0_Y0_Z0_mono0_fix1/shell1_X1_Y0_Z-1_mono1_fix1/shell1_X-1_Y0_Z0_mono0_fix1//test20tig_AVTZ// DONE 7.741652423640553 4.576817879131266 11.47158597420565 23.790056276977467 4 -0.000375203
shell0_X0_Y0_Z0_mono0_fix1/shell1_X1_Y1_Z-1_mono1_fix1/shell1_X-1_Y0_Z0_mono0_fix1//test20tig_AVTZ// DONE 7.7416525542166985 4.576817879131266 11.471586058415966 23.79005649176393 4 -0.000314137
shell0_X0_Y0_Z0_mono0_fix1/shell1_X0_Y0_Z-1_mono0_fix1/shell1_X0_Y0_Z1_mono0_fix1//test20tig_AVTZ// DONE 6.052387884674759 6.052387884674758 11.793340778908906 23.89811654825842 3 -0.000520587
shell0_X0_Y0_Z0_mono0_fix1/shell1_X1_Y1_Z0_mono1_fix1/shell2_X0_Y2_Z0_mono1_fix1//test20tig_AVTZ// DONE 7.687883006758034 9.298074429663075 7.2061641805828875 24.192121617004 2 0.000211298
shell0_X0_Y0_Z0_mono0_fix1/shell1_X-1_Y-1_Z0_mono0_fix1/shell1_X0_Y-1_Z0_mono1_fix1//test20tig_AVTZ// DONE 7.206164883641014 9.29807416463103 7.687882795249494 24.192121843521537 4 0.000211298
shell0_X0_Y0_Z0_mono0_fix1/shell1_X1_Y0_Z0_mono1_fix1/shell1_X0_Y-1_Z0_mono1_fix1//test20tig_AVTZ// DONE 7.687882795249494 9.29807416463103 7.23455534818809 24.220512308068614 2 0.000183945
shell0_X0_Y0_Z0_mono0_fix1/shell1_X-1_Y1_Z0_mono0_fix1/shell2_X0_Y2_Z0_mono1_fix1//test20tig_AVTZ// DONE 7.234555636358268 9.298074429663075 7.687883006758034 24.220513072779376 4 0.000183945
shell0_X0_Y0_Z0_mono0_fix1/shell1_X1_Y1_Z-1_mono1_fix1/shell2_X0_Y2_Z-1_mono1_fix1//test20tig_AVTZ// DONE 7.7416525542166985 9.311076021291033 7.2061641805828875 24.25889275609062 2 0.000190347
shell0_X0_Y0_Z0_mono0_fix1/shell1_X0_Y-1_Z-1_mono1_fix1/shell1_X-1_Y-1_Z0_mono0_fix1//test20tig_AVTZ// DONE 9.311075872665427 7.206164883641014 7.741652423640553 24.258893179946995 4 0.000190347
shell0_X0_Y0_Z0_mono0_fix1/shell1_X0_Y-1_Z-1_mono1_fix1/shell1_X1_Y0_Z-1_mono1_fix1//test20tig_AVTZ// DONE 9.311075872665427 7.741652423640553 7.23455534818809 24.287283644494067 2 0.000184246
shell0_X0_Y0_Z0_mono0_fix1/shell1_X1_Y1_Z-1_mono1_fix1/shell1_X1_Y-1_Z0_mono0_fix1//test20tig_AVTZ// DONE 7.7416525542166985 7.234555636358268 9.311076021291033 24.287284211865998 4 0.000184246
shell0_X0_Y0_Z0_mono0_fix1/shell1_X-1_Y1_Z-1_mono1_fix1/shell1_X1_Y0_Z0_mono1_fix1//test20tig_AVTZ// DONE 4.832541657327352 7.687882795249494 11.772367437680082 24.29279189025693 2 -0.000343979
shell0_X0_Y0_Z0_mono0_fix1/shell1_X1_Y1_Z0_mono1_fix1/shell2_X2_Y1_Z1_mono0_fix1//test20tig_AVTZ// DONE 7.687883006758034 11.772367791361654 4.832541803661923 24.29279260178161 4 -0.000343979
shell0_X0_Y0_Z0_mono0_fix1/shell1_X-1_Y1_Z-1_mono1_fix1/shell2_X-2_Y1_Z-1_mono0_fix1//test20tig_AVTZ// DONE 4.832541657327352 11.815540326094641 7.687882795249494 24.335964778671485 4 -0.000300202
shell0_X0_Y0_Z0_mono0_fix1/shell1_X-1_Y0_Z-1_mono1_fix1/shell1_X1_Y1_Z0_mono1_fix1//test20tig_AVTZ// DONE 4.832541803661923 7.687883006758034 11.815540228992958 24.335965039412915 2 -0.000300202
shell0_X0_Y0_Z0_mono0_fix1/shell1_X1_Y1_Z-1_mono1_fix1/shell1_X-1_Y0_Z0_mono1_fix1//test20tig_AVTZ// DONE 7.7416525542166985 4.87481984938681 11.859669417156478 24.476141820759988 2 -0.000299898
shell0_X0_Y0_Z0_mono0_fix1/shell1_X1_Y0_Z-1_mono1_fix1/shell2_X2_Y-1_Z-1_mono0_fix1//test20tig_AVTZ// DONE 7.741652423640553 11.85966960615678 4.874819824994216 24.47614185479155 4 -0.000299898
shell0_X0_Y0_Z0_mono0_fix1/shell1_X1_Y0_Z-1_mono1_fix1/shell1_X-1_Y1_Z0_mono1_fix1//test20tig_AVTZ// DONE 7.741652423640553 4.874819824994216 11.875393728805076 24.491865977439844 2 -0.000291056
shell0_X0_Y0_Z0_mono0_fix1/shell1_X1_Y1_Z-1_mono1_fix1/shell2_X2_Y1_Z-1_mono0_fix1//test20tig_AVTZ// DONE 7.7416525542166985 11.875394026584075 4.87481984938681 24.491866430187585 4 -0.000291056
shell0_X0_Y0_Z0_mono0_fix1/shell1_X1_Y-1_Z0_mono1_fix1/shell1_X1_Y0_Z0_mono1_fix1//test20tig_AVTZ// DONE 11.052017778653015 7.687882795249494 5.83480027387607 24.57470084777858 2 0.000055272
shell0_X0_Y0_Z0_mono0_fix1/shell1_X1_Y1_Z0_mono1_fix1/shell2_X1_Y2_Z0_mono1_fix1//test20tig_AVTZ// DONE 7.687883006758034 11.052018052102294 5.83480027387607 24.5747013327364 2 0.000008385
shell0_X0_Y0_Z0_mono0_fix1/shell1_X1_Y-1_Z0_mono1_fix1/shell1_X0_Y-1_Z0_mono0_fix1//test20tig_AVTZ// DONE 11.052017778653015 5.83480079702139 7.687882795249494 24.574701370923897 4 0.000008385
shell0_X0_Y0_Z0_mono0_fix1/shell1_X0_Y1_Z0_mono0_fix1/shell2_X1_Y2_Z0_mono1_fix1//test20tig_AVTZ// DONE 5.834800797021388 11.052018052102294 7.687883006758034 24.574701855881717 4 0.000055271
shell0_X0_Y0_Z0_mono0_fix1/shell1_X1_Y-1_Z-1_mono1_fix1/shell1_X1_Y0_Z-1_mono1_fix1//test20tig_AVTZ// DONE 11.082269652642847 7.741652423640553 5.83480027387607 24.65872235015947 2 0.000035160
shell0_X0_Y0_Z0_mono0_fix1/shell1_X1_Y1_Z-1_mono1_fix1/shell2_X1_Y2_Z-1_mono1_fix1//test20tig_AVTZ// DONE 7.7416525542166985 11.08226985161873 5.83480027387607 24.6587226797115 2 0.000058366
shell0_X0_Y0_Z0_mono0_fix1/shell1_X1_Y-1_Z-1_mono1_fix1/shell1_X0_Y-1_Z0_mono0_fix1//test20tig_AVTZ// DONE 11.082269652642847 5.83480079702139 7.741652423640553 24.65872287330479 4 0.000058366
shell0_X0_Y0_Z0_mono0_fix1/shell1_X0_Y1_Z0_mono0_fix1/shell2_X1_Y2_Z-1_mono1_fix1//test20tig_AVTZ// DONE 5.834800797021388 11.08226985161873 7.7416525542166985 24.658723202856816 4 0.000035159
shell0_X0_Y0_Z0_mono0_fix1/shell1_X0_Y-1_Z-1_mono1_fix1/shell1_X0_Y0_Z-1_mono0_fix1//test20tig_AVTZ// DONE 9.311075872665427 6.052387884674759 9.298074164631034 24.661537921971217 4 0.000197419
shell0_X0_Y0_Z0_mono0_fix1/shell1_X0_Y-1_Z-1_mono1_fix1/shell1_X0_Y-1_Z0_mono1_fix1//test20tig_AVTZ// DONE 9.311075872665427 9.29807416463103 6.052388083568135 24.661538120864595 2 0.000194692
shell0_X0_Y0_Z0_mono0_fix1/shell1_X0_Y0_Z-1_mono0_fix1/shell2_X0_Y2_Z-1_mono1_fix1//test20tig_AVTZ// DONE 6.052387884674759 9.311076021291033 9.298074429663075 24.661538335628865 4 0.000194693
shell0_X0_Y0_Z0_mono0_fix1/shell2_X0_Y2_Z-1_mono1_fix1/shell2_X0_Y2_Z0_mono1_fix1//test20tig_AVTZ// DONE 9.311076021291033 9.298074429663075 6.052388083568135 24.661538534522244 2 0.000197418
shell0_X0_Y0_Z0_mono0_fix1/shell1_X0_Y0_Z1_mono1_fix1/shell1_X1_Y0_Z0_mono1_fix1//test20tig_AVTZ// DONE 9.557279214796873 7.687882795249494 7.4326967908791595 24.677858800925527 2 0.000155837
shell0_X0_Y0_Z0_mono0_fix1/shell1_X-1_Y0_Z1_mono0_fix1/shell1_X0_Y0_Z1_mono1_fix1//test20tig_AVTZ// DONE 7.4326969331133075 9.557279214796873 7.687882795249494 24.677858943159674 4 0.000167013
shell0_X0_Y0_Z0_mono0_fix1/shell1_X0_Y1_Z1_mono1_fix1/shell1_X1_Y1_Z0_mono1_fix1//test20tig_AVTZ// DONE 9.557279331757533 7.687883006758034 7.4326967908791595 24.677859129394726 2 0.000167013
shell0_X0_Y0_Z0_mono0_fix1/shell1_X1_Y0_Z-1_mono0_fix1/shell1_X1_Y1_Z0_mono1_fix1//test20tig_AVTZ// DONE 7.4326969331133075 7.687883006758034 9.557279331757533 24.677859271628876 4 0.000155837
shell0_X0_Y0_Z0_mono0_fix1/shell1_X1_Y0_Z-1_mono1_fix1/shell2_X0_Y0_Z-2_mono1_fix1//test20tig_AVTZ// DONE 7.741652423640553 9.594444158397373 7.3579458897229895 24.694042471760916 2 0.000156562
shell0_X0_Y0_Z0_mono0_fix1/shell1_X-1_Y0_Z-1_mono0_fix1/shell2_X0_Y0_Z-2_mono1_fix1//test20tig_AVTZ// DONE 7.357945972453686 9.594444158397373 7.741652423640553 24.69404255449161 4 0.000152650
shell0_X0_Y0_Z0_mono0_fix1/shell1_X1_Y1_Z-1_mono1_fix1/shell2_X0_Y1_Z-2_mono1_fix1//test20tig_AVTZ// DONE 7.7416525542166985 9.594444174651146 7.3579458897229895 24.694042618590835 2 0.000152650
shell0_X0_Y0_Z0_mono0_fix1/shell1_X-1_Y0_Z-1_mono0_fix1/shell2_X0_Y1_Z-2_mono1_fix1//test20tig_AVTZ// DONE 7.357945972453686 9.594444174651146 7.7416525542166985 24.694042701321532 4 0.000156562
shell0_X0_Y0_Z0_mono0_fix1/shell1_X0_Y1_Z0_mono0_fix1/shell2_X-2_Y0_Z0_mono0_fix1//test20tig_AVTZ// DONE 5.834800797021388 8.63133829007425 10.281259045415679 24.747398132511314 6 0.000161108
shell0_X0_Y0_Z0_mono0_fix1/shell1_X0_Y1_Z0_mono0_fix1/shell2_X2_Y0_Z0_mono0_fix1//test20tig_AVTZ// DONE 5.834800797021388 8.63133829007425 10.301594281051562 24.767733368147198 6 0.000142341
shell0_X0_Y0_Z0_mono0_fix1/shell0_X0_Y0_Z0_mono1_fix1/shell2_X2_Y0_Z0_mono1_fix1//test20tig_AVTZ// DONE 4.832536863788853 11.423339923096975 8.631337775704774 24.8872145625906 2 -0.000004809
shell0_X0_Y0_Z0_mono0_fix1/shell1_X0_Y1_Z0_mono1_fix1/shell2_X2_Y1_Z0_mono1_fix1//test20tig_AVTZ// DONE 4.8325372673373375 11.423340031243132 8.631337775704774 24.887215074285244 2 0.000021018
shell0_X0_Y0_Z0_mono0_fix1/shell0_X0_Y0_Z0_mono1_fix1/shell2_X-2_Y0_Z0_mono0_fix1//test20tig_AVTZ// DONE 4.832536863788853 8.63133829007425 11.423339923096975 24.88721507696008 4 0.000021019
shell0_X0_Y0_Z0_mono0_fix1/shell1_X0_Y1_Z0_mono1_fix1/shell2_X-2_Y0_Z0_mono0_fix1//test20tig_AVTZ// DONE 4.8325372673373375 8.63133829007425 11.423340031243132 24.88721558865472 4 -0.000004809
shell0_X0_Y0_Z0_mono0_fix1/shell1_X1_Y-1_Z0_mono1_fix1/shell1_X0_Y-1_Z0_mono1_fix1//test20tig_AVTZ// DONE 11.052017778653015 9.29807416463103 4.576816950491205 24.92690889377525 2 0.000120831
shell0_X0_Y0_Z0_mono0_fix1/shell2_X0_Y2_Z0_mono1_fix1/shell2_X1_Y2_Z0_mono1_fix1//test20tig_AVTZ// DONE 9.298074429663075 11.052018052102294 4.576816950491205 24.926909432256572 2 0.000113936
shell0_X0_Y0_Z0_mono0_fix1/shell1_X-1_Y0_Z0_mono0_fix1/shell1_X0_Y-1_Z0_mono1_fix1//test20tig_AVTZ// DONE 4.576817879131266 9.29807416463103 11.052017778653015 24.92690982241531 4 0.000113936
shell0_X0_Y0_Z0_mono0_fix1/shell1_X-1_Y0_Z0_mono0_fix1/shell2_X0_Y2_Z0_mono1_fix1//test20tig_AVTZ// DONE 4.576817879131266 9.298074429663075 11.052018052102294 24.926910360896635 4 0.000120831
shell0_X0_Y0_Z0_mono0_fix1/shell1_X0_Y0_Z1_mono1_fix1/shell1_X0_Y1_Z1_mono1_fix1//test20tig_AVTZ// DONE 9.557279214796873 9.557279331757533 5.83480027387607 24.949358820430476 2 0.000185018
shell0_X0_Y0_Z0_mono0_fix1/shell1_X0_Y0_Z1_mono1_fix1/shell1_X0_Y-1_Z0_mono0_fix1//test20tig_AVTZ// DONE 9.557279214796873 5.83480079702139 9.557279331757535 24.949359343575797 4 0.000185018
shell0_X0_Y0_Z0_mono0_fix1/shell1_X0_Y-1_Z-1_mono1_fix1/shell1_X1_Y-1_Z-1_mono1_fix1//test20tig_AVTZ// DONE 9.311075872665427 11.082269652642847 4.576816950491205 24.970162475799476 2 0.000125671
shell0_X0_Y0_Z0_mono0_fix1/shell2_X0_Y2_Z-1_mono1_fix1/shell2_X1_Y2_Z-1_mono1_fix1//test20tig_AVTZ// DONE 9.311076021291033 11.08226985161873 4.576816950491205 24.97016282340097 2 0.000066420
shell0_X0_Y0_Z0_mono0_fix1/shell1_X0_Y-1_Z-1_mono1_fix1/shell1_X-1_Y0_Z0_mono0_fix1//test20tig_AVTZ// DONE 9.311075872665427 4.576817879131266 11.082269652642847 24.97016340443954 4 0.000066421
shell0_X0_Y0_Z0_mono0_fix1/shell1_X-1_Y0_Z0_mono0_fix1/shell2_X0_Y2_Z-1_mono1_fix1//test20tig_AVTZ// DONE 4.576817879131266 9.311076021291033 11.08226985161873 24.970163752041028 4 0.000125670
shell0_X0_Y0_Z0_mono0_fix1/shell1_X0_Y0_Z-1_mono1_fix1/shell2_X2_Y0_Z-1_mono1_fix1//test20tig_AVTZ// DONE 4.8748181239170645 11.47158597420565 8.631337775704774 24.97774187382749 2 -0.000012055
shell0_X0_Y0_Z0_mono0_fix1/shell1_X0_Y1_Z-1_mono1_fix1/shell2_X2_Y1_Z-1_mono1_fix1//test20tig_AVTZ// DONE 4.874818245582405 11.471586058415966 8.631337775704774 24.97774207970314 2 -0.000046112
shell0_X0_Y0_Z0_mono0_fix1/shell1_X0_Y0_Z-1_mono1_fix1/shell2_X-2_Y0_Z0_mono0_fix1//test20tig_AVTZ// DONE 4.8748181239170645 8.63133829007425 11.47158597420565 24.977742388196965 4 -0.000046112
shell0_X0_Y0_Z0_mono0_fix1/shell2_X2_Y1_Z-1_mono1_fix1/shell2_X2_Y0_Z0_mono0_fix1//test20tig_AVTZ// DONE 11.471586058415966 8.63133829007425 4.874818245582404 24.97774259407262 4 -0.000012055
shell0_X0_Y0_Z0_mono0_fix1/shell1_X0_Y0_Z-1_mono0_fix1/shell1_X1_Y0_Z0_mono1_fix1//test20tig_AVTZ// DONE 6.052387884674759 7.687882795249494 11.251269307167787 24.99153998709204 4 0.000029577
shell0_X0_Y0_Z0_mono0_fix1/shell1_X1_Y0_Z1_mono1_fix1/shell1_X1_Y0_Z0_mono1_fix1//test20tig_AVTZ// DONE 11.251269307167787 7.687882795249494 6.052388083568137 24.991540185985418 2 0.000049126
shell0_X0_Y0_Z0_mono0_fix1/shell1_X0_Y0_Z-1_mono0_fix1/shell1_X1_Y1_Z0_mono1_fix1//test20tig_AVTZ// DONE 6.052387884674759 7.687883006758034 11.25126941695398 24.991540308386774 4 0.000049126
shell0_X0_Y0_Z0_mono0_fix1/shell1_X1_Y1_Z1_mono1_fix1/shell1_X1_Y1_Z0_mono1_fix1//test20tig_AVTZ// DONE 11.25126941695398 7.687883006758034 6.052388083568137 24.99154050728015 2 0.000029577
shell0_X0_Y0_Z0_mono0_fix1/shell1_X-1_Y0_Z1_mono1_fix1/shell1_X-1_Y1_Z1_mono1_fix1//test20tig_AVTZ// DONE 9.594443387322988 9.594443452897366 5.83480027387607 25.023687114096425 2 0.000176771
shell0_X0_Y0_Z0_mono0_fix1/shell1_X-1_Y0_Z1_mono1_fix1/shell1_X0_Y-1_Z0_mono0_fix1//test20tig_AVTZ// DONE 9.594443387322988 5.83480079702139 9.594443452897366 25.023687637241743 4 0.000176771
shell0_X0_Y0_Z0_mono0_fix1/shell1_X0_Y0_Z-1_mono0_fix1/shell2_X2_Y0_Z0_mono0_fix1//test20tig_AVTZ// DONE 6.052387884674759 8.63133829007425 10.370397658874877 25.054123833623883 6 0.000137743
shell0_X0_Y0_Z0_mono0_fix1/shell1_X1_Y0_Z-1_mono1_fix1/shell1_X0_Y0_Z1_mono0_fix1//test20tig_AVTZ// DONE 7.741652423640553 6.052387884674758 11.339343574138505 25.133383882453813 4 0.000032453
shell0_X0_Y0_Z0_mono0_fix1/shell1_X0_Y0_Z-1_mono0_fix1/shell2_X1_Y1_Z-2_mono1_fix1//test20tig_AVTZ// DONE 6.052387884674759 11.33934361654418 7.7416525542166985 25.133384055435638 4 0.000002441
shell0_X0_Y0_Z0_mono0_fix1/shell1_X1_Y0_Z-1_mono1_fix1/shell2_X1_Y0_Z-2_mono1_fix1//test20tig_AVTZ// DONE 7.741652423640553 11.339343574138505 6.052388083568137 25.133384081347195 2 0.000002441
shell0_X0_Y0_Z0_mono0_fix1/shell1_X1_Y1_Z-1_mono1_fix1/shell2_X1_Y1_Z-2_mono1_fix1//test20tig_AVTZ// DONE 7.7416525542166985 11.33934361654418 6.052388083568137 25.133384254329016 2 0.000032453
shell0_X0_Y0_Z0_mono0_fix1/shell1_X0_Y0_Z-1_mono0_fix1/shell2_X-2_Y0_Z0_mono0_fix1//test20tig_AVTZ// DONE 6.052387884674759 8.63133829007425 10.458272455392859 25.141998630141867 6 0.000116756
shell0_X0_Y0_Z0_mono0_fix1/shell1_X0_Y0_Z-1_mono1_fix1/shell1_X1_Y-1_Z0_mono1_fix1//test20tig_AVTZ// DONE 4.8748181239170645 11.052017778653015 9.220398664532015 25.147234567102096 2 0.000089362
shell0_X0_Y0_Z0_mono0_fix1/shell1_X1_Y1_Z1_mono0_fix1/shell2_X1_Y2_Z0_mono1_fix1//test20tig_AVTZ// DONE 9.220399005428119 11.052018052102294 4.874818245582405 25.147235303112815 4 0.000089361
shell0_X0_Y0_Z0_mono0_fix1/shell1_X1_Y1_Z0_mono0_fix1/shell2_X1_Y2_Z0_mono0_fix1//test20tig_AVTZ// DONE 7.206164883641014 12.110018745224945 5.834800797021388 25.150984425887344 6 -0.000174981
shell0_X0_Y0_Z0_mono0_fix1/shell1_X-1_Y1_Z0_mono0_fix1/shell1_X0_Y-1_Z0_mono0_fix1//test20tig_AVTZ// DONE 7.234555636358268 5.83480079702139 12.12207805166879 25.191434485048447 6 -0.000167136
shell0_X0_Y0_Z0_mono0_fix1/shell0_X0_Y0_Z0_mono1_fix1/shell1_X-1_Y1_Z1_mono0_fix1//test20tig_AVTZ// DONE 4.832536863788853 9.287303895161147 11.082269652642847 25.202110411592848 4 0.000102261
