17.617783559793665 0.025117566
17.646174312510922 0.044780832
17.98715173625971 0.06534595800000001
18.061902696919333 0.080916468
19.726584243169718 0.08441295600000001
19.7265847541879 0.09140593200000001
19.754975218734977 0.094320602
19.7549756989451 0.100149946
19.822634849805848 0.102924628
19.822635561774774 0.108473996
19.851026026321854 0.11105221
19.851026305581225 0.116208634
19.92064680888955 0.11908412800000001
19.920646891620244 0.124903728
19.92064714206343 0.127813524
19.920647224794124 0.133564508
19.965411302295955 0.132759142
19.965411825441272 0.126938526
19.96541197087648 0.124028214
19.9654124940218 0.122417478
20.006886078308565 0.12497612
20.006886220542714 0.130508768
20.006886612433195 0.13327508799999999
20.00688675466734 0.138392368
20.020694270458563 0.136586392
20.02069454074951 0.135960056
20.02069479360388 0.13470738399999999
20.020695063894827 0.13109543599999998
20.442203963260482 0.12731537199999998
20.44220416215386 0.12652472199999998
20.44220448376963 0.12494341799999997
20.442204682663007 0.12305340199999998
20.521650166989197 0.12161288199999998
20.521650304908313 0.11762480599999997
20.521650365882575 0.11563077399999996
20.521650503801688 0.11491052199999996
21.194040420341075 0.11624340199999995
21.194040607457026 0.11759475999999995
21.194040934710554 0.12029746799999995
21.1940411218265 0.12296322799999995
21.205531987248825 0.12443935199999995
21.20553200300725 0.12586528199999994
21.2055325016183 0.12871713799999995
21.205532517376724 0.13166938199999995
21.34977830218035 0.13245354399999995
21.349778490947315 0.13402187199999996
21.37816895549439 0.13492938599999996
21.378169757955728 0.13674440999999996
21.379058194600727 0.13777596799999994
21.379059138298302 0.13983908399999995
21.407449602845382 0.14100462399999994
21.40744965037611 0.14333570399999995
21.783099705363917 0.14475593799999995
21.783100136103215 0.14759640999999996
21.790044953906673 0.14837943599999995
21.79004503663737 0.14970465199999994
21.790045046474738 0.15036725999999995
21.790045129205435 0.15193331199999996
21.858340827971965 0.15364367999999995
21.858340913431793 0.15449886399999996
21.859677041991 0.15518468399999996
21.85967718422515 0.15682471999999997
21.859677511113862 0.15764473799999998
21.859677653348008 0.15901638199999998
21.861493139712664 0.16021116
21.861493586139037 0.16260071599999998
21.90792532775918 0.16418751199999998
21.907925386991874 0.16498090799999998
22.012696272393253 0.168727254
22.06424180818796 0.167557224
22.07960116212628 0.17004850200000002
22.112967796541096 0.168259344
22.174193684462004 0.171036042
22.212289807075564 0.173737344
22.30516151045983 0.17288306399999998
22.35909212428815 0.17487749199999997
22.359092460084476 0.17587470599999996
22.388371460004198 0.17683028199999998
22.388372063079352 0.17874143399999998
22.445348739509093 0.179572936
22.44534930681904 0.18123593999999998
22.46778726763743 0.179794728
22.474628306738765 0.181460884
22.47462867830029 0.18229396199999998
22.605295583380254 0.18386820199999998
22.605295653590318 0.18465532399999998
22.684741470024314 0.18538751999999997
22.68474179181365 0.18685191199999998
22.6915521986012 0.18759265799999997
22.69155250032488 0.18907414999999997
22.770998316758885 0.19036641799999998
22.770998407034593 0.19101255199999997
22.84396113143039 0.19103691199999998
22.843961901560522 0.19108562799999998
22.855452592154585 0.19131816799999998
22.855453403294298 0.191783248
22.86429688261325 0.191802526
22.864296901295273 0.191841082
22.875788362019467 0.19201801
22.875788384347025 0.192106474
22.89082201651211 0.192138312
22.890822081686082 0.192239106
22.890822257786294 0.19244069
22.89082232296026 0.192504366
23.074744458143144 0.19249869800000002
23.074744564326693 0.19243095200000002
23.07474472842022 0.19229546000000003
23.074744834603774 0.19228412800000003
23.090718823024755 0.19162356600000002
23.090720203080643 0.19030244200000002
23.119110278800136 0.188518714
23.119110667627723 0.18762685
23.163251957142798 0.18668464
23.163252980842145 0.184800224
23.185967858639685 0.1855184
23.185968234414403 0.186343964
23.185968787279744 0.187995092
23.185969163054466 0.189431444
23.19164341291818 0.188209964
23.191643445389225 0.187599224
23.351012620937386 0.189274504
23.35101269753433 0.190112142
23.426253398265963 0.19074305400000002
23.42625382014238 0.19200487800000002
23.441752060679633 0.19138762
23.441752143410326 0.189512004
23.44175257401431 0.188574196
23.441752656745003 0.18733968
23.473198589141624 0.18806607
23.473198995003678 0.18951885
23.51963077718814 0.19072462999999998
23.519630795856514 0.19132751799999997
23.64685848893473 0.19057638199999996
23.646858631168875 0.18940756599999997
23.646858653005747 0.18882315799999996
23.646858795239893 0.18732088999999996
23.652497704323103 0.18803598399999996
23.652498186572462 0.18946616799999996
23.688039668837675 0.18879558999999996
23.68803998849237 0.18808151199999995
23.688040597477734 0.18665335999999996
23.688040917132433 0.18531220399999995
23.714284211847364 0.18666985999999997
23.714284376367438 0.18734868599999996
23.727738826931155 0.18844347799999997
23.72773896390104 0.18899087199999998
23.728539552611068 0.18957459799999998
23.728539735146107 0.190243632
23.728540481251127 0.191581696
23.728540663786163 0.192749148
23.7607160127002 0.193335104
23.760716564413954 0.194507016
23.79005534833741 0.193878742
23.79005556312387 0.19312833399999998
23.790056276977467 0.191627522
23.79005649176393 0.190370974
24.29279189025693 0.189683016
24.29279260178161 0.1883071
24.335964778671485 0.187106292
24.335965039412915 0.186505888
24.476141820759988 0.185906092
24.47614185479155 0.1847065
24.491865977439844 0.184124388
24.491866430187585 0.182960164
24.8872145625906 0.18295054600000002
24.887215074285244 0.18299258200000001
24.88721507696008 0.183076658
24.88721558865472 0.183057422
24.92690889377525 0.183299084
24.926909432256572 0.183526956
24.92690982241531 0.1839827
24.926910360896635 0.184466024
24.970162475799476 0.184717366
24.97016282340097 0.184850206
24.97016340443954 0.18511588999999998
24.970163752041028 0.18561856999999998
24.97774187382749 0.18559446
24.97774207970314 0.185502236
24.977742388196965 0.18531778799999998
24.97774259407262 0.185269568
25.147234567102096 0.185448292
25.147235303112815 0.185805736
25.202110411592848 0.18621478
