0.022356743
0.026130261
0.026130259
0.022356726
0.013958668
0.013958656
0.013723306
0.013723300
0.012225027
0.012029759
0.012029791
0.012225004
0.003075186
0.003075187
0.002208290
0.002208266
0.001964341
0.001964363
-0.000007835
0.000760717
0.000760730
-0.000007843
0.001168573
0.001168594
-0.000291530
-0.002113576
-0.002113572
-0.000291531
0.004186261
0.003277211
-0.005683087
0.000226248
0.000226253
0.003427521
-0.000761505
-0.000761505
0.002595085
-0.005197317
-0.005197323
-0.003441837
-0.003441829
-0.004209648
-0.004209664
-0.003069577
-0.003069575
0.001748244
0.001748244
0.001457335
0.001457336
0.001387341
0.001387342
0.001289107
0.001289106
0.001437747
0.001454900
0.001454898
0.001437746
-0.000402683
-0.001455154
-0.001455156
-0.000402684
0.001279321
0.001383162
0.001383160
0.001279320
-0.000902988
-0.000313168
-0.000313168
-0.000902987
0.001538841
0.000559122
-0.000945016
-0.000395325
-0.000395326
-0.000945008
-0.000360130
-0.000997019
-0.000997016
-0.000360126
0.000666440
0.000675679
0.000675677
0.000666440
0.000738062
0.000712965
0.000712964
0.000738061
0.000803389
0.000803389
0.000695066
0.000695066
0.000392081
0.000392082
0.000453757
0.000453756
0.000515779
0.000515779
0.000582770
0.000582770
0.000679092
0.000635044
0.000635045
0.000679090
0.000710117
0.000710118
0.000391513
0.000331304
0.000331304
0.000391513
0.000427592
0.000427592
0.000342910
0.000410009
0.000410009
0.000342911
0.000597389
0.000597389
0.000396699
0.000396698
0.000624391
-0.000195005
0.000415213
-0.000298193
0.000462783
0.000450216
-0.000142380
0.000498607
0.000498607
0.000477788
0.000477788
0.000496561
0.000415751
0.000415751
-0.000240202
0.000416539
0.000416539
0.000467276
0.000245171
0.000419834
0.000395764
0.000257039
0.000225006
0.000261678
0.000393560
0.000393561
0.000366098
0.000366098
0.000370373
0.000370373
0.000323067
0.000323067
0.000403946
0.000012180
0.000012179
0.000397098
0.000116270
0.000116270
0.000009639
0.000009639
0.000330812
0.000044232
0.000044232
0.000015919
0.000050397
0.000050396
0.000015919
0.000300431
-0.000775727
0.000288934
-0.000002834
-0.000033873
-0.000033873
-0.000002833
-0.000330281
-0.000330281
-0.000445932
-0.000445932
-0.000471105
-0.000471104
0.000359088
0.000412782
0.000412782
0.000359088
-0.000305370
-0.000305370
0.000418820
0.000418819
0.000254269
0.000315456
0.000315456
-0.000308629
-0.000468904
-0.000468904
-0.000308629
0.000363195
0.000363195
0.000301445
0.000301444
0.000281038
0.000281038
-0.000375568
-0.000292204
-0.000292204
-0.000375567
0.000357547
0.000357546
-0.000335289
-0.000357039
-0.000357038
-0.000335289
0.000339414
0.000339413
0.000273698
0.000273697
0.000291863
0.000334517
0.000334516
0.000291863
0.000207937
0.000207936
0.000292978
0.000292978
-0.000314137
-0.000375204
-0.000375203
-0.000314137
-0.000520587
0.000211298
0.000211298
0.000183945
0.000183945
0.000190347
0.000190347
0.000184246
0.000184246
-0.000343979
-0.000343979
-0.000300202
-0.000300202
-0.000299898
-0.000299898
-0.000291056
-0.000291056
0.000055272
0.000008385
0.000008385
0.000055271
0.000035160
0.000058366
0.000058366
0.000035159
0.000197419
0.000194692
0.000194693
0.000197418
0.000155837
0.000167013
0.000167013
0.000155837
0.000156562
0.000152650
0.000152650
0.000156562
0.000161108
0.000142341
-0.000004809
0.000021018
0.000021019
-0.000004809
0.000120831
0.000113936
0.000113936
0.000120831
0.000185018
0.000185018
0.000125671
0.000066420
0.000066421
0.000125670
-0.000012055
-0.000046112
-0.000046112
-0.000012055
0.000029577
0.000049126
0.000049126
0.000029577
0.000176771
0.000176771
0.000137743
0.000032453
0.000002441
0.000002441
0.000032453
0.000116756
0.000089362
0.000089361
-0.000174981
-0.000167136
0.000102261
