0.023087945
0.027392547
0.027392544
0.023087926
0.014418840
0.014418827
0.014122710
0.014122703
0.012601708
0.012322765
0.012322800
0.012601683
0.003058552
0.003058553
0.002180759
0.002180734
0.001914248
0.001914273
-0.000004417
0.000809995
0.000810009
-0.000004423
0.001137975
0.001137997
-0.000322275
-0.002168264
-0.002168260
-0.000322277
0.004240916
0.003331142
-0.005566901
0.000214074
0.000214079
0.003464015
-0.000761157
-0.000761157
0.002630736
-0.005081679
-0.005081683
-0.003367116
-0.003367107
-0.004152107
-0.004152121
-0.003017713
-0.003017711
0.001773290
0.001773291
0.001463935
0.001463935
0.001401569
0.001401570
0.001292151
0.001292150
0.001454630
0.001472422
0.001472420
0.001454628
-0.000396222
-0.001480783
-0.001480785
-0.000396225
0.001282142
0.001390403
0.001390401
0.001282140
-0.000935508
-0.000313251
-0.000313251
-0.000935507
0.001579215
0.000549674
-0.000968300
-0.000396334
-0.000396334
-0.000968292
-0.000354996
-0.001011949
-0.001011946
-0.000354993
0.000667738
0.000679697
0.000679695
0.000667738
0.000740381
0.000714360
0.000714360
0.000740380
0.000818034
0.000818034
0.000702998
0.000702998
0.000383123
0.000383124
0.000456987
0.000456986
0.000519187
0.000519187
0.000589566
0.000589566
0.000689584
0.000642190
0.000642191
0.000689582
0.000716246
0.000716246
0.000395787
0.000325891
0.000325890
0.000395786
0.000427587
0.000427587
0.000342308
0.000410695
0.000410695
0.000342308
0.000598438
0.000598438
0.000393269
0.000393268
0.000628674
-0.000196954
0.000412156
-0.000299734
0.000462357
0.000449747
-0.000144555
0.000498215
0.000498215
0.000478835
0.000478834
0.000504531
0.000416577
0.000416577
-0.000241684
0.000417720
0.000417720
0.000474322
0.000244342
0.000426656
0.000401506
0.000255144
0.000223618
0.000259849
0.000387985
0.000387985
0.000368373
0.000368373
0.000370265
0.000370265
0.000324334
0.000324334
0.000408737
0.000009079
0.000009078
0.000401867
0.000115224
0.000115224
0.000005103
0.000005104
0.000332521
0.000042657
0.000042656
0.000013711
0.000049262
0.000049262
0.000013712
0.000302434
-0.000776416
0.000290256
-0.000005814
-0.000036001
-0.000036001
-0.000005814
-0.000325287
-0.000325287
-0.000442028
-0.000442028
-0.000471498
-0.000471498
0.000358730
0.000413823
0.000413823
0.000358730
-0.000304072
-0.000304071
0.000419973
0.000419973
0.000255558
0.000313871
0.000313871
-0.000305273
-0.000466673
-0.000466673
-0.000305273
0.000365823
0.000365824
0.000300981
0.000300981
0.000283998
0.000283998
-0.000373626
-0.000290341
-0.000290340
-0.000373626
0.000359931
0.000359930
-0.000331566
-0.000352645
-0.000352645
-0.000331566
0.000339201
0.000339201
0.000273517
0.000273517
0.000291019
0.000334893
0.000334892
0.000291019
0.000208368
0.000208368
0.000291658
0.000291658
-0.000309113
-0.000370679
-0.000370679
-0.000309112
-0.000519344
0.000212861
0.000212861
0.000184935
0.000184934
0.000191299
0.000191299
0.000185431
0.000185431
-0.000338444
-0.000338444
-0.000295973
-0.000295973
-0.000296429
-0.000296430
-0.000288120
-0.000288120
0.000054313
0.000006793
0.000006793
0.000054312
0.000033493
0.000059191
0.000059192
0.000033493
0.000199278
0.000196761
0.000196762
0.000199277
0.000156684
0.000168319
0.000168318
0.000156684
0.000157306
0.000153232
0.000153232
0.000157306
0.000161763
0.000143107
-0.000004851
0.000021896
0.000021896
-0.000004851
0.000120037
0.000113094
0.000113095
0.000120036
0.000187052
0.000187052
0.000124786
0.000064280
0.000064280
0.000124786
-0.000012954
-0.000047233
-0.000047233
-0.000012954
0.000028043
0.000048671
0.000048671
0.000028043
0.000178619
0.000178619
0.000138174
0.000032832
0.000001693
0.000001693
0.000032832
0.000117123
0.000087045
0.000087044
-0.000176084
-0.000166685
0.000100114
