4.38165304261412 -2.780692146
4.689718751012225 -3.9601695709999998
4.689718793492955 -5.139648814
4.689720349898126 -6.319122935
4.689720404504576 -7.498595054
4.8542918473850225 -9.517851232
4.879875191366439 -10.325588934
4.879875284071528 -11.133325585000001
4.879876783261088 -11.941058491000001
4.879876784204481 -12.748790456000002
6.064820747978854 -13.307967116000002
6.602802553139406 -13.452614722000002
6.810811507043177 -13.583290590000002
7.324543867648097 -13.630604004000002
7.324543907536211 -13.677917389000003
7.324546685996958 -13.725230665000003
7.3245467079324795 -13.772543967000002
7.64669015623292 -13.799285905000003
7.646690203091246 -13.826027827000003
7.64669296991229 -13.852769628000003
7.646692981710969 -13.879511444000002
7.918115177639053 -13.936685626000003
7.9370587750867125 -13.966330728000003
7.937058818163156 -13.995975766000003
7.937059651198265 -14.025620767000003
7.937059665509641 -14.055265830000003
7.94785401225415 -14.087534860000003
8.165893982210708 -14.149514462000003
8.232858600601466 -14.167235239000002
8.232858625612328 -14.184956060000001
8.232859489005401 -14.202676844
8.232859518875284 -14.220397583
8.27527950048686 -14.239157115000001
8.293258355384793 -14.274269333000001
8.971985427673124 -14.301564687
9.035177165497887 -14.319481755
9.153763844015145 -14.346483899
9.295490539077504 -14.372886357
9.361506889970096 -14.388916173
9.387373487374097 -14.393822731
9.573570512557703 -14.403722598
9.573570545117207 -14.413622434
9.573572628954876 -14.423522237
9.573572643884125 -14.43342207
9.80780491502408 -14.442342154
9.903259070833585 -14.457551892
10.272462453065987 -14.461009419
10.27246247983005 -14.464466954
10.272464555493372 -14.467924476
10.27246457253201 -14.471381990000001
10.479836115247128 -14.474975407
10.479836186966653 -14.478568807
10.47983678588932 -14.482162209
10.479836843290183 -14.485755628
10.506825541052299 -14.491603626
10.55227031009794 -14.494925115
10.552270378746124 -14.498246609999999
10.55227099737296 -14.501568100999998
10.552271056865091 -14.504889586
10.597767900119495 -14.514197686
10.621615668329172 -14.518596736
10.88405459527898 -14.522097291
10.88405462313503 -14.525597838
10.884057744900195 -14.529098375
10.884057758513 -14.532598921
11.227186363707679 -14.537006429
11.227189480441503 -14.541413927
11.29424631152965 -14.546791307000001
11.31644354548893 -14.552450197
11.431705900717049 -14.559133917
11.511985300913397 -14.561247155
11.801089846871273 -14.566192171
11.854553024155814 -14.567423507
11.891151656917735 -14.572534563000001
11.892728247980974 -14.574220595000002
11.8927283170759 -14.575906617000001
11.892730010336884 -14.577592639
11.892730055033091 -14.57927867
11.9138079772099 -14.58441009
11.9543527609583 -14.587189952000001
12.081056531222636 -14.588571451000002
12.081056597548143 -14.589952949000002
12.081058295088953 -14.591334446000003
12.081058340631005 -14.592715944000004
12.129643244138835 -14.594402648000004
12.129643268335899 -14.596089345000005
12.12964376486562 -14.597776040000005
12.129643778001537 -14.599462742000005
12.288125498378834 -14.600808342000006
12.288125561514361 -14.602153931000005
12.28812604120356 -14.603499521000005
12.288126088308935 -14.604845123000006
12.307337373733754 -14.607691271000006
12.382809884255245 -14.611494495000006
12.394697932541886 -14.613347684000006
12.394697956586858 -14.615200868000006
12.394700658765307 -14.617054044000005
12.3947006712363 -14.618907225000005
12.43658415588797 -14.620074957000005
12.436584171531699 -14.621242694000005
12.436584770825997 -14.622410428000004
12.436584791502533 -14.623578157000004
12.453271462979721 -14.624421763000004
12.470204952125625 -14.625534671000004
12.470205005668651 -14.626647587000004
12.470205547868273 -14.627760501000004
12.470205602821212 -14.628873407000004
12.79837182131102 -14.631720997000004
12.885391568406023 -14.633229615000005
13.146758985415401 -14.634438656000004
13.146759008149798 -14.635647693000005
13.146760502226227 -14.636856726000005
13.146760513950442 -14.638065763000006
13.270954127893539 -14.638740538000006
13.270954148813216 -14.639415314000006
13.270956795149358 -14.640090089000006
13.270956808138601 -14.640764863000006
13.33517811851783 -14.642201243000006
13.403536023604476 -14.643069446000005
13.40353608509439 -14.643937642000006
13.403537552718758 -14.644805837000007
13.403537592330627 -14.645674039000006
13.481495287436344 -14.646966185000007
13.618504014059653 -14.649033457000007
13.655137237801833 -14.650673105000006
13.895301154027159 -14.651207969000007
13.895301207361287 -14.651742835000007
13.895302701389518 -14.652277700000008
13.895302745331305 -14.652812563000008
13.936494404007645 -14.654193963000008
13.947039752824194 -14.655033803000007
13.95033872608004 -14.656262999000008
13.96639031723012 -14.657875415000008
13.973774098217433 -14.658368811000008
13.973774114765796 -14.658862208000007
13.973775652525275 -14.659355604000007
13.973775668235369 -14.659848998000006
13.981812193654894 -14.660734498000007
14.091118059605131 -14.662163344000007
14.134034187848806 -14.662834702000007
14.221424004532233 -14.664168690000007
14.358581523304705 -14.664710624000007
14.35858158144169 -14.665252555000007
14.358583934969959 -14.665794486000008
14.358583971060447 -14.666336419000007
14.408746943252993 -14.667432919000007
14.414839975025055 -14.668775945000007
14.460065059886931 -14.670066409000007
14.508945052929375 -14.670387445000008
14.571058685783044 -14.671376439000008
14.600754609128417 -14.67216590900001
14.614832315906765 -14.673018113000008
14.614834715053357 -14.67387031500001
14.707869000789374 -14.67438675800001
14.707869020585198 -14.67490320000001
14.707872266198896 -14.67541964100001
14.707872277066322 -14.67593608300001
14.764799907068557 -14.67712883700001
14.79948159907602 -14.67838774100001
14.810869609804305 -14.67874048100001
14.836365077938146 -14.679444067000011
15.001851744848004 -14.68044518700001
15.032015891296195 -14.68082302100001
15.056582997603156 -14.681560101000011
15.056586226714083 -14.682297181000012
15.225568925229839 -14.68280957300001
15.225568944359074 -14.68332196400001
15.225571125474277 -14.68383435300001
15.225571136058868 -14.684346743000011
15.330218936991185 -14.684695033000011
15.330218987860805 -14.68504332000001
15.330219343675227 -14.68539160700001
15.330219381175105 -14.68573989700001
15.419560287236694 -14.68665816500001
15.468774368084398 -14.687053293000009
15.539943753169773 -14.687423475000008
15.539943806822265 -14.687793654000009
15.539945950822178 -14.68816383300001
15.539945984331949 -14.688534014000009
15.569951604743169 -14.689095966000009
15.569951645390432 -14.68965792400001
15.592752709922282 -14.69051290600001
15.613282823897391 -14.691289480000009
15.628134422686914 -14.691655374000009
15.669331298505606 -14.69252410600001
15.712660654206568 -14.69302814000001
15.769854211071495 -14.69341753400001
15.769854229385077 -14.693806927000011
15.769857224623605 -14.694196319000012
15.769857234949344 -14.694585712000013
15.955869446300113 -14.694997072000012
16.099963822708663 -14.695472462000012
16.115286806651564 -14.696020132000012
16.148111292290668 -14.696304045000012
16.148111342680064 -14.696587956000013
16.148112532585934 -14.696871866000013
16.148112566121075 -14.697155779000013
16.19657131788308 -14.697849185000013
16.20698451677515 -14.698505239000013
16.22426875876685 -14.699132195000013
16.22545885801144 -14.699767797000012
16.237643675274423 -14.699969445000013
16.237643722772045 -14.700171093000014
16.23764585352318 -14.700372741000015
16.237645889250558 -14.700574388000016
16.253063649174994 -14.700804134000016
16.269741392590333 -14.701018736000016
16.347790283422473 -14.701512272000016
16.39567958814046 -14.701687581000016
16.395679603273454 -14.701862890000015
16.395681761713423 -14.702038199000015
16.395681774054886 -14.702213507000014
16.45010944753709 -14.702841363000013
16.489701089274174 -14.703000061000013
16.526428084654743 -14.703568429000013
16.555903966950844 -14.703800477000014
16.555903983217547 -14.704032524000015
16.555904316458015 -14.704264571000015
16.555904327484644 -14.704496619000016
16.57343671801886 -14.704801433000016
16.63752219189112 -14.705326473000015
16.692377424344517 -14.705636991000015
16.72412479845399 -14.705804701000014
16.724124814648594 -14.705972411000014
16.724127733673054 -14.706140121000013
16.724127744402512 -14.706307831000013
16.819852895206044 -14.706468633000013
16.819852936202597 -14.706629436000012
16.819854186560722 -14.706790239000012
16.819854225967656 -14.706951041000012
16.865244728118874 -14.707306375000012
16.86524473999244 -14.707661709000012
16.874626764865713 -14.708218597000013
16.886708034604982 -14.708562183000012
16.886708104536137 -14.708905767000012
16.928006948810463 -14.70945085700001
16.93026570708809 -14.709783077000012
16.930265774953295 -14.710115297000012
16.930395445637572 -14.710235543000012
16.959525324251047 -14.710639061000013
17.23159550899095 -14.710847190000013
17.231595525132125 -14.711055318000014
17.231596641369453 -14.711263446000014
17.231596651462336 -14.711471574000015
17.257440564519097 -14.711869500000015
17.288923436234775 -14.712003118000014
17.331446415940594 -14.712293816000015
17.435403948809842 -14.712461480000014
17.435403996127395 -14.712629144000013
17.43540671803995 -14.712796808000013
17.43540674830702 -14.712964472000012
17.631886911598325 -14.713338794000013
17.64206158009006 -14.713569820000012
17.728157860131727 -14.713702943000012
17.72815790574649 -14.713836066000011
17.728160609541657 -14.71396918900001
17.728160640177656 -14.71410231200001
17.798415795880207 -14.714230791000011
17.798415865688316 -14.714359269000012
17.798416963063172 -14.714487747000012
17.798417019918144 -14.714616226000013
17.807696100392644 -14.714948942000014
17.81110250844444 -14.715340092000014
17.84036279195925 -14.715599732000014
17.87976960789148 -14.715763475000013
17.879769653872753 -14.715927217000013
17.879771493198973 -14.716090959000013
17.87977152299502 -14.716254702000013
17.9067560109396 -14.716533688000013
17.90752430110886 -14.716888614000013
17.921843681770326 -14.717005799000013
17.92184374946378 -14.717122984000014
17.921844859568285 -14.717357354000013
17.938737430356248 -14.717670994000013
17.97478024579154 -14.717774478000013
17.998901006050314 -14.717955462000013
17.99890102180382 -14.718136445000013
17.99890362628945 -14.718317428000013
17.998903635637554 -14.718498411000013
18.067309350675327 -14.718730479000014
18.067309417429374 -14.718962545000014
18.068303457005015 -14.719295219000013
18.08257186051416 -14.719445779000013
18.10682468979288 -14.719547853000014
18.106824701906323 -14.719649927000015
18.106825905772144 -14.719752001000016
18.106825918564716 -14.719854074000017
18.143504622870825 -14.720193954000017
18.18887037728976 -14.720406062000016
18.1888704385797 -14.720618170000016
18.342637662826256 -14.720754927000016
18.342637707864537 -14.720891684000016
18.342640269440327 -14.721028440000016
18.342640298206202 -14.721165197000015
18.416614944968845 -14.721363229000016
18.42241701629805 -14.721637261000016
18.448130036498895 -14.721954517000016
18.49526349966686 -14.722012921000017
18.54260717401357 -14.722272591000017
18.55807330425707 -14.722482775000017
18.56076474560414 -14.722609869000017
