.115394439
.098101354
.098101995
.098101058
.098100399
.106003132
.074382664
.074382411
.074381996
.074381753
.006741289
.007702854
.006252655
.003119205
.003119207
.003119166
.003119165
.001968334
.001968333
.001968308
.001968309
.001597899
.002988713
.002988711
.002988704
.002988705
.002077003
.002823623
.001976443
.001976448
.001976442
.001976437
.000774748
.000990724
.001831024
.000444017
.000899539
.001051429
.001125867
.000110940
.000949675
.000949669
.000949662
.000949669
.000235880
.000919840
.000284018
.000284021
.000284019
.000284016
.000339035
.000339032
.000339032
.000339035
.000361968
.000307622
.000307623
.000307623
.000307622
.000201509
.000210595
.000210486
.000210484
.000210483
.000210484
.000092168
.000092167
.000364664
.000120214
.000514392
.000064919
.000172183
.000008766
.000422167
.000146031
.000146029
.000146029
.000146031
.000274253
.000092676
.000110298
.000110298
.000110297
.000110297
.000250379
.000250377
.000250377
.000250379
.000154701
.000154697
.000154698
.000154700
.000064086
.000244735
.000166975
.000166974
.000166973
.000166974
.000167806
.000167807
.000167807
.000167805
.000012521
.000122177
.000122178
.000122178
.000122176
.000099769
.000062225
.000161037
.000161036
.000161035
.000161036
.000036143
.000036143
.000036142
.000036142
.000068925
.000093516
.000093514
.000093514
.000093516
.000024503
.000161046
.000052583
.000048738
.000048738
.000048738
.000048737
.000051536
.000048705
.000097178
.000034441
.000056203
.000056204
.000056203
.000056203
.000033307
.000094816
.000014275
.000100251
.000041316
.000041316
.000041315
.000041317
.000063473
.000030693
.000066532
.000000601
.000076457
.000016761
.000027810
.000027810
.000029729
.000029728
.000029728
.000029728
.000063675
.000061520
.000007186
.000050260
.000028908
.000004150
.000014669
.000014668
.000060378
.000060378
.000060377
.000060378
.000046847
.000046846
.000046846
.000046847
.000078769
.000018726
.000035879
.000035879
.000035878
.000035879
.000036165
.000036165
.000057471
.000023724
.000021685
.000076589
.000023942
.000032212
.000032212
.000032211
.000032211
.000011544
.000037503
.000011609
.000036373
.000036372
.000036372
.000036372
.000053839
.000045760
.000047934
.000019937
.000014262
.000014263
.000014262
.000014263
.000001344
.000008338
.000011279
.000014340
.000014340
.000014340
.000014340
.000027227
.000003110
.000048686
.000036777
.000036777
.000036777
.000036777
.000004595
.000017520
.000017338
.000006985
.000006985
.000006984
.000006984
.000017691
.000017691
.000017691
.000017691
.000027340
.000027341
.000037014
.000016956
.000016956
.000045830
.000016157
.000016157
-.000001012
.000017952
.000031139
.000031139
.000031139
.000031139
.000016227
.000000244
.000005246
.000011480
.000011479
.000011479
.000011480
.000008061
.000007562
.000007477
.000007476
.000007476
.000007477
.000012105
.000012105
.000012105
.000012105
.000028874
.000023591
.000005093
.000019184
.000019184
.000019183
.000019184
.000013877
.000008511
.000010549
.000010549
.000010549
.000020089
.000002545
.000019172
.000019173
.000019172
.000019173
.000012622
.000012622
.000008947
.000008032
.000013624
.000013624
.000013624
.000013625
.000015226
.000011146
.000011147
.000011972
.000011971
.000011972
.000011972
.000014391
.000005904
.000017701
-.000001004
.000006525
.000017031
.000001824
