-1.505740512
-1.277578779
-1.277581238
-1.277575179
-1.277572518
-1.115631221
-0.882120366
-0.882119062
-0.882114902
-0.882113718
-0.286329619
-0.080026657
-0.071590589
-0.050432619
-0.050432592
-0.050432442
-0.050432467
-0.028710272
-0.028710255
-0.028710109
-0.028710125
-0.030184990
-0.032633815
-0.032633749
-0.032633705
-0.032633768
-0.018211518
-0.033813424
-0.019697220
-0.019697269
-0.019697226
-0.019697176
-0.010154514
-0.018546833
-0.015478701
-0.009402551
-0.014400611
-0.014252658
-0.009140775
-0.002564219
-0.010849542
-0.010849505
-0.010849465
-0.010849502
-0.004695922
-0.008524709
-0.003741545
-0.003741556
-0.003741541
-0.003741530
-0.003932452
-0.003932432
-0.003932434
-0.003932454
-0.003285967
-0.003629111
-0.003629118
-0.003629114
-0.003629107
-0.004855559
-0.002410120
-0.003711041
-0.003711031
-0.003711020
-0.003711030
-0.002295922
-0.002295916
-0.003053354
-0.002949659
-0.003856252
-0.001121538
-0.002644691
-0.000624434
-0.002977695
-0.001832063
-0.001832051
-0.001832051
-0.001832062
-0.002839963
-0.001482607
-0.001491797
-0.001491796
-0.001491794
-0.001491795
-0.001937083
-0.001937074
-0.001937072
-0.001937081
-0.001500301
-0.001500286
-0.001500288
-0.001500302
-0.001487160
-0.002146347
-0.002020164
-0.002020158
-0.002020149
-0.002020155
-0.001335538
-0.001335544
-0.001335541
-0.001335534
-0.000434324
-0.001235085
-0.001235094
-0.001235092
-0.001235082
-0.001523564
-0.000816534
-0.001370078
-0.001370073
-0.001370068
-0.001370073
-0.000710918
-0.000710919
-0.000710917
-0.000710916
-0.000787115
-0.000961719
-0.000961710
-0.000961709
-0.000961718
-0.000670576
-0.001194682
-0.000872407
-0.000583602
-0.000583604
-0.000583603
-0.000583600
-0.000742236
-0.000468625
-0.000711776
-0.000840649
-0.000549599
-0.000549601
-0.000549599
-0.000549597
-0.000476057
-0.000809239
-0.000349954
-0.000767245
-0.000583250
-0.000583247
-0.000583246
-0.000583250
-0.000611723
-0.000702206
-0.000711764
-0.000161119
-0.000570954
-0.000411496
-0.000453912
-0.000453911
-0.000546172
-0.000546170
-0.000546169
-0.000546170
-0.000660052
-0.000690972
-0.000183556
-0.000402053
-0.000529468
-0.000193067
-0.000383209
-0.000383208
-0.000572770
-0.000572769
-0.000572766
-0.000572768
-0.000395137
-0.000395133
-0.000395133
-0.000395137
-0.000537903
-0.000216290
-0.000406061
-0.000406058
-0.000406057
-0.000406060
-0.000317141
-0.000317144
-0.000484962
-0.000412011
-0.000204632
-0.000510955
-0.000275959
-0.000421606
-0.000421605
-0.000421603
-0.000421604
-0.000217224
-0.000275198
-0.000285444
-0.000320286
-0.000320283
-0.000320282
-0.000320285
-0.000400542
-0.000373787
-0.000361412
-0.000337738
-0.000215910
-0.000215911
-0.000215910
-0.000215910
-0.000116217
-0.000115639
-0.000258047
-0.000189649
-0.000189649
-0.000189649
-0.000189648
-0.000341155
-0.000082459
-0.000332870
-0.000268825
-0.000268824
-0.000268824
-0.000268825
-0.000157002
-0.000280040
-0.000172597
-0.000174695
-0.000174695
-0.000174694
-0.000174694
-0.000178493
-0.000178494
-0.000178494
-0.000178493
-0.000205007
-0.000205008
-0.000315458
-0.000188749
-0.000188748
-0.000318375
-0.000182267
-0.000182267
-0.000059111
-0.000219711
-0.000239268
-0.000239267
-0.000239267
-0.000239267
-0.000215190
-0.000067053
-0.000150595
-0.000179144
-0.000179143
-0.000179143
-0.000179144
-0.000195222
-0.000123075
-0.000140600
-0.000140599
-0.000140599
-0.000140600
-0.000140584
-0.000140583
-0.000140583
-0.000140584
-0.000195232
-0.000219166
-0.000134913
-0.000182927
-0.000182926
-0.000182925
-0.000182927
-0.000153370
-0.000185974
-0.000127734
-0.000127734
-0.000127734
-0.000176909
-0.000054287
-0.000200156
-0.000200156
-0.000200155
-0.000200156
-0.000128656
-0.000128655
-0.000175284
-0.000083312
-0.000115698
-0.000115698
-0.000115698
-0.000115698
-0.000185166
-0.000117200
-0.000117201
-0.000148729
-0.000148728
-0.000148728
-0.000148729
-0.000113407
-0.000142920
-0.000176329
-0.000028198
-0.000136360
-0.000122123
-0.000065371
