-1.390346073
-1.179477425
-1.179479243
-1.179474121
-1.179472119
-1.009628089
-0.807737702
-0.807736651
-0.807732906
-0.807731965
-0.279588330
-0.072323803
-0.065337934
-0.047313414
-0.047313385
-0.047313276
-0.047313302
-0.026741938
-0.026741922
-0.026741801
-0.026741816
-0.028587091
-0.029645102
-0.029645038
-0.029645001
-0.029645063
-0.016134515
-0.030989801
-0.017720777
-0.017720821
-0.017720784
-0.017720739
-0.009379766
-0.017556109
-0.013647677
-0.008958534
-0.013501072
-0.013201229
-0.008014908
-0.002453279
-0.009899867
-0.009899836
-0.009899803
-0.009899833
-0.004460042
-0.007604869
-0.003457527
-0.003457535
-0.003457522
-0.003457514
-0.003593417
-0.003593400
-0.003593402
-0.003593419
-0.002923999
-0.003321489
-0.003321495
-0.003321491
-0.003321485
-0.004654050
-0.002199525
-0.003500555
-0.003500547
-0.003500537
-0.003500546
-0.002203754
-0.002203749
-0.002688690
-0.002829445
-0.003341860
-0.001056619
-0.002472508
-0.000615668
-0.002555528
-0.001686032
-0.001686022
-0.001686022
-0.001686031
-0.002565710
-0.001389931
-0.001381499
-0.001381498
-0.001381497
-0.001381498
-0.001686704
-0.001686697
-0.001686695
-0.001686702
-0.001345600
-0.001345589
-0.001345590
-0.001345602
-0.001423074
-0.001901612
-0.001853189
-0.001853184
-0.001853176
-0.001853181
-0.001167732
-0.001167737
-0.001167734
-0.001167729
-0.000421803
-0.001112908
-0.001112916
-0.001112914
-0.001112906
-0.001423795
-0.000754309
-0.001209041
-0.001209037
-0.001209033
-0.001209037
-0.000674775
-0.000674776
-0.000674775
-0.000674774
-0.000718190
-0.000868203
-0.000868196
-0.000868195
-0.000868202
-0.000646073
-0.001033636
-0.000819824
-0.000534864
-0.000534866
-0.000534865
-0.000534863
-0.000690700
-0.000419920
-0.000614598
-0.000806208
-0.000493396
-0.000493397
-0.000493396
-0.000493394
-0.000442750
-0.000714423
-0.000335679
-0.000666994
-0.000541934
-0.000541931
-0.000541931
-0.000541933
-0.000548250
-0.000671513
-0.000645232
-0.000160518
-0.000494497
-0.000394735
-0.000426102
-0.000426101
-0.000516443
-0.000516442
-0.000516441
-0.000516442
-0.000596377
-0.000629452
-0.000176370
-0.000351793
-0.000500560
-0.000188917
-0.000368540
-0.000368540
-0.000512392
-0.000512391
-0.000512389
-0.000512390
-0.000348290
-0.000348287
-0.000348287
-0.000348290
-0.000459134
-0.000197564
-0.000370182
-0.000370179
-0.000370179
-0.000370181
-0.000280976
-0.000280979
-0.000427491
-0.000388287
-0.000182947
-0.000434366
-0.000252017
-0.000389394
-0.000389393
-0.000389392
-0.000389393
-0.000205680
-0.000237695
-0.000273835
-0.000283913
-0.000283911
-0.000283910
-0.000283913
-0.000346703
-0.000328027
-0.000313478
-0.000317801
-0.000201648
-0.000201648
-0.000201648
-0.000201647
-0.000114873
-0.000107301
-0.000246768
-0.000175309
-0.000175309
-0.000175309
-0.000175308
-0.000313928
-0.000079349
-0.000284184
-0.000232048
-0.000232047
-0.000232047
-0.000232048
-0.000152407
-0.000262520
-0.000155259
-0.000167710
-0.000167710
-0.000167710
-0.000167710
-0.000160802
-0.000160803
-0.000160803
-0.000160802
-0.000177667
-0.000177667
-0.000278444
-0.000171793
-0.000171792
-0.000272545
-0.000166110
-0.000166110
-0.000060123
-0.000201759
-0.000208129
-0.000208128
-0.000208128
-0.000208128
-0.000198963
-0.000066809
-0.000145349
-0.000167664
-0.000167664
-0.000167664
-0.000167664
-0.000187161
-0.000115513
-0.000133123
-0.000133123
-0.000133123
-0.000133123
-0.000128479
-0.000128478
-0.000128478
-0.000128479
-0.000166358
-0.000195575
-0.000129820
-0.000163743
-0.000163742
-0.000163742
-0.000163743
-0.000139493
-0.000177463
-0.000117185
-0.000117185
-0.000117185
-0.000156820
-0.000051742
-0.000180984
-0.000180983
-0.000180983
-0.000180983
-0.000116034
-0.000116033
-0.000166337
-0.000075280
-0.000102074
-0.000102074
-0.000102074
-0.000102073
-0.000169940
-0.000106054
-0.000106054
-0.000136757
-0.000136757
-0.000136756
-0.000136757
-0.000099016
-0.000137016
-0.000158628
-0.000029202
-0.000129835
-0.000105092
-0.000063547
